3.3737172879831445E-7 1.0005928498900118 
0.012670873351293296 1.000506254683246 
0.026378167956192106 1.000237999466569 
0.03699177799183877 0.9998975283409215 
0.05324745429179141 0.9991663179011449 
0.06726631304490652 0.9983226202534343 
0.08218466182706519 0.9972096254992447 
0.09685802469433068 0.9958932552762327 
0.11201690509267165 0.9942948594277511 
0.12767529174509978 0.9924102671764031 
0.14351738722499183 0.9902423449062989 
0.15917823497364467 0.9878364498539507 
0.17641344814514173 0.9849029244267573 
0.1932928277874442 0.9817251674755376 
0.21060518792963615 0.978158935267173 
0.2280801841225142 0.9742800462411422 
0.24620663686974803 0.969805401430323 
0.2645309177058442 0.9649667677030749 
0.2832456386739814 0.9596917602805002 
0.3021195263861286 0.9539266102399003 
0.32129752240991555 0.9475902422465566 
0.34058861412982333 0.9408814185188336 
0.3606176168838662 0.9333884063492195 
0.38038160256564507 0.9256186486536392 
0.39970544946502373 0.9172755443481363 
0.4204993378739702 0.9081017934609877 
0.4407662321890032 0.8985305024720328 
0.46115245005443883 0.8881450758929916 
0.48157100961766414 0.8772372373000091 
0.5020660360067575 0.8656644736019319 
0.5224897265924854 0.8533878972750436 
0.5432852206570329 0.8404116686799058 
0.5632086532268211 0.8271928441623291 
0.5834237897767522 0.8130741988630868 
0.6032366578941193 0.7984815163682638 
0.6229675269695869 0.7831691069507426 
0.64234459144751 0.7673586504609251 
0.6615289596553564 0.7508905220780864 
0.6802362613845592 0.7339244379823906 
0.6986225477674257 0.7165016170219372 
0.7165201190640285 0.6986043237841073 
0.7339959428747314 0.680232997201603 
0.7508955880887452 0.6614276448985448 
0.7673229604471931 0.6423886479446964 
0.7831220017895109 0.6230373122019373 
0.7984357654296025 0.6032845107703014 
0.8131205390509716 0.5833603895583573 
0.8271633663055729 0.5631168797855629 
0.8406505302579224 0.542932517241167 
0.8534317080478315 0.5224513346557548 
0.8656538850350379 0.5021116229280593 
0.8772116974418984 0.4816215083118499 
0.8881730159843322 0.4611150112213089 
0.8984673114726963 0.4407226206744558 
0.9081404525478984 0.42041849514863766 
0.9172847502702465 0.4002764992981752 
0.925781930037507 0.37998244961587346 
0.9336845845753424 0.3603323826903741 
0.9410090986321784 0.34073901287052644 
0.9478247398202784 0.32128890726983006 
0.9540210325801952 0.3021524781432213 
0.9598175156734698 0.283437760599383 
0.9651119202446167 0.2646283089078554 
0.9698447132427702 0.2463273985701504 
0.9743339994450684 0.22835140971662016 
0.9781312647588979 0.21099249365646378 
0.9817781366242397 0.1933278293970219 
0.9851187866341137 0.17606818592750856 
0.9878804850688552 0.15982142088511622 
0.9903803819635466 0.14356094508904563 
0.9925481065695686 0.127683663669924 
0.9944365518752714 0.11204441633909495 
0.9960118860149998 0.09711604847901484 
0.9973493927040169 0.08217180886495874 
0.9984479881433984 0.06745529284259001 
0.9995020979137386 0.04959445169840012 
0.9999378073294635 0.0396863198096075 
1.00038273003519 0.02618512060555786 
1.0006461528432593 0.01269983575812672 
1.000674976111408 8.891302998515106E-7 
