0.9999997853497422 0.49995732494036327 0.4999887559416753 0.5000041451949091 0.49999738003871524 0.49997630295804224 0.5000023245514744 0.49999198039684173 0.5000158396001847 0.4999920828818609 0.4999907579432747 
0.9919379841429143 0.4999573935094952 0.49998861924200294 0.5000025084187552 0.4999973863614471 0.49997664535501346 0.500005827808965 0.49999235492645305 0.5000150127941836 0.49999205868021873 0.49999075798046166 
0.9832150229269683 0.4999573935094952 0.4999886243817093 0.5000025241849765 0.499998160762277 0.49997664239089906 0.500005827808965 0.49999235492645305 0.5000150127356133 0.49999205868021873 0.4999907757526366 
0.9764586255153962 0.4999573251352913 0.4999887572302135 0.5000025036248443 0.49999733278060815 0.4999766264050259 0.5000023024650468 0.49999235866158587 0.5000150176153328 0.49999208696566577 0.49999074576046276 
0.9661053966214974 0.4999573216627095 0.4999881515824225 0.5000024812079163 0.4999973679655336 0.4999766230097919 0.5000022982227841 0.4999923586614098 0.5000150176154541 0.49999211783677366 0.4999907766155287 
0.9571697217113024 0.49995739397578887 0.49999015025545623 0.5000048686304633 0.49999736614204565 0.4999763178251161 0.5000023296961733 0.4999919946409872 0.5000158810308818 0.4999923997400009 0.4999907733804966 
0.9476515233524405 0.4999573952846733 0.4999887568599432 0.5000041481499935 0.49999737427935986 0.4999763138263609 0.5000023296983799 0.4999919947791502 0.5000158400877859 0.4999924002287493 0.4999907733986749 
0.9382781139565913 0.4999573939240368 0.49998871609243173 0.5000048686304633 0.4999973741028112 0.4999763178251161 0.5000023296961733 0.49999199463587146 0.500015887241474 0.4999923997400009 0.4999907733804966 
0.928579786780684 0.4999573939240368 0.49999018318629074 0.5000048687947846 0.49999830809017265 0.49997632365830597 0.5000023296961733 0.49999240491236197 0.500015887241474 0.4999921176078044 0.49999078135595487 
0.9185451956986532 0.49995739399571215 0.4999887554103137 0.5000041486643318 0.4999972501449807 0.49997601228500604 0.5000023654854844 0.4999919947863557 0.5000149933256551 0.49999212278834915 0.49999073035670893 
0.9083716920455301 0.4999573204148579 0.4999887375684265 0.5000049415137177 0.49999725178414517 0.4999760120947923 0.50000230452248 0.4999919943223414 0.500014306657381 0.4999926810914085 0.49999020602921684 
0.89829050508449 0.4999574596035033 0.49999005186881856 0.5000048333082482 0.49999827306090433 0.49997662148550265 0.500002064994054 0.4999919821127418 0.5000149451103573 0.4999920607308314 0.4999902096705283 
0.8871667214195558 0.49995746032127597 0.49999005193336027 0.5000047460777257 0.49999827306090433 0.4999766277228677 0.500002064217772 0.49999198211281054 0.5000149445247113 0.4999924879101398 0.4999902096705283 
0.8762383561468283 0.4999574780108646 0.4999900447679685 0.5000035561796546 0.4999982738594395 0.49997662136035265 0.5000023555174056 0.4999919821127418 0.5000149445145579 0.49999249367553034 0.4999909066942662 
0.8649918647758726 0.4999573198627847 0.49999021244128794 0.5000035109917896 0.49999819950241275 0.49997662374317503 0.5000023595462212 0.49999213700739176 0.5000149513078845 0.49999249367553034 0.49999091224814846 
0.8536028641419695 0.49995731431113416 0.49998998798751276 0.5000024712300448 0.4999982019241612 0.49997662392479086 0.5000023252515289 0.4999919862900905 0.499978267907628 0.49999355874369944 0.49999092153156444 
0.8417237456319524 0.49995747828346093 0.49999020876930184 0.5000026276795775 0.4999982012799942 0.49997661205803196 0.5000023596261268 0.499992137873149 0.5000147710687285 0.49999248408624225 0.49999090140763364 
0.829664987887058 0.49995732123086395 0.499990209539414 0.4999993081262169 0.4999983155232888 0.4999766235392546 0.5000023601824569 0.49999198185825 0.5000144351273805 0.499992479218195 0.49999122131395296 
0.8172937812753149 0.499957326396656 0.499990208814785 0.500002621234967 0.4999983250259232 0.4999766240313436 0.5000023262316373 0.49999213794508746 0.4999785022659641 0.49999293495762415 0.4999912310196564 
0.8047378519065078 0.4999573214236476 0.4999899846369757 0.5000016579580253 0.4999983154286337 0.4999766237455478 0.5000023312442575 0.4999919817893414 0.4999773469260035 0.49999404734084374 0.49999121928723866 
0.7918871889278126 0.49995732116654706 0.49998995142839436 0.49999930803543985 0.49999831582974746 0.4999762683143169 0.5000038199002865 0.499991981805244 0.5000155806519228 0.49999315075361944 0.4999912333957245 
0.778892301556718 0.49995732141988336 0.49998997840981907 0.4999993102393438 0.4999983250133973 0.4999762630971628 0.5000026396151168 0.4999919817898109 0.49997735302352014 0.49999404797544006 0.49999123163814285 
0.7652866679967987 0.499957321331745 0.49998993895800864 0.49999930647370083 0.499998315484648 0.4999762642826 0.5000026405122651 0.499991981821922 0.49997735310701386 0.4999940182303473 0.49999121925762685 
0.7517762403982018 0.49995748074907104 0.4999883391912224 0.4999993232397413 0.49999831608263334 0.4999763032946129 0.4999781007131407 0.49999198048398524 0.4999773531102061 0.4999927369478928 0.49999123031404213 
0.7383855250763148 0.49995732116654706 0.49998864411500277 0.49999930803543985 0.4999983165701719 0.4999762683143169 0.5000038199002865 0.49999248249549527 0.5000151744789212 0.499993848068171 0.49999122739306634 
0.7239262086429887 0.49995747615161606 0.49998864166566565 0.49999840358936426 0.4999973179080325 0.4999762464447198 0.4999778106792069 0.4999924813128281 0.49997735034352864 0.49999385564085996 0.49998971694962413 
0.7096682939372045 0.49995747088638887 0.4999886820409122 0.5000026207771838 0.49999831155950336 0.49997626460334316 0.49997729229726035 0.49999197874965867 0.49997701167687564 0.49997928283015064 0.49999092200102435 
0.6951140214944495 0.4999574703345274 0.49999000551251743 0.500004281970008 0.49999827736849645 0.4999766263034718 0.49997732875627693 0.49999244842010415 0.49997700984627175 0.49999329989739116 0.4999909169706533 
0.6803870184569245 0.4999574705057614 0.49999000551251743 0.4999995492317347 0.49999833219624945 0.4999766338885478 0.4999773231874019 0.49999244842010415 0.49997701160487046 0.49999331446061385 0.49999092457012445 
0.6654136180416587 0.4999574430276066 0.49999019270329775 0.4999994965206513 0.4999983244054041 0.49997662643062635 0.4999778029997857 0.4999924484155605 0.4999770097884871 0.4999936387063195 0.4999909245311658 
0.6502533576125361 0.4999574406586581 0.4999902318526129 0.5000037631561444 0.4999983230180147 0.499976259553802 0.5000030873735132 0.4999924442742754 0.49997701161185304 0.499993630951149 0.49999092875356854 
0.6346588823543364 0.49995744240038187 0.4999902337434202 0.5000037991097489 0.499998285760754 0.49997662635684526 0.49997781042385947 0.4999924486247236 0.4999770116273315 0.4999936174489671 0.49999092247423216 
0.6194480765710324 0.4999574430107898 0.4999902341406783 0.5000037560091999 0.4999982857620374 0.49997663085307004 0.4999778312756392 0.4999924559127387 0.49997701162492153 0.4999932188220328 0.49999092875382206 
0.6037617521230906 0.49995744835655226 0.4999902337654 0.5000072220541473 0.4999982856051425 0.4999766294238046 0.49997737260111796 0.4999924558944529 0.4999770104835287 0.49999361853837543 0.499990924566308 
0.5881076646889308 0.49995744558426747 0.49998872226444413 0.5000015065536475 0.4999982855670211 0.4999766233720424 0.4999773223747085 0.49999245442453094 0.4999769997970989 0.4999935978164608 0.49999093007901035 
0.5722188912689194 0.4999574424312754 0.4999902063442632 0.5000014123636213 0.49999828586450973 0.4999766146588344 0.4999780619141021 0.4999924588157434 0.4999769757310194 0.49999360359351197 0.49999092245844057 
0.5563088505501302 0.49995744300188966 0.49999023407435167 0.5000014794241281 0.49999829257219114 0.4999766312418374 0.4999778012097658 0.4999924422110193 0.4999770117431603 0.4999936105285428 0.4999909227363074 
0.5402243191345997 0.49995744242082923 0.4999900105995408 0.5000014767025647 0.49999828646400196 0.49997662336841786 0.49997730061061385 0.49999243377344293 0.4999769904111287 0.49999360730712467 0.49999092075901813 
0.5241574723811399 0.49995737828142556 0.4999900105995408 0.5000014571382383 0.49999828187045925 0.49997662339106813 0.4999773276379341 0.4999919712817433 0.5000171507652612 0.49999361122630437 0.49999122906015625 
0.508042801977498 0.4999573784789912 0.49999000094037493 0.5000025121811589 0.4999982727327948 0.49997662334600323 0.4999780715842662 0.4999919882621048 0.4999770005257859 0.49999355510015747 0.4999912346807808 
0.4919406803665914 0.4999573784789913 0.49999005891566184 0.5000024901976678 0.4999983237235781 0.4999766233438026 0.49997808869369076 0.4999919898989385 0.499977000506965 0.4999936064590932 0.4999909245671575 
0.4758100831303121 0.49995737847897703 0.49998999579771225 0.5000045830334424 0.499998285127202 0.4999766282005059 0.49997732217513347 0.49999197876060586 0.49997699064301493 0.4999936071837261 0.4999912328930448 
0.45972518606851936 0.49995737861122697 0.4999901020850062 0.5000014570096368 0.4999983242632654 0.4999766246134277 0.4999780711218873 0.4999923548740434 0.5000154641591499 0.49999355119189987 0.4999909463078677 
0.4437272142530849 0.4999573604358133 0.4999900105056096 0.5000025123176637 0.4999982858564475 0.4999766393976019 0.4999774483300544 0.4999924520596773 0.49997735978457064 0.4999940010162638 0.49999123182226984 
0.4278345065438254 0.49995736020582743 0.49999010321809056 0.500002512770832 0.49999828532050444 0.4999766392944768 0.4999774444424834 0.4999924520599116 0.4999770023678151 0.49999355070452445 0.4999912540195644 
0.4119341691057487 0.499957360276756 0.4999900272485375 0.5000025311797164 0.49999828585362455 0.4999766249560626 0.49997743570084735 0.4999924521912661 0.4999773656357561 0.49999354823910885 0.49999099746895637 
0.3961882926974454 0.4999573593120114 0.4999887476513345 0.5000039022761694 0.49999828254548623 0.49997662425696393 0.4999774655038537 0.49999210142961314 0.49997700221755714 0.49999355067092316 0.4999909893640338 
0.38051421602391156 0.49995735984233036 0.49998878608674535 0.5000024945762653 0.4999983068501756 0.49997663139375353 0.5000065663280331 0.49999244296522133 0.4999769903903169 0.4999925210060297 0.4999897473448979 
0.36507019468140756 0.49995743442639 0.4999887577282919 0.5000038857167108 0.4999982854085851 0.4999766242415829 0.4999774655038537 0.49999247206567976 0.49997700221755714 0.49999355069474616 0.4999910440920918 
0.34971125744417225 0.499957321100159 0.49998878608674535 0.5000025321084892 0.4999983068501756 0.49997662493712025 0.5000061489906208 0.49999212138388455 0.4999769903903169 0.4999925451142496 0.4999897473448979 
0.3346148477112588 0.4999574447567401 0.4999899721028635 0.5000045590999691 0.49999831815373064 0.4999766257191991 0.4999774423974209 0.4999924564544734 0.499976934978649 0.49999354768836435 0.4999896871813059 
0.3196489608767997 0.4999573600605251 0.49999003317999663 0.5000024946288648 0.4999982886450414 0.4999766205582242 0.49997744218773255 0.49999246682807846 0.49997693487795586 0.4999935475492187 0.49999096662787956 
0.30485665070609425 0.49995737405370677 0.4999887467680426 0.5000045725877529 0.49999803547864835 0.4999766245914664 0.49997731502179477 0.4999921269784976 0.49997700816131724 0.49999355744736057 0.49999105884153344 
0.2903245019396849 0.49995737405370677 0.4999887467680426 0.5000045725877529 0.49999803547864835 0.49997653891787736 0.49997731502179477 0.4999921269784976 0.49997700816131724 0.49999355744736057 0.49999105995105503 
0.27601678972600624 0.499957442872951 0.4999887359593997 0.5000039132367039 0.4999980250417999 0.4999766234143475 0.49997733396132454 0.4999924835459502 0.49997699093971215 0.4999935493387087 0.49999120412713166 
0.2619451387205776 0.49995726405040253 0.49998864664246645 0.5000037579573314 0.49999803466894077 0.49997661906535074 0.4999769726601495 0.49999213681930804 0.49997700815734936 0.49997972553361264 0.49999105918133174 
0.24794941230691497 0.49995745563564137 0.49999010626033696 0.5000038946866058 0.49999802506609536 0.4999766234143475 0.49997733396132454 0.4999924835459502 0.49997699093971215 0.4999935493384282 0.49999120442083067 
0.2344761862270046 0.4999572434937093 0.4999901728561723 0.5000037312879253 0.499998030440705 0.49997661351618566 0.4999772928056098 0.49999248422834813 0.4999770081572172 0.4999801238574316 0.49999105689248924 
0.2211700114465568 0.4999574504741621 0.49999023704281753 0.49999934494350434 0.4999983220331959 0.49997631514879415 0.4999766921516147 0.49999213783222474 0.4999770032805985 0.4999807216878801 0.4999912453734923 
0.20805972199306794 0.4999574554048952 0.49999022294642415 0.49999951611964816 0.49999827360530524 0.49997631217241056 0.4999767325526171 0.4999924845083929 0.49997701023075414 0.4999807343058462 0.49999120448280504 
0.19526399607337372 0.4999574506368 0.4999902383321821 0.4999996676156063 0.499998322035504 0.49997663329346387 0.4999773197193805 0.49999242068392025 0.49997700968399894 0.4999933896876909 0.49999124562019953 
0.18280078763009444 0.4999572375808633 0.4999902146007225 0.4999996660876519 0.4999983219464825 0.49997663367663325 0.4999773649710553 0.49999240977542864 0.4999770023914873 0.4999809089348759 0.49999112627214914 
0.1703703506172118 0.49995723880454135 0.4999902335945572 0.4999996394882176 0.49999832203554156 0.4999763152655687 0.49997731909113124 0.49999194510333844 0.4999770097423173 0.4999932273981617 0.4999912456245133 
0.1583445680523014 0.49995724602215336 0.499990239552062 0.5000025238787833 0.49999832164540786 0.49997663069249115 0.5000036196040436 0.4999924015032402 0.49997699124476597 0.49999356824605085 0.4999895464044656 
0.146557311109554 0.4999572375967672 0.49999021435813407 0.49999963738691644 0.49999827321435575 0.49997663301954604 0.4999767026947398 0.49999240292621877 0.4999770035184273 0.4999935607895297 0.49999112219844244 
0.13525273187420125 0.4999574478031693 0.4999900907016393 0.49999960951454203 0.49999832094385105 0.4999766307075901 0.5000038824520359 0.49999240376894977 0.49997700818399854 0.49999356879459955 0.49999079535433455 
0.1237769828031166 0.49995724779225176 0.4999900914662736 0.499999609259614 0.4999982359429514 0.499976629982088 0.5000030878171209 0.49999251187833776 0.49997696131342967 0.499993493044172 0.499990783989989 
0.11259286732917137 0.49995744431626155 0.49999009005967304 0.4999991442308414 0.4999969037603912 0.4999766323196758 0.4999774376674174 0.499992400843356 0.49997700820837737 0.49999520880371884 0.4999895786406579 
0.10210899570605157 0.49995745125329505 0.4999902048253557 0.4999995812589987 0.49999692157651954 0.4999766321754107 0.4999774340545787 0.49999239679352653 0.49997701031065933 0.49999389167347075 0.49999124451318594 
0.09164313570564199 0.4999574483677259 0.49999020681137263 0.49999954835678506 0.49999832267000854 0.49997661958257855 0.49997673278792143 0.4999924008905233 0.49997701031136466 0.4999935597969777 0.499991202910113 
0.08144889769119469 0.49995724785231493 0.4999902265871107 0.4999995319699843 0.4999982409702052 0.49997661758561285 0.49997743801676364 0.4999924934964938 0.4999770081911433 0.49999389382048914 0.4999912028951029 
0.07142751351218211 0.49995725095938387 0.4999900883178082 0.49999955730617845 0.4999982746701642 0.4999766195822409 0.4999774365855806 0.4999924001069334 0.49997701031136454 0.49999354778702976 0.49999120226836513 
0.06187795226586627 0.49995724518434365 0.4999902165191892 0.4999995322121007 0.4999983005314615 0.4999766175905921 0.49997672100353785 0.4999924778791425 0.49997695845084683 0.4999934384466898 0.4999912049536236 
0.05233302474799969 0.49995725096506227 0.49999008809225504 0.4999995336086881 0.4999982742828238 0.49997661763128837 0.4999774365855806 0.4999924001069334 0.49997701031136454 0.4999935550180361 0.4999912021902437 
0.04294486593548804 0.4999574518510733 0.49999021626939294 0.4999995495561804 0.4999982741137754 0.49997661962053414 0.4999774292105492 0.49999248065691054 0.4999770102534312 0.49999389628527 0.49999113930845507 
0.031562650479519436 0.4999574480563289 0.4999902165125591 0.499999531711852 0.49999830054399436 0.49997661754930817 0.49997671191401 0.49999247780276745 0.4999770120483498 0.49999342913654804 0.49999114071844075 
0.025253413125355582 0.49995745015379045 0.49999021624806983 0.49999953202910935 0.49999830054415983 0.49997661770928137 0.49997744857955806 0.49999247781432354 0.49997701088779756 0.4999934347497585 0.4999911412139294 
0.01665978381944976 0.4999574480533984 0.4999901728167271 0.499999531711852 0.49999827282109055 0.49997661754930817 0.49997671191401 0.4999923999746617 0.49997774307525455 0.4999935385840403 0.49999113934031136 
0.00807931201862686 0.49995744987204394 0.49999021445757574 0.5000031049399449 0.49999831121787036 0.4999766195822156 0.49997746415587185 0.4999923980903585 0.49997700951968 0.4999935388228029 0.4999911412134181 
5.656561247249781E-7 0.4999573200629244 0.49999023280175425 0.5000035788391308 0.4999983043093707 0.49997662069654425 0.4999769767305125 0.4999921349740132 0.5000150469001298 0.4999935447994949 0.4999911411105498 
