1.0448092115349777E-7 1.0016470068951027 
0.010158890882942489 0.9911499601115797 
0.020223730055234104 0.980926083096703 
0.030228381180472025 0.9708626259807951 
0.040337989267857866 0.9605383287175272 
0.05048315388564273 0.9502699578581111 
0.060447508451148935 0.9401883224240457 
0.07064085513073025 0.9298902474647031 
0.08066325553849704 0.9198789420032482 
0.09072045208887378 0.9098796314095148 
0.10083893627759707 0.8997351367759554 
0.11099467315741664 0.8896948023173606 
0.12115720997524468 0.8792824363501883 
0.13111050811837072 0.8695041439059416 
0.14137022310966624 0.8594404900261512 
0.14740111821494745 0.8537273905279821 
0.16374793365798396 0.8535390940058543 
0.16477304574517365 0.8535284283622803 
0.21436557840072756 0.8523502086119049 
0.2229025241318029 0.8519480987320147 
0.23841917048080935 0.8504669663487633 
0.28356391501096945 0.8422739990872639 
0.29885157113811167 0.8371458229456086 
0.3048060994036045 0.8342938485912638 
0.3245068553956167 0.8234940997688398 
0.34067297530319873 0.8155810670114231 
0.3466293515008363 0.8026080319811497 
0.3581357495170247 0.7857094760184872 
0.3660281517262532 0.7689036104403683 
0.37345309841135665 0.745253938352511 
0.37803109673546864 0.7201861306284737 
0.38034845202146034 0.6948824711119461 
0.3817472365365401 0.6649208832782026 
0.3821454005563054 0.6260534406208452 
0.38362585305139274 0.6170829425208005 
0.3935500144633432 0.6072179370836318 
0.40388268489626866 0.597276518931346 
0.4136676136767868 0.5872648021418324 
0.4241136547160342 0.5766280144295399 
0.4341522186274084 0.5665844026554224 
0.4440637531370326 0.5567290380677798 
0.45406931538120154 0.546706197825278 
0.4640269084992152 0.5367527796460241 
0.47441785263836395 0.5263867921773187 
0.48445041846078696 0.5163788587747318 
0.4943334566276133 0.5065002519263012 
0.5045023839025774 0.4962988519388655 
0.5147929848688365 0.48611505603617144 
0.5247088083608081 0.4761096260708089 
0.5348627449936072 0.4659146978443458 
0.5448849369997955 0.4559212047841379 
0.5550416958175995 0.44585529772271826 
0.565351861875875 0.435555928017904 
0.5750727626024469 0.4257050685213986 
0.585566118602011 0.41522039996152565 
0.5953139387315151 0.40540548336655113 
0.6054353060083573 0.3952197962013262 
0.615623644806414 0.385325966902042 
0.6249993737594551 0.3821560397400151 
0.6969442604623968 0.3803984159360894 
0.7133042186738014 0.37866718595972904 
0.7468778960038702 0.37290487082364226 
0.7625150140166082 0.3683418732290416 
0.7797362221966501 0.36109911382000337 
0.8048616782521731 0.3553592904128629 
0.8122370588330242 0.33790051554058115 
0.8219360818186331 0.32734400106071765 
0.8301003807084315 0.3131338310113649 
0.8365125554660202 0.299746865252489 
0.844306643683399 0.2765335495163197 
0.8448407437156524 0.2724799719966507 
0.8494019244142104 0.2501087116424374 
0.8500599061062328 0.24393448582659857 
0.851322366775339 0.23059175793306214 
0.8527145850989284 0.2105087793363878 
0.8527938966669554 0.20456462114300045 
0.8534265586909635 0.1789129510936392 
0.8536174010534364 0.15665255592103797 
0.8575893429690292 0.14304333086081822 
0.8681825719410164 0.13249712308093545 
0.8778188834097165 0.1227682979023184 
0.8874763333060827 0.11318502073271546 
0.8973088063462052 0.1032720501977909 
0.9080942708218278 0.09261547955793661 
0.9178221161499052 0.08261041479702588 
0.9279153470112862 0.07257004226333369 
0.9384843453068374 0.06202306671701847 
0.9483541192854054 0.05255416240879783 
0.9595324578537555 0.041851560127457756 
0.9691779586874646 0.03196829318857044 
0.9791914249143951 0.02181580381581138 
0.9894401923580132 0.01192365322857852 
0.9999186406516484 0.001385953446940605 
