1.0448092115349777E-7 0.7561734956178838 0.9216461303713999 0.8333117150548266 0.875642277771044 0.8565655567314918 0.8703522047240089 0.8732323938730447 0.8595392291869762 0.8745289636357558 0.8544179569315463 0.8829938249845497 0.8468608900427358 0.886386411947666 0.8503505258083677 
0.010158890882942489 0.7700309868714876 0.9209411323336688 0.8341165818075856 0.8754751176888443 0.8647937533418792 0.862561597191763 0.8733464988692671 0.8595670057523283 0.8746510880452143 0.8543766147143936 0.8807203564006121 0.8528941165082504 0.8823951956667548 0.8504500939451862 
0.020223730055234104 0.7732607499401248 0.9216422400661537 0.8330978965639859 0.8754104445114413 0.8647248734813837 0.8623429957356387 0.8732911880265918 0.8595059855378446 0.8747515486181386 0.8544409624180451 0.8829938669426269 0.8468799292864677 0.8824902677065961 0.8518399560896134 
0.030228381180472025 0.7904627933310389 0.9096100087543212 0.8409103496969452 0.8754102646670094 0.865157178847041 0.8623602695704148 0.8724967169899086 0.8595489689252186 0.874637535531128 0.8524273225311291 0.8828332765342085 0.8527908858651174 0.8811534924060883 0.8505321681189983 
0.040337989267857866 0.7930599956108302 0.9053249694899805 0.8331877427450474 0.8856455901800674 0.8557040611316572 0.8644032806408919 0.8731301216933246 0.8598416839514461 0.8747792730208488 0.8544551864080085 0.8807153439420438 0.8467567066696737 0.8854402530342969 0.8504008481710368 
0.05048315388564273 0.8023411840541793 0.9050611847167735 0.8330959107010184 0.8858194393901171 0.855903193697956 0.8623197409849542 0.8725023986707711 0.8595071795483733 0.8748142689051265 0.8525429214414946 0.8829849671234695 0.8501385562801603 0.8824895584237679 0.8503748621021235 
0.060447508451148935 0.8083582258581512 0.9018943987968799 0.8402457687437084 0.8752089100823637 0.8650744278509239 0.8623602699020333 0.8733551026196742 0.8595383609617614 0.8746383803750278 0.8524424886555175 0.880693487370907 0.8524797215866136 0.8810985729827262 0.8503890831501918 
0.07064085513073025 0.8191889618956002 0.8928148441046234 0.8476697172593836 0.8752119783162776 0.8650744049265994 0.8623593848490085 0.8724816279208031 0.8596160058644069 0.8746390002562394 0.8524427740995613 0.880688602048375 0.852496711424222 0.8810985674389911 0.8518686654730622 
0.08066325553849704 0.8280080358442441 0.8938967370033438 0.847644901316657 0.8752092075390128 0.8664002305676662 0.8623647909619013 0.873332970761999 0.859570934754673 0.8747740921298357 0.8525460128049007 0.8806974423123842 0.8528221710339455 0.8810667065735996 0.8504489408278162 
0.09072045208887378 0.8280265171264731 0.8938977793308913 0.8476666634404273 0.8723572871571695 0.8663972968306082 0.8625614612118556 0.8733335643632598 0.8595720795698691 0.8747742645245709 0.8543763107900834 0.8807522848656052 0.8473181680148016 0.8811005804195817 0.8504489041062838 
0.10083893627759707 0.8424452069885644 0.876880249953495 0.8559074482629594 0.8754724463223734 0.866336919772104 0.8623536405015718 0.8704519566954282 0.8598651925202245 0.8746265988732695 0.8541961283395291 0.8829608554818773 0.8470693002920502 0.8812365850020745 0.8526352464551039 
0.11099467315741664 0.8424710209885539 0.8770611257673704 0.8559073815243474 0.8754574024352989 0.8663411393389271 0.8595978405393983 0.8704622772419386 0.8595127945187478 0.8746269021966574 0.8541916628278358 0.8829586742442952 0.8525838671588832 0.8812362260466859 0.8505733474837448 
0.12115720997524468 0.8577387575573104 0.8768967771922453 0.8559059157841021 0.8754573829269131 0.8663411393304117 0.8623546109923894 0.8704514529569459 0.8595006166397117 0.8746348988815597 0.854189066136714 0.8760628344254257 0.8526809204994006 0.8786166620119149 0.8526599270872371 
0.13111050811837072 0.8589804261423323 0.8768803316116397 0.8559055866566692 0.875461762426476 0.8661542321988622 0.8623570255484988 0.8732893793684999 0.8594929366045729 0.8747725341220162 0.8526016729184582 0.8832269104573394 0.8526321701195163 0.8810200539133105 0.8526565745460369 
0.14137022310966624 0.8591221924984933 0.8708613610742924 0.8587892902588696 0.8754682370892091 0.8663811038535418 0.8596003017554749 0.8732945318629756 0.8594918351537828 0.8746268206906982 0.8542079743285543 0.8807907531204303 0.8526321701195163 0.8812394841776388 0.8529103900713209 
0.14740111821494745 0.8589804261423323 0.8768835349484281 0.8559075338632526 0.8754750143150641 0.8663433960865542 0.8629128467884991 0.8706055061602558 0.8599523631397009 0.874502506996266 0.8525946356230365 0.8829566288552356 0.8526321701195163 0.8812370185289427 0.8505718764844592 
0.16374793365798396 0.8721491224114116 0.8181363543762794 0.8445303188094021 0.8598372744413508 0.8576899200740135 0.8629047597982542 0.8399346939505306 0.8479164343993071 0.8745568117000445 0.854445893812656 0.8844882671569888 0.8524573212038037 0.8942790840091902 0.8284114591537777 
0.16477304574517365 0.8757848849989933 0.8180462749426582 0.8445930071138656 0.8597283070401741 0.8576592005359649 0.8608905022256852 0.840584184833636 0.8479164343993071 0.8675898514885001 0.8308829006444431 0.8908042101699484 0.8346423737000401 0.8942774445184416 0.8407312997735239 
0.21436557840072756 0.8233103142999078 0.8276074000551453 0.8286444546500423 0.8750049089203891 0.8668632317894976 0.8043940007151824 0.8585258870380709 0.7911207271877954 0.8685588378920904 0.8559698218879576 0.8878965120228101 0.8355705473721975 0.8941960693566338 0.8435957658316721 
0.2229025241318029 0.8928919366213443 0.8189763447218698 0.787565916702465 0.8597475936984466 0.8525384653261163 0.8778307242302187 0.8424892042086821 0.8516716562152816 0.8674437178882063 0.8308394201824683 0.8886127312028312 0.8717041801276514 0.8943255726297693 0.9705988035259703 
0.23841917048080935 0.9127282860811199 0.8352070589382535 0.8615658695698303 0.8703264069531984 0.8570630170191225 0.886728625633927 0.8383534579360643 0.8848332738017006 0.8675323141340602 0.8515175286039462 0.8879354285284847 0.6598203163012905 0.8942107088667763 0.8404234038645367 
0.28356391501096945 0.9353438594345206 0.7826947590664898 0.8251982816788351 0.8765178554863208 0.8869463668294097 0.8068126162690155 0.9401322752223505 0.9857499720257981 0.8689382544539759 0.8586165214544538 0.8528503015122529 0.8971243327300326 0.8109872583427489 0.8433259477869895 
0.29885157113811167 0.9340107776686036 0.7902676268969075 0.8608119790170934 0.8655721494267391 0.7918274257213229 0.8876490328192251 0.9559400500009442 0.613549794913547 0.8699306551088867 0.847698410713812 0.8910517129100215 0.8320127952505789 0.8965793824858787 0.8398661085363754 
0.3048060994036045 0.9752855520420419 0.7840150401510322 0.8752828081199933 0.8752211190361262 0.7006512450011751 0.8887112685312313 0.7510078994347903 0.9969598922490891 0.8610733175836343 0.9279772647655612 0.8900577494086408 0.793940338145301 0.8956920882640994 0.8369339929553745 
0.3245068553956167 0.9985899925767295 0.7839880121797306 0.8886390488011223 0.8752181005613245 0.7006726926483086 0.9035168698931484 0.8633824333889303 0.9969473866404113 0.8636863241998018 0.9293024957329626 0.8900828283504408 0.88356096573864 0.8970174090383362 0.8367389574681439 
0.34067297530319873 0.9908108760060385 0.7597843909768283 0.8752827208312959 0.8675429667759096 0.6926418088808776 0.8743645240042518 0.8794297673235573 0.991941759420809 0.8739968474844697 0.8512429462578437 0.89005774816591 0.7855454383591902 0.8956921402027643 0.8376366513140984 
0.3466293515008363 0.9752855520420419 0.7581667249601626 0.8752828081199933 0.8752208542806582 0.6930182659385866 0.8742940482619849 0.7507229444848011 0.9919666904143946 0.8616375298602296 0.9293129282341571 0.8900577481659011 0.8272356469560617 0.895691799574343 0.8369339929553745 
0.3581357495170247 0.9296015689912662 0.7839926481185239 0.8813124920439677 0.8751363992494336 0.6931583492002268 0.8883539612447591 0.8656886514926605 0.9969598922490891 0.8294014938179562 0.9293263113851398 0.8900586112698591 0.793940338145301 0.8956819153611676 0.8369339929553745 
0.3660281517262532 0.7818600241773966 0.9111276295591172 0.8394013689896391 0.8805754784452106 0.8593068432803217 0.8660230071640098 0.8783708300870172 0.9869677506341151 0.8606927112803805 0.8518697996770374 0.8842662180064412 0.8481512713906616 0.8851531287338286 0.8436222858843546 
0.37345309841135665 0.9446801348865351 0.7353586602715734 0.8747646072959148 0.9132989764812489 0.6930670494469948 0.8748294988589651 0.8714447010707655 0.9699873647529266 0.861630535150081 0.8519934944776033 0.884514922375148 0.8476992545165104 0.895691799574343 0.836856909037768 
0.37803109673546864 0.9691508653653061 0.7719671120096925 0.8003379604068953 0.8368622487087771 0.7418638502968252 0.8606239368081992 0.8692102840317312 0.8626182704504082 0.8740616548758319 0.8517170142561434 0.8841392604479523 0.848915914878955 0.8785227995051017 0.8514806452554788 
0.38034845202146034 0.9782591101236559 0.8009697149164102 0.9107714194788037 0.9152509079919396 0.8592750456634695 0.8741504037742948 0.8681999460430806 0.9907730701242539 0.8620064872244775 0.8916978464103154 0.8844572766071929 0.8477544938248744 0.8766464441829248 0.853907488190623 
0.3817472365365401 0.9551158947757578 0.9338023451304983 0.8003239321399964 0.8639265985466417 0.8766632035762463 0.860620593425014 0.8692006647187707 0.8626182493261076 0.8740616548758319 0.8518389129085577 0.8846719780278364 0.848965253407137 0.878521369826788 0.8536286136407121 
0.3821454005563054 0.9732950184292205 0.77192437867558 0.9088517389640024 0.8857871515630749 0.8592847402086888 0.860338651004313 0.8788334979224746 0.8648566737726759 0.8606105013892807 0.851908384432294 0.8844968664124194 0.8476153837051852 0.8851574734812478 0.8538628860527093 
0.38362585305139274 0.9908333051500036 0.7616521773572912 0.9240326041896192 0.8239654343436739 0.8841588423653479 0.8577187879522014 0.8694098494325918 0.8595295786400183 0.8739595683952195 0.8529948383727108 0.878812566110831 0.854217077203382 0.8776874503641382 0.8571214768400518 
0.3935500144633432 0.9908159495215529 0.7621464101774594 0.923988428650691 0.8247073413117518 0.8841477627469484 0.8577203302165192 0.8694434633189418 0.8595353107100777 0.8743852811892707 0.8531116106293087 0.8830048776874263 0.8488810307013062 0.8776164558521687 0.8570563497113651 
0.40388268489626866 0.9924654868062466 0.7617011703705306 0.9235602652945479 0.8375014697386425 0.8843667351850623 0.8575655107176232 0.8694272467864165 0.8631749551769692 0.8740688588264115 0.8534851635757867 0.882983784379039 0.8491725984878963 0.8815195947883989 0.853981043949036 
0.4136676136767868 0.992933127716741 0.7617011406404474 0.9239704873866044 0.8301686164477666 0.8841573302055721 0.857552280054612 0.8694268282278335 0.8623351147128449 0.8739690935464882 0.8534991792690565 0.8829837024789415 0.8491136052161996 0.8851203660381081 0.8539882190031142 
0.4241136547160342 0.9910120747113615 0.7616853175432873 0.9239692167177376 0.8303519662512338 0.8841573195781897 0.857552280054612 0.8694272420070402 0.862238724331687 0.8743766204345639 0.8535044529777913 0.8787930560544162 0.8534751639769397 0.877906054625941 0.8539888414534148 
0.4341522186274084 0.9912754675762436 0.7617075086345548 0.924020573955481 0.8240245307007014 0.8841573302055721 0.8576027277639297 0.8694268282278335 0.8623206100114134 0.8739755486301299 0.8554071096666204 0.8788736297137096 0.8522498079991446 0.8760487725260162 0.8539882190031142 
0.4440637531370326 0.9943259636124375 0.7621385478887688 0.9240287979914621 0.8245963708532228 0.884157003911149 0.8577084478301613 0.8697603502921988 0.859664138785216 0.8744426274779367 0.8529991057840443 0.8789710355761937 0.8528328043690342 0.8812829779859325 0.8540147885880848 
0.45406931538120154 0.9943140668455575 0.7621383077921022 0.9240194778536379 0.8245965341541149 0.8841559806905561 0.8578182446169488 0.8695962725307608 0.8596571597826204 0.8743839573084196 0.8533900596589271 0.8790001792273389 0.8539335062034867 0.8794720984958756 0.8541719319333481 
0.4640269084992152 0.9943234978543937 0.76213854732037 0.9240209660039705 0.8239000476610874 0.8840491722098335 0.8537554834853076 0.8697729360525741 0.8596639753470673 0.8728733575998411 0.8554220536287297 0.878936557458885 0.8522476929712075 0.8761523863148407 0.8541435661780388 
0.47441785263836395 0.9943341214158938 0.7617031670739167 0.9241316493955988 0.8246122799226231 0.8841587978984113 0.8576017734992673 0.8694107625359944 0.85927072434948 0.8743850447289534 0.8533918099706715 0.8788734892541596 0.852383445154303 0.8799093659988514 0.853986543493745 
0.48445041846078696 0.9943342741247777 0.7621594035519922 0.9241316493955988 0.8246122799226231 0.8841538832098538 0.8580263158782687 0.8694107598197328 0.85927072434948 0.8743850447289534 0.8532529817267881 0.8797581898272206 0.8523831658541021 0.8799145314452868 0.8542121806672446 
0.4943334566276133 0.9943141615731175 0.7616620765802431 0.9241159220299914 0.8240338366874466 0.8840308207447309 0.8537601993145505 0.8697088391934715 0.8644833109924571 0.8743372463972823 0.8529875635188252 0.8788810156959681 0.854168392471148 0.877614065975844 0.8556405427210784 
0.5045023839025774 0.9943144540596326 0.7621599152483136 0.9241172394687747 0.8253039537765686 0.8842541682186343 0.8537471028246947 0.869780062162653 0.8644833022835412 0.8737330830618963 0.8552665300117775 0.8789449117052622 0.8523390922144781 0.8761573291749519 0.8556202862287656 
0.5147929848688365 0.9944099992704792 0.7616377194085276 0.9241563830683343 0.8300399076800772 0.8837921657020116 0.8537466941345043 0.8694416803752872 0.8644836832319336 0.8736974939997222 0.853070439894953 0.8825568293132471 0.8538069315103723 0.8759519355025064 0.859652896665108 
0.5247088083608081 0.994316363045427 0.7616520883801323 0.9235480856018133 0.8240247466779095 0.8840220566218285 0.8537667206749545 0.8694361242273725 0.8644830106135357 0.8743485610142184 0.8530704509595568 0.8789175340658729 0.853835422769205 0.8758875153647796 0.8596572695955272 
0.5348627449936072 0.9943163454618349 0.761509916855414 0.924116798306339 0.8241716413547652 0.884283512526714 0.8536781690221777 0.8697760476510448 0.8644880908802289 0.8742553482441912 0.8530708618646556 0.8788774829597505 0.853811259926297 0.8759328344146479 0.8596089217703045 
0.5448849369997955 0.9943163844670734 0.7615603206652877 0.9234878359556276 0.8299447165822221 0.8838154774882643 0.8537605342977121 0.8694009555542211 0.8644880871733683 0.872714408347415 0.8530023871096002 0.8788778433306993 0.8538262614724182 0.8759326979522836 0.8596075569844633 
0.5550416958175995 0.9988482997118667 0.7621860321192099 0.924114328606043 0.8241284165862001 0.8842753229230738 0.8537605342977121 0.8697837746348268 0.8595217058341799 0.8728999545782938 0.8521493963281219 0.8787906938886838 0.8542409380306107 0.8759326979522836 0.8567749629356284 
0.565351861875875 0.9879652733667006 0.7629758177685099 0.9241283040784697 0.8299401687462619 0.8841452932043896 0.853764969097729 0.8694243071045618 0.8644795449670969 0.8727774556936132 0.8530005440412304 0.8832407346066292 0.8538121084107189 0.876080724232254 0.8554210850097382 
0.5750727626024469 0.9937398465714381 0.7621915591384171 0.9230700462451246 0.8299288471503903 0.884163449090963 0.8578114597439912 0.8694243071514776 0.864590262280223 0.8727749793242169 0.8530004038722891 0.8787917488060693 0.8537740217549833 0.8760437213612957 0.8567911447727483 
0.585566118602011 0.9879741202006244 0.7621960915934934 0.9230903798384462 0.8299401392436738 0.8841607955687162 0.8535512457098845 0.8694239456821558 0.859425105065419 0.8727982495118957 0.851024254315256 0.8789953537963104 0.8540999177990696 0.876070336585745 0.8553396934977093 
0.5953139387315151 0.989596525469723 0.7620614428516874 0.9216714922279127 0.8299077489250013 0.8841554450511988 0.8535813870692177 0.8694017691072345 0.864591296873855 0.8727867207493104 0.852880943569045 0.879011126553247 0.8542315388784963 0.876043732522186 0.8596720907321516 
0.6054353060083573 0.9879625965536123 0.7621915591384171 0.9230668894684868 0.8299276431283695 0.8841461050880864 0.8536560001852525 0.8694246878723413 0.8595241321092029 0.8741640837634123 0.852754569498604 0.8788015080788583 0.8542266338300598 0.8760429654242345 0.8596304463383508 
0.615623644806414 0.9897228813178592 0.7600134296941695 0.9222373425486555 0.8299044070188141 0.8842282683640982 0.8535516337433945 0.869401684503551 0.8641676645378066 0.8676604100722695 0.8509862067364284 0.8790083543720694 0.8523011834501274 0.8759163649545373 0.8596484323182969 
0.6249993737594551 0.9746653358488657 0.7852859280742744 0.9076655909584007 0.8296446545322015 0.8668476183045284 0.8314450269052205 0.8598934918088695 0.8739055120095578 0.8677070533336958 0.8499952114807193 0.8804537697944592 0.838986008988682 0.884403611931608 0.8502651012421178 
0.6969442604623968 0.9617167696737388 0.7602671329260674 0.9080014525309344 0.7755241283275611 0.866352821036184 0.8571971438863106 0.9062569163212975 0.9485479870697636 0.8402279996020938 0.8509963589943887 0.882916641750609 0.8643358456241278 0.7716485508337051 0.8596020020595193 
0.7133042186738014 0.7821322661866175 0.7961127856766235 0.9079972566309431 0.839143828415098 0.8862724556371682 0.865470470736946 0.8588083855167148 0.8566922293978876 0.8684807498726356 0.8509251651753904 0.8794357496162131 0.8514345390139475 0.8844088046042187 0.850247357266111 
0.7468778960038702 0.8701813571470244 0.9635000506790085 0.6684996583717548 0.8862400360516244 0.7402799815699279 0.8617682757557176 0.877606208895461 0.8566532072847224 0.8731753373946856 0.8296306817928731 0.9551948520251744 0.7904238419096523 0.9065348753055568 0.8501314469473721 
0.7625150140166082 0.9747700396215718 0.9486808324802602 0.6610564038934132 0.8876596986474844 0.8680446875182843 0.8376203794206551 0.8768395994907052 0.8583462824035776 0.8728727981191747 0.8298134463083673 0.8830587678354708 0.7968127594109683 0.8750969828908839 0.850273844058557 
0.7797362221966501 0.921313366638416 0.9434797295973849 0.6700533354998838 0.8862590087723612 0.7336376785493071 0.8623282283887662 0.8720927644279796 0.856687325797894 0.9556632902050473 0.7981671897359834 0.9551209622646164 0.7995536731636236 0.8757281912167411 0.8500216559873218 
0.8048616782521731 0.9032402192204678 0.9635474833937714 0.6698604201735217 0.8439585971279897 0.7316896416510318 0.9538609279445485 0.8772260004775959 0.8552308687511836 0.8739778543282992 0.8296306817928731 0.8864998777649513 0.7970495434601887 0.8751765747829321 0.8509746164307117 
0.8122370588330242 0.9218324286352771 0.9435037625867067 0.9398372709608952 0.8862483375537383 0.7334563648596696 0.8623282283887662 0.8768488126998369 0.8743257344217854 0.8682984194580474 0.8296259172243092 0.9760664583390498 0.8471396494548872 0.8845315151850819 0.8496759803602331 
0.8219360818186331 0.9229043080580661 0.9434789677804274 0.6748303058662837 0.8862589920056795 0.731157717078333 0.8623466135658087 0.873124718979887 0.8654310133118535 0.9162171301679222 0.8296303710871981 0.9465829850319094 0.7969179216407399 0.9578799659763343 0.8704978354815363 
0.8301003807084315 0.902402605919552 0.9434649756786807 0.6743906330864742 0.8862705123931864 0.733531902732938 0.8184493936622432 0.8778424576547058 0.8594564890477664 0.9163484908076502 0.8292028912278206 0.9463614817248596 0.7975546207618551 0.8750916979678524 0.8502908967353335 
0.8365125554660202 0.9222899098946574 0.9434885869934534 0.7288954154450397 0.8431297572633631 0.7308678815261584 0.8576678317548224 0.8772461154530985 0.8566120590689232 0.874218569808528 0.8303795133352426 0.9413403883157386 0.8388752629842849 0.8750969828908839 0.8655012044597624 
0.844306643683399 0.7751663885333795 0.9434785801099518 0.6743897948186147 0.8865808191311209 0.7335497690939948 0.870033282543807 0.8779409811956495 0.8594671975658614 0.86876712297591 0.8293125249281903 0.9463609620121334 0.7969685846945558 0.8753340611917777 0.8502859537499925 
0.8448407437156524 0.8365787640221193 0.9339874444366089 0.7482703879980525 0.8879741562260575 0.7451272781542013 0.8664933309843552 0.9077835171738737 0.9740800608577008 0.8708383299347103 0.8526122613144642 0.8936604741223897 0.8508875934587109 0.8996859592553592 0.8357146236787686 
0.8494019244142104 0.9051991269716425 0.9843861290054273 0.6735894361475838 0.9426439920665711 0.8664857913666071 0.8635713548086971 0.8658369252299108 0.8758982764187502 0.9487535934796739 0.8259245514519188 0.8857190911010889 0.8408671754506694 0.9035737250728769 0.9031236984604734 
0.8500599061062328 0.907745399098003 0.9333057886357079 0.7485267136759826 0.8679512173117057 0.866808941778223 0.8565586562609059 0.8659815742692812 0.9451669791573274 0.8687158314491631 0.7499720751470362 0.8859845112001533 0.8408671754506694 0.9030332009310472 0.8503024857973926 
0.851322366775339 0.9077672690250795 0.9333058034477182 0.740906213126666 0.8635828437551016 0.8513289595519805 0.8647433233256872 0.8655932017420684 0.8713019642961626 0.8692563095856606 0.74997837757826 0.8857535798597215 0.8409071500820376 0.8799835989953088 0.9068566277322007 
0.8527145850989284 0.8148002499941835 0.9287127857617895 0.7474403625149664 0.8686137907417564 0.8503877534912175 0.8573775867236566 0.8547646423942225 0.9386185447739012 0.8687158314431604 0.8580015129593339 0.841968953135659 0.7967834918976977 0.9032067219301676 0.853661577601262 
0.8527938966669554 0.9053141390011685 0.9333133472856249 0.7474403625149664 0.8683713220590223 0.8519430468508117 0.85737784989767 0.8658469052131565 0.8591812915232041 0.8687158314432959 0.8580008394358078 0.8425545220589261 0.7967834918976977 0.9032065584411125 0.8504224689418795 
0.8534265586909635 0.8700620306826685 0.86664652458119 0.8581982195943043 0.8684316793355259 0.8792364876154469 0.8166500843799461 0.8658954598520636 0.865863503201066 0.8685155362886776 0.8175540235632641 0.8151675472925373 0.8424727236476812 0.8838060907519227 0.8752937026941032 
0.8536174010534364 0.8307632134712123 0.8684978437725206 0.8588513721661125 0.8684445218830718 0.8617378964251561 0.8669498054378151 0.865556403802633 0.8658724789487992 0.8746621613756266 0.8539201340834546 0.8712130581505293 0.8425032726179918 0.8378723425199505 0.8743765266141512 
0.8575893429690292 0.8712555148602297 0.8656991073763773 0.8587862804693138 0.8691848872654306 0.8687251603568024 0.8572867106485045 0.8765690937042707 0.8595532823004151 0.8746499946239775 0.8548259868493612 0.8795180452083764 0.8495793184789044 0.8838172607650446 0.8499856754361661 
0.8681825719410164 0.8712425162247045 0.8684978120109805 0.8588520179388266 0.8692324020407501 0.8621312580851402 0.8661882307114516 0.8655794419327105 0.8658525898607 0.8745669848668932 0.857453912104324 0.8791677808938448 0.8495351009038855 0.8837976816208787 0.8501333552332349 
0.8778188834097165 0.8571302708378248 0.8684978437725206 0.8588520241794547 0.8676472152059589 0.8620390157670746 0.8659919459171962 0.8655683149835225 0.8659299074164079 0.8745669848668932 0.8530660203403102 0.8791658470383019 0.8495357815291854 0.8837934243530837 0.8497571954203602 
0.8874763333060827 0.8571302708378248 0.8684978437725206 0.8588513721661125 0.8692324020407501 0.8621312580851402 0.8661923935194298 0.8655794419327105 0.8659299074164079 0.8745669848668932 0.8530660203403102 0.8791677808938448 0.8495050230041495 0.883793606263678 0.8497510507200627 
0.8973088063462052 0.8350939023448787 0.8884828707954509 0.8453760591828011 0.87881454279771 0.8559823311615358 0.8772241006536324 0.8590861077063299 0.8659438056877488 0.8691109446462678 0.8568297262165671 0.8792027119246978 0.8519717406918538 0.8838996559866685 0.8518754351365764 
0.9080942708218278 0.8219099829511136 0.8965716198175135 0.8452034762452116 0.8805378321138461 0.8560861138691966 0.8673004720725368 0.8660858122603211 0.8660886513294251 0.8725627399967065 0.8559884340134101 0.8795047095170132 0.8518930839024258 0.8834178001103158 0.8533258313446501 
0.9178221161499052 0.8222084599942583 0.8965716198175135 0.8453966083411499 0.8771737803993126 0.8560909986883992 0.8713673122569155 0.8607712329301968 0.8660886513294251 0.8721855872540111 0.8559884340134101 0.8792037282220991 0.8519303483786398 0.8746390354273516 0.8533258313446501 
0.9279153470112862 0.8219653983532594 0.8965716262585831 0.8454118301788468 0.8802191832512676 0.8560866019478972 0.8695903468414999 0.860831139252949 0.8660653823409971 0.8723111650832686 0.8559953063627985 0.8792036797094347 0.851938873503864 0.8834168490759643 0.8532900014299061 
0.9384843453068374 0.8125275468271647 0.896570977326028 0.8453985841343089 0.8802966644865389 0.8560029026825966 0.869650145559093 0.865075152831035 0.8660640258029931 0.8706859892523933 0.8559953063627985 0.8793200668952081 0.8519837302466287 0.8833833396917183 0.8518629247437328 
0.9483541192854054 0.8013720460937283 0.8965723868887843 0.8453921492225501 0.8804236808629934 0.8504524521828385 0.869650224668484 0.8607366327787168 0.8660657531217905 0.8730168334721348 0.8559946368008556 0.8793326119261523 0.8519845682009055 0.8833873343418984 0.8518624840817381 
0.9595324578537555 0.7760860621628799 0.9131802489983526 0.8409855494994911 0.8765789449569317 0.8560979215137081 0.8672654035162083 0.8651083808121377 0.8661952358622187 0.8707738569367389 0.8553234121377781 0.8792110751956268 0.8530083178641885 0.8839134408709484 0.8515911486555617 
0.9691779586874646 0.7760398609632619 0.917589637026524 0.8409577724630297 0.8765588033858027 0.8560538934062815 0.8671914006795353 0.8650599953135033 0.866195323540407 0.8722386500322629 0.8552916749399592 0.8792057131789262 0.8529825336603953 0.8839270456891938 0.8515959097796816 
0.9791914249143951 0.776252499663917 0.913395549656693 0.8338400954900427 0.8771836632695681 0.8562380626743991 0.8666183848874512 0.865108214561975 0.8660772201939737 0.8687689469610311 0.8552727613645795 0.8792122141131306 0.8523880109267644 0.8812339376877855 0.8515910348338473 
0.9894401923580132 0.7752053089615397 0.9176265924975683 0.8337147998090226 0.87718374692139 0.8560614610604114 0.8672815313485953 0.8651082125292298 0.8660932421582029 0.8707674157045574 0.8553021271497928 0.8791383750349111 0.8518711598210978 0.8839456284811724 0.8515959087377196 
0.9999186406516484 0.7561661564999088 0.9184825068699504 0.8338280522687508 0.8802169288027206 0.8561048105959705 0.8698371669646564 0.8592527547798353 0.8660755177857833 0.8690812672205013 0.8553439024001137 0.879315095174751 0.8545726458316859 0.8809720965278942 0.8532428295172009 
