0.2536460698123244 0.49855131160895994 
0.2539496688588064 0.49771268002607566 
0.2541754494796995 0.49722431400885164 
0.25444008978685884 0.49665608326421 
0.25447570867843916 0.49662257533486376 
0.2547049755242365 0.4961803921880823 
0.25492300709584087 0.49585856813649365 
0.2550044536555571 0.4957181287095651 
0.25556104183925166 0.4948381759343105 
0.25570884226481555 0.4947315784970065 
0.25595707426469083 0.494327053004756 
0.25620957140305717 0.4941484003389899 
0.25643078379440487 0.49383337342895745 
0.25668794584490434 0.4935927372560488 
0.25686358799766046 0.49348813209952846 
0.2570632608487472 0.4931825966107801 
0.2572862304396928 0.49294437689599635 
0.2575024319119615 0.4927368674751337 
0.25817821776318556 0.4921379185265126 
0.2582291468546881 0.49203219895751515 
0.258645304135255 0.49165940701021515 
0.2587661023420632 0.4915280560961491 
0.2590161392340087 0.4912727666942588 
0.25912685541164165 0.49124434059594496 
0.25958655527872504 0.490671256038219 
0.2596467356444165 0.4905746971656338 
0.25990286266740753 0.4903228726580375 
0.26006471325250075 0.49016251455521764 
0.2603043824464661 0.4899843003762275 
0.26051894604897835 0.48981382974515814 
0.2607272185622745 0.4896014615091117 
0.26086829763498 0.4894583196982532 
0.26140767068673526 0.48903111417461476 
0.2615594013109684 0.48883793806615194 
0.26181561196517705 0.4885867071632441 
0.26211536416978987 0.4882530820957777 
0.26219611634023193 0.4882145474460444 
0.26245086995512024 0.487917280761808 
0.262712904285716 0.4876525113731871 
0.2629022747205009 0.48745288018085653 
0.26310925588669254 0.4873488082347766 
0.2633991079342019 0.48697826787396 
0.26376756527426204 0.48667866916968844 
0.2642952312192936 0.4863444514501648 
0.2643962889282271 0.48607678000596016 
0.2645741609338312 0.4859329040143359 
0.26479121854480847 0.4858386581932812 
0.26503663103878056 0.4855779457311554 
0.26535976195718314 0.48547799125421653 
0.2655436864519108 0.48513066054105686 
0.26577607956162974 0.4849206591051985 
0.2659556254407295 0.48472145815879675 
0.26616244041335857 0.4846164295533317 
0.26656222902359994 0.48398596803473215 
0.2665843447678036 0.48389362607329434 
0.2668061606418285 0.48367315184861653 
0.2670145103399993 0.4834197073587371 
0.2672347252312852 0.48320047870452126 
0.2674408521592469 0.48297946531867353 
0.2676220266935984 0.48278888397518627 
0.26785853800487935 0.4825502733458247 
0.2681518175362441 0.4822721645706634 
0.2683216136040926 0.4821627190601409 
0.2684809762281257 0.48196853969784714 
0.268771435337954 0.48169460475697784 
0.2689328090717177 0.481604919564913 
0.2692172814476249 0.4813750831645521 
0.2696852885690959 0.4810353893200337 
0.2699051809832095 0.4808273543877659 
0.2700963469367203 0.4806116621029114 
0.2702483104661586 0.4804952606082136 
0.2705651144107113 0.4803912434263307 
0.27081419805834633 0.48005578642191343 
0.2708809992054261 0.47998220020567545 
0.2712842285764069 0.47964385002400706 
0.27155121004396326 0.4794906265885216 
0.27169812124580234 0.4791858846916895 
0.2718894772501147 0.4789582996930903 
0.27216353500048124 0.47852059981916517 
0.272262894924455 0.47839675267725235 
0.2726189533059218 0.4779967021268286 
0.2726835297925649 0.47794005129425254 
0.2728721262323369 0.4777264068522355 
0.2733354161180176 0.47725243045759047 
0.2734844617934116 0.47710140361367065 
0.2739196530526398 0.4767460688483912 
0.2739774810818729 0.47665767126233793 
0.2741973349711028 0.4764692266197036 
0.27448958628551906 0.4762904392237831 
0.27470518561484214 0.4760998636345429 
0.27492855720356685 0.4759209149227986 
0.27522954288953483 0.47581601018571884 
0.27550856031846754 0.47550506748271376 
0.2756619668825765 0.4753626783291387 
0.2757870467300408 0.475145113732129 
0.2760367926225912 0.4748336255377657 
0.27622764546203665 0.47472059678572565 
0.27646797415596147 0.4745573116456638 
0.2766547623568085 0.4741466895074135 
0.27677121101635405 0.4740224619557343 
0.2770118006334982 0.4737986967864757 
0.2773123047882275 0.4735281243764562 
0.2774857158373938 0.47336606401507203 
0.27760894590259805 0.47322530266038915 
0.27800058300968433 0.47293898073993784 
0.27809142418476684 0.4727926080655538 
0.27844855623488834 0.4725173750046032 
0.27867414205523267 0.4723718667973002 
0.27880761032977935 0.4722562701677064 
0.27920986210695087 0.4719005036427811 
0.27943243544143664 0.47171169091117693 
0.27976675698804854 0.471612660816604 
0.28000494097983925 0.4710927744251387 
0.2801716488704987 0.4709106332734827 
0.2804380387898543 0.47065187270430925 
0.2807486626599224 0.47041079140469877 
0.28080011093427926 0.47028743070537654 
0.28112515424766 0.46996516263287175 
0.281362967394528 0.4697624663233633 
0.2816479947334039 0.46956277966278614 
0.28187061012755843 0.46933888466940193 
0.2821501173707074 0.46916177920422325 
0.2822150235658184 0.46904762282423584 
0.2825042373237102 0.4688196711997063 
0.28269249895424314 0.4686036159943754 
0.2828745583268766 0.46837315665466084 
0.2832733715645093 0.4680120308519054 
0.28329843834112617 0.4679331490235604 
0.2836314588609897 0.4677496166868672 
0.28390339970722017 0.467331962110206 
0.2839635623977962 0.46727075449775846 
0.2841324325326718 0.4670762401403429 
0.2845336526252919 0.4668848968844195 
0.28459079094215284 0.4666490767018234 
0.28504439850844693 0.46631254214351914 
0.2851439356373591 0.4661773324028412 
0.2853013373921726 0.4660326595669396 
0.28576831229010075 0.46593065322868127 
0.2859158248167227 0.46563883847992954 
0.2862383358430495 0.4653037372115165 
0.2863429891547194 0.46519502180617117 
0.28672553131551554 0.46481302337259733 
0.28687042706170124 0.46464055905629154 
0.28702268510920315 0.4643753520813978 
0.2871704129421272 0.46421438261185677 
0.28723730035121975 0.46417858370383275 
0.2876399483576859 0.46381341299552054 
0.2876563189889102 0.4637380804120591 
0.2882238133104741 0.46321461796066743 
0.288282879872523 0.46316459982275127 
0.28842185254506686 0.4630654490565734 
0.2887247693314312 0.46282266888430845 
0.2890223472812432 0.46254554482611426 
0.2895024467034266 0.4622868165898911 
0.28953451358712395 0.4621670311986602 
0.2899859404486324 0.4619276012614739 
0.29016160949850667 0.4618327815378883 
0.29030225280454686 0.4617208091410663 
0.2904797125821688 0.46148866638043795 
0.2908478028002062 0.46102878149192367 
0.29101806523786095 0.46100665686523 
0.29124653075777873 0.4607306094048114 
0.2913598086771022 0.4605486467821398 
0.2917132541242167 0.46017693108311053 
0.2918618595381261 0.46008939741466925 
0.29189322616925845 0.4599976050983148 
0.29237125450870427 0.45949988779097883 
0.2924716801309282 0.4594159395403038 
0.2929462632422313 0.4589170649211703 
0.2931405903589408 0.4587729500810363 
0.2934287059347323 0.45847313534096235 
0.2936922006101869 0.45819559370012497 
0.2940905639483494 0.4578419353680131 
0.29432348583585966 0.4577603932324768 
0.29454501357062135 0.4574369014286475 
0.2949892827026093 0.45705353936303633 
0.2950029483156256 0.45701950173383793 
0.29523916013051993 0.45687969683858365 
0.295586127508798 0.4566441172219335 
0.2957863953106939 0.45654627095391254 
0.29615702907621666 0.4562354643968345 
0.2964112457771483 0.45603632272496514 
0.2965884670624132 0.45572348994537065 
0.2966773695447909 0.4556007074389622 
0.29718515896563086 0.45522560399723727 
0.2972191919744071 0.45514879281014237 
0.29737126161184346 0.455027569776793 
0.2976609781639609 0.4546627693738271 
0.29786658963498946 0.45442184772847555 
0.29809749212743125 0.4541971719660148 
0.29811502916159466 0.45414781877214594 
0.29862031665639327 0.4537081053128189 
0.2988262336017243 0.45357644589077445 
0.299047268160402 0.4532938800500163 
0.2990703866544608 0.4532446430067804 
0.2994661588702721 0.4528782183905191 
0.29983347963457624 0.4525129089022784 
0.3001998556240538 0.4522416759120496 
0.30050756810179113 0.45197209704279734 
0.30063093865753215 0.45180324602467337 
0.3008918666334997 0.4516152482718549 
0.3015536453409057 0.4510357257991179 
0.3015602237446957 0.4510244799026156 
0.3018252029565849 0.45082647401414083 
0.30223905284267805 0.4505164468834177 
0.3022430075406809 0.45051291431571944 
0.30291116492947007 0.4501205707238316 
0.30298371437166416 0.45011127025970726 
0.3037004966236915 0.4495220942759897 
0.303783150123548 0.4493249686832651 
0.30389310397994 0.44922616760087575 
0.3042153045548395 0.44876127077290495 
0.30446956830306904 0.44851970239713124 
0.3046160435852295 0.4483272754125043 
0.3048197608266954 0.448096616286265 
0.3049099343725452 0.4480735758195267 
0.30529389273044216 0.4475622757443448 
0.30532064563693107 0.4475359300006946 
0.3057460182411332 0.4471271799186942 
0.3059402334866654 0.4470098638883811 
0.3061874731467221 0.44674974734614875 
0.30636320962075914 0.4466012692170922 
0.30667509243209684 0.44633440267625646 
0.30693296720729424 0.4461668485843368 
0.3071665299563848 0.4459077051558882 
0.30787053854193963 0.445538908432664 
0.30799108027766087 0.44532158072019884 
0.308542727447808 0.44492168977122826 
0.30854462387281284 0.44485880977873116 
0.3092593964017442 0.4441905441813195 
0.3096291683011948 0.44394405839686407 
0.3096405250797233 0.44390357598060637 
0.31028053911810016 0.4432732746672046 
0.31036095551796444 0.44317545135055003 
0.3108654203362916 0.44277864218317736 
0.3110880023544311 0.4426389199944999 
0.31114610704274365 0.4425298311678663 
0.31177010403659033 0.44195896845842064 
0.31224669303966707 0.44165010758110534 
0.3123402425224259 0.44144808695925775 
0.3123925173345625 0.4414208329583409 
0.31292204615728725 0.441007053562415 
0.3133847676819237 0.44058307076012737 
0.3135543379171511 0.4405223322725119 
0.31381929207957643 0.4401723498505904 
0.31417980359577535 0.4397106999769808 
0.3142993346073231 0.43958103250270186 
0.3148697232873625 0.4391715655845615 
0.31504855533120485 0.4388682596646691 
0.315425839654573 0.4386547435353951 
0.31616935946713753 0.4381147742977454 
0.31624951165159915 0.437844613292429 
0.3166232130251284 0.43759358609261606 
0.31687441634813845 0.43724408976735807 
0.31685666810948776 0.4372572132525002 
0.3175492364867172 0.43671502522016475 
0.31779424970017 0.4365229652320178 
0.31806560787386917 0.43628904113348493 
0.318229423537699 0.4361455109086792 
0.3186710935490665 0.4357768267369123 
0.3187449921328496 0.4356982715876704 
0.31867664993446676 0.4357665112865125 
0.31949989579956617 0.4350846749140708 
0.3196263273244461 0.4349588016279752 
0.3200511985944869 0.4347128528867436 
0.32006082589781987 0.4347065206878368 
0.320659304261331 0.43414431826355565 
0.3207920515010262 0.43406371074683625 
0.32118586376746294 0.43381720569316334 
0.3213645991430473 0.43370731593346823 
0.3226135721417644 0.4330111171111568 
0.32274486916951334 0.43291935916588586 
0.32369354038803266 0.43248019663623266 
