0.5099994300044934 1.400002852238047 
0.5096599898183353 1.4017147540885913 
0.5093122337391515 1.403500088139075 
0.5089550286200633 1.405369030448016 
0.5086505588053227 1.4069917694500649 
0.5083137494419588 1.4088202380475239 
0.5079833015810605 1.4106506769331433 
0.5076714103522667 1.4124134133674695 
0.5073569400814318 1.4142273941150336 
0.5070544511430733 1.4160092203382337 
0.5067563675639691 1.4178028742302502 
0.5064507293839393 1.4196835688782898 
0.5061421104071515 1.4216283827902072 
0.5058680608969645 1.423396730896631 
0.5055848583102031 1.4252680904439838 
0.5053005075595594 1.427195424951277 
0.5050315943201182 1.4290662722179364 
0.5047633948982545 1.430982649803108 
0.5045041191782705 1.4328872658150407 
0.5042497998802217 1.4348095113756565 
0.5040040859641808 1.436722153576191 
0.5037610101240289 1.4386729322346103 
0.5035210698517222 1.440661403907388 
0.5032915807475199 1.4426277015023636 
0.5030676507287223 1.4446136259239903 
0.5028531439273596 1.4465851840996722 
0.5026417304598263 1.4486022333073332 
0.5024398052579616 1.450605622666535 
0.5022448272199665 1.4526203952077055 
0.5020542384500618 1.4546763021853222 
0.5018722942265128 1.4567299858844516 
0.5016967208595106 1.4588087287234939 
0.5015318409017264 1.4608612815269573 
0.5013730290242849 1.4629455955875383 
0.5012187621370993 1.4650892265886575 
0.5010763564977998 1.4671921291645622 
0.5009444755421129 1.469267681628898 
0.5008192609733351 1.4713772797321865 
0.5006988666182032 1.4735639150316977 
0.5005895318586024 1.4757197228828405 
0.5004887130332493 1.4778931471204424 
0.5003966785180778 1.4800832101702637 
0.500314431916962 1.4822677718799788 
0.5002399686720991 1.4845090777842145 
0.5001767224346865 1.4867063027279084 
0.5001219654433977 1.4889562034228438 
0.5000767097566399 1.4912415918630288 
0.5000423533244778 1.4934920568183077 
0.5000177898967387 1.4957821934878917 
0.500003711249494 1.4980735397461244 
0.5000000000003828 1.5000000000003828 
0.500348284409127 1.4813376205401285 
0.5014379357804702 1.462079876416341 
0.503005336559573 1.445185893568236 
0.5049085012841544 1.4299393028767229 
0.5070592485495041 1.4159806656267144 
0.5094576354968752 1.4032447007318898 
0.511901912407551 1.3909041379429943 
0.5145202673996863 1.379500015708781 
0.5172559320520269 1.3687489459394222 
0.5200430331047917 1.3584266754912877 
0.5229448406232063 1.3485351012607567 
0.5259038280367637 1.3390533384055905 
0.5289221339733197 1.32993491387374 
0.5319890173384464 1.3212213950629512 
0.5351062914014376 1.3126332828652068 
0.5382505159010144 1.3044467465028566 
0.5414450258878335 1.2964276172169806 
0.5446812776037171 1.2886205516953078 
0.5479402084470588 1.2810482163942583 
0.5512299921337407 1.2736602513875903 
0.5545637693232816 1.26642969836241 
0.557880919056468 1.2594233533076342 
0.5612596753308542 1.2524933221925165 
0.564671917110724 1.2456953854247836 
0.5680760337080665 1.239086180569697 
0.5715236606694364 1.2326359471717103 
0.5749658218750416 1.2262057293495552 
0.57845648786141 1.2198992557666757 
0.5819433650286518 1.2137427096391087 
0.585368344611815 1.2078915004316209 
0.5889866281132199 1.201693846745473 
0.5925396895818114 1.195880822392114 
0.5961249602860726 1.1899603685597464 
0.5996762728232936 1.1843321084435368 
0.6032616286866109 1.1786566793755595 
0.6069467324756499 1.1729732050328345 
0.6105013741226513 1.1676329232955511 
0.6141451021867157 1.162146335114524 
0.6177894284435349 1.1567983351416489 
0.6214640342286732 1.1514830938160634 
0.625187373335955 1.1462262784632617 
0.6288550172223826 1.1411205363125068 
0.6325671296589668 1.1359624742770185 
0.6362641537708615 1.130905282369338 
0.6399862645151433 1.1259044460360186 
0.6437683626450725 1.1208385891827888 
0.6475227648928273 1.115966934906533 
0.6515098506785887 1.1107929936283778 
0.6551123041761056 1.1062073195091315 
0.6589373831884938 1.1013592773676044 
0.6628272759343516 1.0967884413857583 
0.6666376496973582 1.0920107377356898 
0.6706696762051043 1.0876452472672602 
0.6742814519444474 1.0825470401396093 
0.6788851740105494 1.0792438451094177 
0.682084750767282 1.073313525723753 
0.6859485326121829 1.0688190775627073 
0.689994018417643 1.0643741095607768 
0.6937719773527629 1.0598248140302464 
0.6977187749048834 1.0553543066401565 
0.7016998142393358 1.050940687156153 
0.7056611270504365 1.0465305062305041 
0.7096663199883471 1.0421079037029155 
0.713619819185374 1.0378708259262686 
0.7176606006665909 1.0334729117353731 
0.7216679538361463 1.0291861199738888 
0.7256932361467772 1.0249339922922436 
0.7298090059303517 1.020701954793372 
0.7338261791640404 1.0164478021723433 
0.7378735520337029 1.012278489562779 
0.7420342424229237 1.008030376378155 
0.7461581811061335 1.0038616468921764 
0.7503134590457083 0.9996883481870033 
0.7544316460402742 0.9956034057861521 
0.7586730134729671 0.9914178562513063 
0.7628409467978954 0.9873206545658552 
0.7670031770122927 0.9832775404031117 
0.7711117462476755 0.9793182986786002 
0.7754131854262898 0.9752039267944557 
0.7796477174112488 0.9711838518795668 
0.7839107056307874 0.9671727270333667 
0.7882107566757377 0.9631625512454378 
0.7924657010252549 0.9591997914989506 
0.7967765311516132 0.9552283056463101 
0.8011316616279572 0.9513509326828063 
0.8054466661017137 0.9473283598322815 
0.8097807578290295 0.9434221047054511 
0.8142275714544581 0.9394613725978969 
0.8185881698393458 0.9355709736584289 
0.8229964555388871 0.9316727700100849 
0.8274312430037384 0.9277863143838295 
0.8318904658087506 0.9239202652590432 
0.8363498390246549 0.9200493478531809 
0.8407941444602804 0.9162268635752345 
0.8453611301319721 0.9123433557195282 
0.8498877333463251 0.9084871328645396 
0.8543917444027763 0.9046945821433691 
0.859007024206737 0.9008435990902529 
0.8635455393057869 0.8970553366904767 
0.8681700775777896 0.893232617447387 
0.8727863280133654 0.8894441119067582 
0.877414464783471 0.8856596070556058 
0.8821144984258296 0.8818459556869546 
0.886749334774918 0.8781120389626236 
0.8914872408247387 0.8743111584741111 
0.8962080576458697 0.8705520626226526 
0.9009612147352766 0.866785028311462 
0.9057351695067355 0.8630316747322493 
0.9104745156843237 0.8593190767233165 
0.9153379097807641 0.8555339446227187 
0.9202081293420856 0.8517690567204821 
0.9250935857713354 0.8480520137341937 
0.9299436828093135 0.8443383674956408 
0.9348928906373488 0.8405729337135422 
0.9397723973423414 0.8368866626881138 
0.9447372579560487 0.8331138598116917 
0.9497498605479775 0.8293720565820641 
0.9547284539991379 0.8256656744942985 
0.9598960641521268 0.8220475810093463 
0.9648462554149604 0.8182535077791497 
0.9698792177572194 0.8145241655735352 
0.9750403071075182 0.8108367750139123 
0.9800883312875278 0.8071161640230778 
0.9852885961059534 0.8033938313150932 
0.9904880036081581 0.7996881103915456 
0.9956319747177201 0.79598952710567 
1.0007493464584472 0.7923671589231411 
1.0061904503407602 0.7885479293227685 
1.01150024602713 0.7848452546110003 
1.0169425776250658 0.7812016435010682 
1.0221305472067803 0.7774168398462601 
1.027606043582118 0.7737359908957148 
1.0329995841294253 0.770007959328993 
1.0384498154121156 0.7663004303574713 
1.0440484966755532 0.7626487173870797 
1.049344188090287 0.7588359914629396 
1.0550905112977365 0.7552096669428574 
1.0606136289989099 0.7514646305116052 
1.0660573346986078 0.7476872747775862 
1.0716567313541328 0.7439204522102739 
1.0773286720635826 0.7402176680549374 
1.0832615583848804 0.7365676826671452 
1.0887389074318206 0.7327206397660677 
1.094522718921091 0.7289779879639418 
1.1004661541818979 0.7252934568073074 
1.1061954728595804 0.7214978569598127 
1.1120507889618845 0.7177399311485737 
1.1179485142710104 0.7139795239337112 
1.1240426604723641 0.7102760301858172 
1.1297078536976926 0.7064988204389169 
1.1358514941099782 0.7026790269894333 
1.1419940976581078 0.698891718677467 
1.1479954253682445 0.6950841538797222 
1.1543927356159789 0.6913683384397072 
1.1604278553001832 0.687532383868924 
1.1666715733289612 0.6837442008557995 
1.172742724629801 0.6798674711298611 
1.1794934511116306 0.6762031985979181 
1.1855436239445603 0.672279987008785 
1.191886916859358 0.6684294802268921 
1.1981120075334348 0.6645151183509515 
1.2048635043009572 0.6607587983469867 
1.2110239605544222 0.6567818157581166 
1.2175887375853103 0.6529035637086013 
1.22417240607623 0.6490312425246622 
1.2310009028155444 0.6452017908416823 
1.2376808683544795 0.6413101805446951 
1.244348937665381 0.6373849969372708 
1.2510344929916957 0.6334010608597672 
1.2578020324561334 0.6294888379778397 
1.2647842067281054 0.6255639556241607 
1.271416249250929 0.62171146998821 
1.2787184491295764 0.617666489701956 
1.28590985405234 0.6137450547847235 
1.29272363206069 0.609663772008032 
1.2996792420013634 0.6057538247569005 
1.3069845194952057 0.6016768295939896 
1.3143276817470253 0.5976637757306769 
1.3217166446627986 0.5936501256797335 
1.3288507694542004 0.5895880236954977 
1.3362230467635958 0.5855489590627764 
1.3438495349961008 0.5814170999487334 
1.3513343360039123 0.5773291537841758 
1.358919070443704 0.5732212930943518 
1.3666124388024152 0.5691077447752207 
1.3742761897339464 0.5649769889818946 
1.3820463128647011 0.5608268997230256 
1.3898461212969373 0.5566857462126092 
1.3978615301503772 0.5524445072871738 
1.4058224227223688 0.5482577223070395 
1.413853735455544 0.5440431384637807 
1.4218820632110725 0.5398531067418549 
1.430163212397509 0.5355503063031333 
1.4384228887791741 0.5312823835592314 
1.4467556913349802 0.5269862953824455 
1.455181593602116 0.5226677770436922 
1.463674302752615 0.5183314865019145 
1.4721728933092217 0.5140117179089629 
1.4808434107629709 0.509624611252056 
1.4896031712797195 0.5052122949669127 
1.498383862382941 0.5008086694360935 
1.5000000001282734 0.5000000001282734 
