0.009999429634518678 0.2962317955473759 0.6057657846328087 0.8064031230131812 0.20698996490030544 
0.009659989605669867 0.29623179544311073 0.605765784387304 0.806403123163216 0.20698996490027613 
0.009312233110496608 0.29623179538400013 0.6057657843658432 0.8064031231633466 0.2069899649002714 
0.00895502170677156 0.29623179511855113 0.6057657846352943 0.8064031230131561 0.2069899649000542 
0.008650535318892982 0.29623179794362936 0.6057657872860189 0.8064031230041236 0.2069899649000873 
0.008313749059462142 0.2962317954422794 0.6057657843879501 0.8064031231687393 0.206989964900408 
0.007983301539866773 0.2962317954458681 0.6057657843873264 0.8064031231578437 0.206989964900477 
0.007671410186904764 0.2962317959844889 0.6057657849217426 0.8064031230102473 0.20698996490009516 
0.007356939943892064 0.29623179540458056 0.6057657843317321 0.8064031231741414 0.2069899649123332 
0.0070544510789610675 0.2962317952828269 0.6057657842454125 0.8064031231787508 0.20698996490876517 
0.006756367495984365 0.2962317954323884 0.605765784545465 0.8064031230090593 0.20698996490121851 
0.006450729146300946 0.2962317955486234 0.6057657846273768 0.806403123013243 0.20698996490057725 
0.0061421103872047874 0.2962317954473046 0.6057657843677312 0.8064031231682712 0.20698996490729138 
0.005868060845246673 0.29623179544311073 0.6057657843802088 0.806403123163216 0.20698996490022048 
0.0055848583064496 0.29623179540458056 0.6057657843317321 0.8064031231745995 0.2069899649067713 
0.005300506327433891 0.2962317954456622 0.6057657844594403 0.8064031231560843 0.20698996488559432 
0.005031593809500036 0.2962317954661971 0.6057657845874476 0.8064031230101942 0.20698996490054175 
0.004763394660955856 0.2962317959829538 0.6057657849203079 0.8064031230132794 0.20698996490026678 
0.004504119100252977 0.29623179528190874 0.6057657842454125 0.8064031231787508 0.20698996490876517 
0.004249799815516935 0.29623179527396454 0.6057657842452476 0.8064031231765726 0.20698996490589505 
0.004004085861082807 0.29623179527396454 0.6057657842452476 0.8064031231765726 0.2069899649073643 
0.0037610093372075827 0.2962317954142407 0.6057657845866548 0.8064031230030351 0.20698996488858848 
0.003521069078058386 0.2962317954132777 0.605765784557314 0.8064031230102086 0.20698996490584554 
0.0032915806464940715 0.29623179545100586 0.6057657845572804 0.8064031230119955 0.20698996490027594 
0.0030676504627501545 0.2962317955873967 0.6057657844448018 0.8064031231891056 0.2069899649114981 
0.0028531426898668203 0.2962317954633073 0.6057657844376175 0.8064031231688887 0.20698996490244442 
0.0026417304246135224 0.29623179527779153 0.6057657842474825 0.8064031231726232 0.20698996490887286 
0.0024398045792134136 0.2962317954703048 0.6057657844410179 0.8064031231622768 0.20698996488857235 
0.002244826973617824 0.2962317959844889 0.6057657849217426 0.8064031230132794 0.20698996490026858 
0.0020542376556111092 0.29623179550370077 0.6057657844602572 0.8064031231564992 0.2069899649013807 
0.0018722941299190044 0.2962317954139937 0.6057657842244943 0.8064031231624516 0.20698996501975533 
0.0016967208316684198 0.29623179541558625 0.6057657842235092 0.8064031231624289 0.20698996501891653 
0.0015318394011716791 0.2962317954985641 0.605765784653265 0.8064031230025029 0.2069899649079869 
0.0013730288958783206 0.2962317954139952 0.6057657842202802 0.8064031231674711 0.20698996501975533 
0.0012187621025877412 0.2962317955867479 0.6057657844428848 0.8064031231839651 0.2069899649088737 
0.001076356395469265 0.29623179541376443 0.6057657842134997 0.8064031231731893 0.20698996501893885 
9.444754011283228E-4 0.296231795387554 0.6057657843396114 0.8064031231684783 0.206989964901283 
8.192601619761094E-4 0.29623179554615064 0.6057657845296269 0.8064031230038533 0.20698996501425146 
6.988665899453506E-4 0.2962317954662359 0.605765784566007 0.8064031230109141 0.2069899648998546 
5.895318569655444E-4 0.2962317954138418 0.6057657845296173 0.8064031230094195 0.20698996490121552 
4.887129480072687E-4 0.2962317954999868 0.6057657842843744 0.8064031231805525 0.20698996500018269 
3.9667851715850507E-4 0.2962317954138788 0.6057657845296375 0.8064031230093922 0.2069899649012185 
3.144319141984745E-4 0.2962317954153852 0.6057657845305735 0.8064031230094237 0.2069899649013265 
2.399686711256771E-4 0.2962317954138471 0.6057657845296173 0.8064031230093931 0.20698996490121868 
1.767223883928406E-4 0.2962317953228064 0.605765784461898 0.8064031230095001 0.2069899649083395 
1.2196544284971157E-4 0.2962317954138471 0.6057657845296246 0.8064031230093699 0.20698996490121851 
7.670971384342013E-5 0.29623179532804395 0.6057657844654498 0.8064031230093656 0.2069899649083157 
4.235332445641524E-5 0.29623179541384587 0.6057657845301879 0.8064031230088432 0.20698996490122124 
1.7789891815118134E-5 0.29623179541455075 0.6057657845289744 0.8064031230094006 0.2069899649023234 
3.7112491112377796E-6 0.2962317954138471 0.6057657845296173 0.8064031230093699 0.20698996490121851 
0.0 0.2962317954138471 0.6057657845296173 0.8064031230093699 0.20698996490121851 
3.48284407177011E-4 0.29623179541384603 0.6057657845301917 0.8064031230088342 0.20698996490130062 
0.0014379357731547843 0.29623179543304373 0.6057657845427958 0.8064031230094004 0.20698996490124358 
0.0030046603914706147 0.29623176107702337 0.6057657884385694 0.8064031257081974 0.2069899649090923 
0.004908501281738151 0.29623179541384587 0.605765784529647 0.8064031230093912 0.20698996490124946 
0.0070592485486701256 0.2962317954139439 0.605765784529624 0.8064031230093532 0.20698996490130206 
0.009377166094084288 0.30075256299150627 0.9999552473354988 0.8045687548487126 0.2958415494668231 
0.011901908065385762 0.2962317949890373 0.6057657844384562 0.8064031230062843 0.2069899649025574 
0.01452025032837083 0.2962317955726246 0.6057657845296173 0.8064031237817569 0.20698996490121851 
0.017232888661580903 0.2962302802986278 0.6057657886335853 0.8064031230086273 0.20698996490129742 
0.020043012146671188 0.2962317955726246 0.6057657845296246 0.8064031239358976 0.20698996490121851 
0.022942365380874356 0.2962316685672516 0.6057657918208209 0.806403123012483 0.20698997983051984 
0.025903827916951953 0.2962317953600528 0.6057657844962623 0.8064031230117588 0.2069899649009989 
0.02892213363440677 0.29623179543357586 0.6057657845609851 0.8064031230062961 0.20698996490158988 
0.03196896120176031 0.2962305156784735 0.6057657922898227 0.8064031419456271 0.20698996563617741 
0.035106287974178266 0.2962318010077895 0.6057657879708093 0.8064031231305776 0.20698996519728682 
0.03824372928791839 0.29623166746856916 0.6057657849355378 0.806403314939521 0.20698996490635813 
0.041442673002457166 0.2962316766637261 0.6057657920157669 0.8064031239545417 0.20698997876409328 
0.044681273078620805 0.29623179561388935 0.6057657844165729 0.8064031233867229 0.20698996492343913 
0.04793998249110484 0.29623180704075247 0.6057657847030236 0.8064031239416963 0.20698997923842993 
0.051229778506600716 0.29623177568230896 0.6057657803556633 0.8064031229041839 0.20698996533241276 
0.05455785068047596 0.2962313160253716 0.6057657203220116 0.8064031264785085 0.20698996542243808 
0.05787835611030108 0.2962316662024388 0.6057657922854758 0.8064031243855874 0.206989980091488 
0.06125959521682053 0.2962317961808149 0.6057657874280378 0.8064031240560974 0.20698996490818236 
0.06467120114270444 0.2962317961808149 0.6057657937015044 0.8064031436806167 0.20698996490818236 
0.06807602546905345 0.2962317965442152 0.6057657865723647 0.8064031226852902 0.20698996442707768 
0.07149751711929561 0.29623041664645566 0.6057657923500178 0.8064033102537506 0.20698997871509855 
0.0749641940319067 0.29623170082390615 0.6057657934094077 0.806403123063061 0.2069899646821365 
0.07845644880148944 0.29623179558779 0.6057657867922428 0.8064031230012952 0.20698996455814642 
0.08194328315730574 0.29623179527326965 0.6057657874289594 0.8064031241004127 0.20698996440586845 
0.08534248425115142 0.2962303185373842 0.605765939313871 0.8064031230032134 0.20698996525452948 
0.08898658612199603 0.2962317956292184 0.6057657865264415 0.8064031230107177 0.20698996491390467 
0.09250784456416007 0.2962302609994381 0.6057659450086345 0.8064033215781018 0.20698996440371842 
0.0961247212715898 0.29623178248794274 0.6057657874395059 0.806403122655891 0.20698996439410705 
0.09965784944014919 0.30077067398358437 0.9998145033537408 0.8045543681146906 0.29582764098848274 
0.1032615684336918 0.29623179559466123 0.6057657880365126 0.8064031231892493 0.20698996412139867 
0.10694660681518826 0.29623179564877494 0.605765789670739 0.8064031229299837 0.20698996550017063 
0.11048125076507359 0.2962305100474557 0.6057657879200062 0.8064031309652653 0.2069899792986639 
0.11414510021133008 0.2962317965466128 0.6057657863028673 0.8064031226806917 0.2069899644250398 
0.11778821540008122 0.2962317076215524 0.6057657804553875 0.8064031223701015 0.20698996456062094 
0.12146403403265454 0.2962317982328705 0.6057657874290459 0.8064031226597833 0.20698996438565495 
0.12516891004508943 0.29623058201448277 0.6057657875156334 0.8064031227150185 0.20698996580316564 
0.12881976982973842 0.29623051172037435 0.6057657921825466 0.8064036372773414 0.2069900667998836 
0.13254177839790132 0.30077055464219793 0.9998259666537695 0.8045545709661399 0.29582762913255556 
0.13624502880003592 0.2962305782122731 0.6057657905228405 0.80640312997919 0.2069899793241292 
0.1399640812840002 0.29623051233528436 0.6057657879200062 0.806403131039727 0.20699005938251075 
0.1437655263148671 0.29623179564205365 0.6057657905433627 0.8064031297932123 0.20699006185757074 
0.14749936686513462 0.2962304255669206 0.6057657906379921 0.8064031220641887 0.20699006188712307 
0.15149424316198382 0.3007691605297033 0.9998187653118228 0.8045543683442488 0.29582764098848274 
0.155090135457713 0.2962305011167015 0.6057657922696018 0.8064031231332306 0.20699005621039196 
0.1589246098498954 0.3007691605297033 0.9998187653118228 0.8045543683442488 0.2958278107830441 
0.1626901562694953 0.3007703444597033 0.9999869003635057 0.8045555486473418 0.2958280528042362 
0.16653720716281517 0.300770916628041 0.9999999974610356 0.8045668792685063 0.29584360404471904 
0.17032270935041824 0.3008422971155877 0.9999998620515906 0.8045668762146582 0.29584072189785005 
0.17427356152029425 0.3007585286745875 0.9999634866008217 0.8045663539671473 0.29584460016255865 
0.1778814204102429 0.2962316651329504 0.6057657922428757 0.8064427089960667 0.2069899880219871 
0.18207212336945863 0.3007691605297033 0.9998182498919099 0.8045543683442488 0.2958278107830441 
0.1859315947375676 0.3007690895781803 0.999824408066216 0.8045543724603428 0.29582765443398135 
0.18987426560926532 0.300769038637174 0.9999964637392471 0.8045543683442488 0.29582814358176335 
0.19376252011538744 0.30075972257467093 0.9998250187075476 0.804554619404853 0.2958269161083549 
0.19771402060446835 0.30076288908733995 0.9997954541433172 0.804554167507611 0.2958267519416041 
0.20167581826188502 0.30075834878674906 0.9999672404020062 0.804566364487095 0.2958438100591271 
0.2056472067953714 0.3007691669434416 0.9998225226366477 0.8045543686959487 0.29582780910764006 
0.2096657206845978 0.30076330203061546 0.9997959250916906 0.8045548193038082 0.29582778720303265 
0.21359048591267787 0.3007633552629536 0.9999336855004993 0.8045539154954774 0.29582892702317637 
0.21765383596422638 0.3007712563188582 0.9999806174320356 0.8045625291503461 0.2958433615138678 
0.22166679799689898 0.3007601810138185 0.9998598798455188 0.8045541896644927 0.2958278013481782 
0.22569040328247753 0.3007596156290385 0.9997954943742271 0.8045541694221829 0.29582635872219426 
0.2297669410950292 0.30076329904373605 0.9999365085125511 0.8045543464161963 0.29582875476940995 
0.23382442473910348 0.3007600489122664 0.9997954499069898 0.804554443989982 0.2958267919496255 
0.2378729039309203 0.30077083965528567 0.9998079769219912 0.8045668985012853 0.2958424463905585 
0.24203417596106014 0.3007229757388539 0.99999022669608 0.8045539908467494 0.2958275105572536 
0.24615571374028677 0.30076154898529467 0.9997949858215129 0.8045542049101 0.29582671519685866 
0.2503126042595398 0.3007697595794747 0.9998163941319104 0.8045668994601577 0.2958423941669135 
0.2544238195877642 0.30077102780415166 0.9999788973822938 0.8045625312812403 0.2958431685503412 
0.25866447849135404 0.300770666149613 0.9999835667338566 0.8045625291503461 0.29584332604114144 
0.262840534247296 0.30076262724668584 0.9999860727106259 0.8045625167584529 0.2958426726948267 
0.26700264748717784 0.300769565236107 0.999767245621297 0.8045543043341622 0.2958279748484367 
0.27111061359513444 0.3007229757388539 0.999981436301863 0.8045539096649195 0.2958268603922644 
0.2754120793656956 0.3007487828428652 0.9999905544583969 0.8045643489555591 0.2958427619191382 
0.2796471347522482 0.30076375270471273 0.9999687718675914 0.8045637260523751 0.29584322802925284 
0.283907896445753 0.30074713649157553 0.9999376813566352 0.804568512736785 0.29584428236053695 
0.2882028913017652 0.3007710518436501 0.9999789159889954 0.8045625294407577 0.2958431690242583 
0.2924652996464367 0.3007638349651711 0.9999905816469322 0.8045626051438882 0.2958432193381639 
0.2967763721778395 0.30074708794663485 0.9999375271164954 0.8045684624716624 0.29584437169016947 
0.30107641935872087 0.3007476077444857 0.999966215842098 0.8045538156289999 0.29582639194054333 
0.3054463220932444 0.30076375270471273 0.9999680750803872 0.8045637774316947 0.29584326248752807 
0.30977990398862704 0.300762642443303 0.9999884332903569 0.8045626997471429 0.2958429854661483 
0.3142162477196234 0.30072296062754444 0.9999776887545048 0.8045546543177029 0.29582685961048544 
0.31858439126511723 0.30076401634547434 0.99999049130571 0.8045637587512475 0.2958443143928394 
0.3229961676164337 0.3007473791173269 0.9999989137277341 0.8045639725616677 0.2958426717484474 
0.32742996480905584 0.30074725446769357 0.9999955383633718 0.8045636895183897 0.2958420797114233 
0.3318799624424623 0.3007235971525274 0.9999680713231623 0.8045697419093362 0.2958431233607986 
0.3363465610561778 0.3007255916819825 0.9999905629516231 0.8045680459274286 0.2958432185151946 
0.3407927282750273 0.3007235234253071 0.999990513418083 0.8045681404173508 0.295843126085375 
0.34535156899258074 0.3007235974766409 0.9999890658982865 0.804568330211295 0.29584277376010343 
0.34988761362281756 0.30074812512792365 0.9999904041948449 0.804564249223099 0.295842601281299 
0.3543902818558341 0.30074725446769357 0.9999955383633718 0.8045636995484441 0.2958420797114233 
0.35899854889614013 0.30072273607421535 0.999985892912851 0.8045699606903606 0.29584433445213476 
0.36354405587227445 0.30076172079724395 0.9999910650629046 0.8045625082561436 0.29584274330717425 
0.36816853206528816 0.3007223528951404 0.9999777286708258 0.8045699595639687 0.2958442377189396 
0.37278280026853183 0.30076162361309045 0.9999890419286092 0.804562740292412 0.29584274466147736 
0.3774143093640066 0.3007236947665165 0.9999761270405535 0.8045540427988015 0.29582687962066173 
0.3821144644746695 0.30072369921887065 0.9999791428893652 0.8045683019517692 0.29584277119340613 
0.3867472406766344 0.3007464707394187 0.9999252380218998 0.8045536230618252 0.29582726187321357 
0.39148692350142394 0.30072369710029595 0.9999794888153426 0.8045683051535477 0.2958427764830567 
0.3962065738346377 0.30072436695484134 0.9999843879271869 0.8045683002342569 0.2958430734487193 
0.4009612083972203 0.30075900703481306 0.9999846956081425 0.8045634565927228 0.2958430907145143 
0.40573230130717314 0.3007623433083788 0.9999976887242761 0.8045624078872511 0.29584303616922847 
0.41047343289577287 0.3007618149220936 0.9999473872503447 0.8045629968622529 0.2958410156889478 
0.4153372923544878 0.3007482301121476 0.9999907858592687 0.8045642421025012 0.29584260170401483 
0.4202060507041865 0.3007229543648198 0.9999758935461477 0.8045699989560477 0.29584423774511465 
0.42506866782578756 0.3007436644940577 0.9999736740864132 0.8045685398634453 0.2958442373895725 
0.4299213986160002 0.3007598229783743 0.9999202341691649 0.8045526416383483 0.29582682451271963 
0.43487183090703363 0.30074279444523444 0.9999777286708258 0.8045682510799661 0.2958442377189396 
0.43974957123473024 0.30076118644660643 0.9999253769174055 0.8045532930774946 0.29582793445992595 
0.44473720054651195 0.300743629921645 0.9999098153402632 0.804568879243642 0.2958431461766871 
0.44974643416331267 0.3007431595084549 0.9999084109915424 0.8045687408286113 0.295842664717854 
0.45472774234345104 0.3007480484731859 0.9999091143859896 0.8045685153497563 0.2958433532903312 
0.4597786706347185 0.3007528788509163 0.9999979540320028 0.8045686266042714 0.2958415667945471 
0.46481749504511155 0.30074363056823783 0.999939654924893 0.8045689210283468 0.29584272752741947 
0.4698783328071777 0.3007482301121476 0.9999925764221135 0.8045641502294507 0.2958425882026901 
0.4750006343113957 0.30076139172324373 0.9999226084692959 0.8045532778434278 0.29582682451271963 
0.4800881966853957 0.3007525264794291 0.9999815409342186 0.8045643741678863 0.29584291319359923 
0.48527671178026816 0.30075253409204 0.9999925764221135 0.8045641503717748 0.29584259021354065 
0.49046665064744477 0.3007530584121244 0.9999137757842966 0.804568614497559 0.2958431763259235 
0.4956314644345502 0.30074862382908124 0.9999997026141932 0.8045643484609922 0.29584331215890014 
0.500747231294263 0.30077894968579044 0.9999413615574992 0.8045623886721811 0.2958427199083247 
0.5061795537680671 0.30074917463632933 0.9999129178450321 0.8045686272175546 0.29584318603888243 
0.5114780530996845 0.3007485155041249 0.9999129545103085 0.8045542846109432 0.2958265966842713 
0.5168312023866561 0.30076778976436097 0.9999682504038423 0.8045687564011709 0.29584273795784094 
0.522128860668676 0.30077894968579044 0.9999408029303432 0.8045623886721811 0.2958427199083247 
0.5275462566657914 0.30077860728440653 0.9999439900576536 0.8045637043666425 0.2958407740949045 
0.5329543795105052 0.30076727635168754 0.9999987803467195 0.8045636596720058 0.2958427160667862 
0.5383952016555993 0.30075304595950475 0.9999482839947935 0.8045686447599676 0.29584271770529674 
0.5439023937201347 0.3007670860022345 0.9999974779746756 0.8045684473914916 0.2958418354306393 
0.5493360906616408 0.30072483206791406 0.9999159139376684 0.8045635464414129 0.29583419214022827 
0.5549387395343862 0.300752966306082 0.9999941125874663 0.8045643771335595 0.29583459569021114 
0.5604901185335742 0.3007686645203223 0.999982911491444 0.8045685759528388 0.29584274367776076 
0.5660242371064838 0.3007247547638965 0.9999376974915312 0.8045640739627571 0.2958341916252679 
0.5716565527156919 0.3007676467886977 0.9999082825831361 0.8045643456889242 0.29584179774909874 
0.5773050649812707 0.3007672080630219 0.9999827958325265 0.8045643317096185 0.29584382040340057 
0.583090347819156 0.3008157077867081 0.9999999891801519 0.8045642017816282 0.2958437465140154 
0.5887305072633441 0.2994450769428311 0.9999828729127163 0.804563045974596 0.2958417983438237 
0.594503924784055 0.30075001594201883 0.9999869572959508 0.8045640860015842 0.29584139126205233 
0.6003500832926977 0.30076866706557603 0.9999434976017643 0.804569962244183 0.2958426997899861 
0.606144677652873 0.30072386961034414 0.9999992345386929 0.8045627076354616 0.2958347247919016 
0.6120040077133393 0.29944320628052956 0.9999973144225432 0.8045641144907623 0.2958417976690826 
0.6179017330224653 0.29944320628052956 0.9999973144225432 0.8045641144907623 0.2958417976690826 
0.6238958498257494 0.30075183370416414 0.9999986732994173 0.8045641541477403 0.2958347424771222 
0.6296832185728933 0.3007676490151563 0.9999836354557362 0.8045643205910312 0.2958438631720611 
0.6358010988837763 0.3007224763186925 0.9999873563380358 0.8045641150156752 0.29583540178685497 
0.6419097034015623 0.3007235619511514 0.9999998324985425 0.8045646439506677 0.2958348346648274 
0.6479548463583488 0.3007520994366944 0.9999998230063004 0.8045645639815154 0.29584168433466135 
0.6541988178203852 0.3007884150253954 0.9999428628084049 0.8045641485381434 0.29583474384863967 
0.66030434262105 0.30076843736104397 0.99999915153057 0.8045691247950044 0.29584425661046115 
0.6665203789969186 0.300814653062875 0.9999437040616597 0.8045641278348068 0.2958416820337815 
0.6726952455086281 0.300760183537147 0.999995159274508 0.804564150423745 0.29584179141994743 
0.6791715824113261 0.30082012707122924 0.9999998665015295 0.8045698553580012 0.29584168493504337 
0.685384261037582 0.30076802976863337 0.9998180608387119 0.804569136180467 0.2958350993711181 
0.6917452167319103 0.30213983532048155 0.8989760051497226 0.8041380981290837 0.8982558938546292 
0.6980831718502788 0.3021285670271308 0.9005780819306016 0.8041379516848646 0.8982381618814238 
0.7046627676998443 0.30081566377689245 0.9999998674667054 0.8045639558149367 0.29584168496552343 
0.7110213346551338 0.30213928669975626 0.9005751419737659 0.804138386808918 0.8982562081662593 
0.7175826633465308 0.30213844850444943 0.9005904255169097 0.8041338448821477 0.8982498222954947 
0.7241633089767536 0.30213983040719294 0.9005745558763874 0.8041384991509354 0.898255874994873 
0.7308824680529669 0.3007246511041012 0.9018781897510939 0.804141803699458 0.8982345262692671 
0.7375584536104508 0.3007257504602227 0.9018781897510939 0.804141803699458 0.8982343197924515 
0.744259298948348 0.3021285863679626 0.9005781408234593 0.8041415981867904 0.8982382720104928 
0.751019575868233 0.30075196469240656 0.9999816352852005 0.804564140555454 0.29584168495679936 
0.7577975271186339 0.30213928669975626 0.9005751419737659 0.8041384989291394 0.8982562081662593 
0.7647311638049786 0.30213934841779677 0.9005752165703678 0.8041415317237971 0.8982567092131685 
0.7714069960305473 0.3021291463418661 0.900656251549959 0.804128158530785 0.8982567088429065 
0.7786439301440733 0.30213983404794725 0.8989979453320484 0.8041384835926939 0.8982564625897713 
0.7857432186264262 0.302139343802736 0.9006747961461649 0.8041287623817558 0.8982563654164659 
0.7927146295244061 0.3021398340357092 0.9005745559583057 0.8041384992376618 0.8982558956349905 
0.7996781589561552 0.30213928669975626 0.9005751419737659 0.8041384860172603 0.8982567360609743 
0.8069845191351674 0.30213934383430113 0.9005746023427705 0.804138483230875 0.8982567093317507 
0.814285959093213 0.30213938718197647 0.8990092203374511 0.8041387655059119 0.898256233687478 
0.821628991403875 0.3021390668494895 0.9006541436399819 0.8041285305847741 0.898256723279948 
0.8288504848368464 0.30213902837096546 0.9005745932884944 0.8041384831836245 0.8982562409996305 
0.8362222194137365 0.3021390281611671 0.9005745938092545 0.8041384845968895 0.8982561555321765 
0.8438301528528943 0.3021392869575802 0.9005751588026606 0.8041384846319822 0.89825373025762 
0.8513298214224334 0.3021393440467212 0.9005748351053148 0.8041384846256158 0.8982560878033059 
0.8589189657077746 0.30213926907456656 0.9005748450963903 0.80413848463042 0.8982567199254555 
0.8665942516768724 0.30213934709927975 0.9005747543196523 0.804138484643263 0.8982538019026896 
0.8742733470643728 0.30213929092392633 0.9005745880100722 0.8041384989112045 0.8982562074290218 
0.8820462431785624 0.3021393439270615 0.9005745938702421 0.8041384846090991 0.8982566975594016 
0.889844617848813 0.3021393439051848 0.900574594018553 0.8041384846504585 0.8982564616114005 
0.8978614892607085 0.30213934377123525 0.9005746127174488 0.8041384846921934 0.8982567118517357 
0.9058193024838156 0.30213934152110583 0.9005745934524585 0.8041384842743864 0.8982561909321095 
0.9138536618485005 0.3021393438967463 0.9005745934538847 0.8041384846396207 0.898256696747419 
0.9218820609586262 0.30213934848352253 0.9005745921610464 0.8041384846440223 0.8982567139193905 
0.9301632121497951 0.30213934838577494 0.9005745938667825 0.8041384846441526 0.8982567149828924 
0.9384198016074612 0.3021392883315926 0.9005745934523629 0.8041384846382158 0.8982561271112237 
0.9467556838803983 0.30213934391879604 0.9005746124448168 0.8041384846915149 0.8982567174135581 
0.955180470099872 0.3021393485250615 0.9005748116517137 0.8041384845751846 0.898256640082232 
0.9636738868839878 0.3021393484052984 0.9005745924886815 0.8041384846413948 0.8982566458566957 
0.9721728930103003 0.30213934839070894 0.9005746050958681 0.8041384846433731 0.8982567206546144 
0.9808434107209244 0.3021393483858977 0.9005746051304493 0.8041384846396259 0.8982567206976955 
0.9896029728586724 0.30213934852506324 0.900574605131098 0.8041384846917362 0.898256688354623 
0.9983836798482549 0.30213934283909294 0.9005746932094805 0.8041384842743564 0.8982567268263066 
1.0 0.3021393483812475 0.9005745938667825 0.8041384846391947 0.8982567149828924 
