0.28459603043663967 3.664436780233792 
0.6508441353476002 3.15720051894933 
0.6520825380764219 3.1500532919836775 
0.7432238611972556 3.149614871476145 
0.7707465681442537 3.05933144475191 
0.7961090617629237 2.974412716562716 
0.829462285721189 2.9219013826224667 
0.865022751218662 2.9170718078730964 
0.9275505715656288 2.32661131779987 
0.9505596124862339 2.307822053745462 
1.1728306342315729 2.269118516325345 
1.1900711204954433 2.201284723549878 
1.209478666795503 2.141296775703589 
1.2175201048365145 2.066203408552127 
1.2294393730427187 1.9989828802008418 
1.239761240542873 1.9313386805361363 
1.2494684851611035 1.8677767340958613 
1.2584476771550321 1.8045547156381703 
1.270499962647825 1.7376669042252941 
1.277929950195357 1.6885244098654384 
1.282298016772258 1.6277583645382863 
1.2901222340384033 1.5721767413339927 
1.2969057323552413 1.5183528479332367 
1.3089993608887525 1.4142610506440672 
1.3187740309618559 1.3376263347367676 
1.3217337872855934 1.3154231074687968 
1.3258666609560552 1.2713112838474905 
1.3535810672816622 1.2483223969070179 
1.4861254846784757 0.913827030740611 
1.49019313240245 0.880184870832911 
1.494336066264315 0.846153394256677 
1.4984028157110332 0.812998775730436 
1.5024133877231487 0.7805657109508947 
1.5063757131432653 0.7488241333258827 
1.5102366498529167 0.7181297294985072 
1.5140556386402093 0.6880838953129231 
1.5178317027978152 0.6586762561728563 
1.5215430177404068 0.6300785983323574 
1.525229235800092 0.6019882647146123 
1.528804798526572 0.5750524982127323 
1.5323671437754756 0.5485417052075452 
1.5359257385502019 0.5223686485584652 
1.5394277785230706 0.4969550742495922 
1.5428941584619231 0.47212104302515856 
1.5463401584623404 0.44777509889090883 
1.549736301113358 0.42411835041524865 
1.5531372645275119 0.4007713714630107 
1.5565135250959576 0.37794157603163026 
1.5598554965668847 0.35569188313733774 
1.5631913336006933 0.33383534031315687 
1.5665070341872624 0.31246584952074485 
1.5698198048060827 0.29147475250394583 
1.5731176547409709 0.2709406497364594 
1.5764169357236575 0.2507647355402447 
1.579687876919322 0.2311292554366547 
1.5829880554282207 0.21169328921045036 
1.586296806962582 0.19258911663256845 
1.589602640344218 0.17388795203889618 
1.5929087141860718 0.1555747584633388 
1.5962302390009235 0.13757125273936796 
1.5995685667806474 0.11987875120133223 
1.6029344561147048 0.10245069590030886 
1.6063153304615638 0.08536211030223412 
1.6097200490239503 0.06857720317523985 
1.6131633800016179 0.05203622565897551 
1.616659798680364 0.03568811902093736 
1.6201576800992006 0.019785308633010583 
