0.2634889220384777 0.06648980649304473 1.0494455648432794 1.116369188632907 0.26647781035805246 1.2480273464482072 1.3173787050695014 1.3832656077460657 1.4498526564114391 0.6000269060884598 5.186365631937633E-13 0.7335727383876034 1.4196650556667824E-10 1.4999999999999911 0.017211636889379718 
0.5910645284615581 0.06649568549077618 1.0498194379964962 1.1163675885715725 0.266487085927164 1.249913334930061 1.3173876597975267 1.3833145154118525 1.2138617388428536 0.5497670975680208 5.769928386216342E-11 0.733362214213674 1.2294621216936795E-10 1.499999999999638 0.016429144327286073 
0.5950156422925189 0.0664710830641119 1.0493683829218339 1.1163819175297034 0.26648187951911256 1.249424084292103 1.3791995463117315 1.3687464431626808 1.4485778517891224 0.5516364919872282 1.0067855028417077E-9 0.7335733882108318 1.6939801285510738E-9 1.4999999999996232 0.014335006528606057 
0.6875228272943615 0.06798102437249134 1.05188336889961 1.1190922622582764 0.2671307705049604 1.2494394944288671 1.3120608822428201 1.3836373908721677 1.4439374861404266 0.6012058950367909 8.997548096326657E-12 0.7335725783971404 0.0677669113897298 1.4984597929734074 0.02912934239711821 
0.7051012347706433 0.10905323867381732 1.0502905964039466 1.1162099515010118 0.2671642688265094 1.2510836913716121 1.3121159774551479 1.3221000360750277 1.485475966560802 0.5999273249377584 0.023052461363496087 0.7324549086442206 0.0027316271528240663 1.4988883418468846 0.014272336174702707 
0.7214774284361654 0.06663000164693664 1.0498187943939314 1.1152745785482274 0.26652284157165607 1.2493988776318694 1.3123877887426214 1.3839430282054506 1.4412624682836457 0.6533948610167469 1.2513042163291013E-11 0.7323914090301998 8.115518534916856E-11 1.499999999999752 0.01745486910650217 
0.7376932997687397 0.06685136150807924 1.1089911428765304 1.1995341678390898 0.21322100946231126 1.2400030085303198 1.3166335827579232 1.3829557428346 1.4882703294103383 0.6518889778223329 1.0241602008688335E-10 0.7333556501702029 4.1119109688820624E-8 1.4999347057283448 0.01650431121907718 
0.7500294868422682 0.11131640195878094 1.0502905964039466 1.118967370518828 0.2671808405249002 1.2499583088662296 1.3121192969172653 1.3223371616096355 1.4833231531961732 0.6000074065162494 0.024174210669740737 0.7324553012766327 0.07329039467360365 1.4177939055720121 0.015218445475817924 
0.8587586420850454 0.06650550352032944 1.0498877961369122 1.1163749002903767 0.2664632881503399 1.2499153347791656 1.3172121954159017 1.382955742815203 1.449720224503995 0.6000124793164142 2.5909720337736413E-11 0.7332113762349303 1.0357101152926798E-10 1.4999999999996094 0.01727426384660015 
0.8800612139522492 0.06650550352032944 1.0498888842753837 1.1163748945339549 0.2664633536141187 1.2499381248432244 1.3172121287947902 1.382956325735647 1.4495937416175422 0.6000124797669345 4.984475675464914E-11 0.7332123662542764 5.61893833247736E-11 1.4999999999997464 0.01730076558450919 
1.0372275841078549 0.06696366695223714 1.046981913705223 1.124146293913005 0.2661466183066636 1.2573256442376062 1.3172005092002599 1.3842785588459037 1.4457748450931842 0.5991174214457502 1.3364406136933708E-7 0.733205334094728 2.681326647063676E-10 1.422693516221076 0.017251093214652683 
1.0469948916756109 0.06662795853892915 1.0499183749802614 1.1158694372575015 0.26617070371034557 1.2578646151577502 1.317156341397762 1.3828997535023624 1.4458119005230405 0.5991180727880799 1.673737019498822E-10 0.7332053194269997 8.151145133178475E-9 1.4184444535917393 0.017301474577491496 
1.0564322934274428 0.06663224762534795 1.0499391155123325 1.116283746619707 0.2661516126141836 1.2568853883959747 1.2903291895520477 1.3842785588459037 1.450565770234465 0.5991183425711317 1.3363196054136383E-7 0.6865056469483855 7.91659212388186E-8 1.4225261806038623 0.017323555452927835 
1.0655079082359034 0.06680981513829581 1.0494363967415863 1.16415264299544 0.26544676412469326 1.2505721952221964 1.320522029190475 1.4239823437061077 1.4500254702999487 0.5992004504250309 9.813705718451048E-4 0.7315767741561405 1.7893245270348873E-6 1.414768272361499 0.18554383868479418 
1.074681688369915 0.06662787171371763 1.0499358649221762 1.2018786080037223 0.2654515183067478 1.2506178556946463 1.2750270177991265 1.4268506414464368 1.4457795299955642 0.6290664797101304 3.035027670071132E-5 0.7332217699497892 1.6677485330685545E-7 1.4149572752268946 0.017335627436245893 
1.0838800764211258 0.06871604018189119 1.049120416778216 1.118626099883352 0.266860168339313 1.0726140333621146 1.3394606359775818 1.4292324835873074 1.4511329289910568 0.6014938444315969 5.105334663039265E-8 0.7314863748366072 7.334513066010508E-8 1.4140405679333399 0.016118053782266963 
1.092820909110956 0.06871397983111674 1.049120421038394 1.118626099883352 0.266860168339313 1.24349512997416 1.3212712177024508 1.4292324835873074 1.450686836133635 0.6015060976854132 5.486179670677831E-8 0.7314863748366072 7.334513066010508E-8 1.4140405679333399 0.016118053782266963 
1.1019478425707505 0.06680497866319314 1.0493017130642055 1.2000731679534515 0.2693191228993215 1.2467105609784244 1.3212993428564326 1.386762622937849 1.4505560624092566 0.6015145443066023 1.4340302793719309E-8 0.739571551536054 3.7606477662365834E-6 1.4148839530984456 0.0019993432778543305 
1.1125340261957202 0.06680497866319314 1.0496137370600014 1.199446347895195 0.2664018964541492 1.2467681894710891 1.381652945366973 1.386762622937849 1.4489622339066988 0.6015145443066023 5.092309141155716E-6 0.739501273233557 1.5656246566273672E-6 1.414906032121779 0.019004755983805206 
1.1204511374726247 0.06665580159782902 1.02864768693384 1.1951963774974461 0.2664039101550982 1.2467097348422427 1.3222711849013498 1.3810582227737542 1.450382327837794 0.5999688901941771 5.067398282768335E-6 0.7281857567533648 3.758974904691015E-6 1.415835325856427 0.0019439295215318824 
1.1299116144196384 0.06663675807173705 1.048678342738351 1.1125327678931896 0.26616989032385846 1.2850329047344051 1.335274606255853 1.3872598326790846 1.4490046735927324 0.5999136244549247 2.031677448307425E-9 0.6823460538635135 3.7074068078133426E-5 1.4357931776279886 0.07163585257299536 
1.1399467595293882 0.06664144665196059 1.0492195990773725 1.2011929059189657 0.26641592900513267 1.2453292835984902 1.3215507708639986 1.4212357597294145 1.4448774684136398 0.6015374361312739 5.340299226114896E-8 0.7328107852695914 6.5943815765226E-5 1.4219484808113678 0.016504078487349784 
1.1503162272557963 0.06698823166831917 1.0472052716116032 1.1164957454952809 0.2661692051932213 1.2483606740059852 1.3215590799519912 1.3882051899779213 1.45037729041308 0.5996666779935126 6.378307605862717E-9 0.7332811671701505 3.4817700190276884E-8 1.4252326191433524 0.016409812154659125 
1.1734704647296381 0.06701281649370427 1.0487305810120424 1.1161357579380577 0.2660038532538289 1.2452994216699134 1.3165649624719453 1.3872796913244532 1.450061485317835 0.5996640900314174 1.856698533377219E-8 0.7332795830887319 4.6999856458083043E-7 1.4357013899973403 0.016505384069991337 
1.195679725126837 0.06701139860672496 1.0978839976216794 1.117172112793021 0.2340551847768096 1.255460081986927 1.3223270251462327 1.3811065389316173 1.1524829444093199 0.5999581840862312 1.3746587475122626E-4 0.7266340291378491 7.983431649882912E-4 1.4806300152417966 0.001886540170918322 
1.2036156390435033 0.06701293742652831 1.048633516800143 1.124755422410015 0.23220892392593323 1.246135493758606 1.2020757577306627 1.3838760233309286 1.157372439162308 0.599929692861601 5.144802182173013E-6 0.7615433129000014 1.0034826166293166E-5 1.4999993127531064 0.015415353828551838 
1.222388990657995 0.0670079046448688 1.0489253952274653 1.11319200409364 0.2662620508720283 1.2331428328119456 1.3214665795056832 1.3832690167957482 1.1945972559327154 0.5999575743311288 1.8012188776091958E-6 0.7332212928186038 1.5447069936947074E-9 1.4999999790477232 0.016519560200669223 
1.253191412760392 0.06667323563250888 1.0257761050383727 1.116415009792325 0.26650481712641183 1.2460257372887715 1.3178341658739552 1.3832098691532366 1.4498357432045965 0.5999306891343701 4.624041175347866E-11 0.7332268171729489 2.2151737118944383E-4 1.4999999999811933 0.016416001950406003 
1.3759067614555807 0.06691871412989105 1.0489685526846708 1.1164136206446307 0.2664754080860476 1.2497651475442269 1.3169490058749607 1.3832041797175232 1.449836585484927 0.5999746763214296 2.5662006264064563E-12 0.7332199027943556 2.5845081060731394E-9 1.499999999999947 0.016511221440245732 
1.379672731269511 0.06652743832683726 1.048966158047159 1.116410262881741 0.266475544320657 1.2497528582967992 1.3171070594630163 1.3832362123374813 1.4498355343641152 0.5999738098638407 5.53248323854754E-11 0.7332185672682655 2.6753884812387407E-9 1.499999999898835 0.0164169762935928 
1.383508403904892 0.06691872341533048 1.0489865823807658 1.1164136009714185 0.2664755517217452 1.249754437917836 1.3169490038959861 1.3832037558792993 1.4498069402368228 0.599974657132392 5.266689203497292E-11 0.7332187853663045 2.724668402989107E-9 1.4999999999999467 0.016317972744636096 
1.3872735174327442 0.0670015666996349 1.0487723523892225 1.1164104308869345 0.2665699014478927 1.2499058541039452 1.3171015777675963 1.3832248321504088 1.4498257802546457 0.5999742092632325 5.283061974819145E-11 0.7332185718483787 8.280874202855012E-10 1.4999999999865277 0.010356669303657036 
1.3909866694850166 0.06692144283665495 1.048967561885671 1.116411620773861 0.2664757536201821 1.2496971514375323 1.3171075881659666 1.3832068590336977 1.4498362342050453 0.5999740945564586 1.0661777871451733E-11 0.7332177930093927 2.594344432928702E-9 1.4999999999057618 0.01642033033676312 
1.3946524891880034 0.06652690863281058 1.0493180653667393 1.1164122170130395 0.26642037955162806 1.2498909760854686 1.3169721738254636 1.383223464065544 1.406575682425181 0.599973993455504 5.253846949095654E-11 0.733218671865321 1.0250399949897337E-8 1.4999999999998601 0.01641382118850026 
1.3982297174500786 0.06691357520713605 1.0492453097539982 1.1155841370354045 0.2665813859752007 1.249886048993587 1.316978607025091 1.3831488243464165 1.4498368821875216 0.6000049001861761 5.908039865966415E-10 0.7332225122365728 1.6203488859819042E-7 1.4999999999411153 0.016333815260015306 
1.4017654715270031 0.06690350040833633 1.0493639339256353 1.1163191797413208 0.26650666074133106 1.2496416117902924 1.316999652315985 1.3832012974043482 1.4497987000266193 0.6001410943165413 2.5674121405782724E-11 0.7332283923507138 2.8007999238798246E-9 1.4999999996378597 0.01697586930109771 
1.4052614800146013 0.06692088312377362 1.0488746894090504 1.1162715544440827 0.2665195026352847 1.2496465767314937 1.3171251473548264 1.383937655605057 1.449842682565015 0.5999614862628913 1.8400855593691764E-11 0.7332235878779086 7.705302297520875E-7 1.499999999422303 0.016938594119660873 
1.4086975450481225 0.06690338359808264 1.0491084519509315 1.1155748746740277 0.26651285828134913 1.249606095286948 1.3169794958390135 1.3832101325758062 1.4497859568542681 0.5997900129534466 5.797336986485217E-10 0.7332224039232254 7.861368619047394E-7 1.4999999999916385 0.01692541477535812 
1.4121103662367498 0.06652275896026733 1.0490812262861906 1.1162745268303813 0.26660310885497346 1.2522020342463898 1.3169735805932312 1.383239077212484 1.447121017108916 0.5999705179228696 7.195552458830262E-10 0.7332179983053462 5.899298012213273E-9 1.4999999932288923 0.016954938980756246 
1.4154207505006473 0.06690857150744056 1.0489534236491842 1.1162718056369967 0.2665043704414021 1.2522266490940315 1.3169796364384851 1.3838073495396206 1.4498426401134388 0.5998215665387645 1.174282612734028E-9 0.7332277969139367 1.4662231199662944E-7 1.4999999925936471 0.016965539688487043 
1.418717868443126 0.06690552939526927 1.0197207149517447 1.1163168346203927 0.2671913121643002 1.2498008649496606 1.3145326177641605 1.3838753483173432 1.45020847571181 0.5998339843900902 1.1695578246628002E-9 0.7332289465424455 2.4276952525252573E-8 1.499999998165925 0.013249784841663703 
1.4220135590707808 0.06635479423602983 1.049956459550952 1.1162690296666278 0.26629648641981624 1.252247799541696 1.3171365292264854 1.383875694355478 1.4512412884693198 0.6001162401793229 9.767556740523394E-10 0.7332589650391317 7.172717659309861E-9 1.4999999999798652 0.013443628188730338 
1.4252551896281616 0.06648326074453116 1.0490381962808444 1.116381959379918 0.268067595961047 1.2522269622663864 1.316906399770014 1.383870717221852 1.4244145549681926 0.5998716736887104 9.735150986156527E-10 0.7332535527925754 1.3033358592306266E-7 1.49999999327373 0.015968001752824725 
1.4284651735042782 0.06635259524641621 1.0506340964911354 1.11666001221847 0.2671803564002041 1.24943616686736 1.3145398304706648 1.3838580592951673 1.4496694568543742 0.6001104459878799 4.3363981325433754E-10 0.7332289004336844 7.229033190483183E-9 1.4999999980823207 0.015887824733155486 
1.4316556026971714 0.06635478657986785 1.0489318323031827 1.116375622238379 0.2662686019888388 1.25047726499727 1.3170881719440202 1.3839304441244493 1.4506661605676525 0.6000156698337732 9.78200845410467E-10 0.7332088760117458 7.213709118981927E-9 1.4999999999983271 0.01599540838874276 
1.4347998679028353 0.06668226348505715 1.0489906543970717 1.1163186939491676 0.26633748650790734 1.2504752641954027 1.3145289369916802 1.3831772764866848 1.450666518051768 0.5998766119332598 8.790963955268059E-10 0.7332776294819792 7.297209906756454E-9 1.4999999999821092 0.017953646576314628 
1.4379485989656602 0.06667308271030348 1.049035115808016 1.1166610001836261 0.2664589658908384 1.2494414876618287 1.3145422573870162 1.383839332416635 1.4496726606292154 0.6001115098463542 9.590970117777487E-10 0.733561295546659 5.008660934775892E-10 1.499999999933591 0.015887115556205325 
1.4410744582375712 0.06667546128760589 1.04903561278417 1.1163183133562598 0.2662565812381276 1.2505699417222584 1.3143432832500646 1.3838499592183007 1.4497223652371478 0.5998857340684413 9.121042466280225E-10 0.7335323545895478 1.2991847478727701E-9 1.4999999999829823 0.017258751701201967 
1.4441685744447625 0.06666530889616291 1.0493525615288029 1.1163138544130737 0.2664219654385449 1.2503927304787856 1.317007855761412 1.3839248053104194 1.4498040296119634 0.600107991555403 1.9179669460979723E-9 0.733532564129849 8.486656510614185E-10 1.4999999978451968 0.01657381867474282 
1.4472570093607962 0.06666578408833351 1.049352549824447 1.1163156909019991 0.2664220367116047 1.2504202161110143 1.3170694246344568 1.3832222377085719 1.4498864999519294 0.6001114840103773 1.9132466546220205E-9 0.7335325289429306 7.63946013341935E-10 1.4999999999441531 0.017584081003313726 
1.4503268003388674 0.06661663575108444 1.049320424956789 1.1163238800074613 0.2664216792234889 1.2504205466113656 1.317004761702441 1.3831857626507245 1.449804009658602 0.5999758669340031 7.241007316440399E-10 0.7335273815785271 8.555784657344694E-10 1.4999999978392664 0.016639469309900685 
1.4533938779862658 0.06661549293827893 1.0493216178349205 1.1164079660692674 0.2664215590455498 1.2485518216066425 1.3170047965435856 1.3832204375351997 1.4498035097254245 0.5999387220582708 7.299414804083109E-10 0.7332623276652391 1.4871226504284594E-10 1.4999999977219591 0.016606430410657066 
1.4564471432513122 0.06666084725604324 1.0491247610959062 1.1164084541820996 0.2664211914099871 1.2505702723260106 1.3170046083238833 1.3838596266883274 1.4499171943356186 0.5998876956174496 6.27097229937982E-10 0.7335274779513213 1.304086962664111E-9 1.49999999996492 0.016615350148466844 
1.459501728302621 0.06661916811930983 1.0492584292977507 1.1164079283742345 0.2664215311050199 1.250315802144421 1.3170048284076719 1.3831785388875535 1.4499526315504832 0.6001014895209481 8.826827478128279E-9 0.7335352795775258 3.9023239995545317E-10 1.4999999977224758 0.01471311465827323 
1.4625300844377203 0.06662478192241077 1.049348562806899 1.1164081044632597 0.266463323184302 1.2498813607213737 1.3172118102749628 1.3829575174898299 1.4498040964714036 0.5999402642843426 1.8013017425984178E-9 0.7332621122858983 3.1107523695061896E-10 1.499999999967576 0.016482252463525 
1.4655855039068069 0.06663331022834411 1.0501719689183164 1.1164559613044327 0.2663392584084702 1.249864701465055 1.3173467868218265 1.3831798353780143 1.449954667811833 0.6001028449762121 2.0143053753762903E-9 0.7333387303725214 1.5590030149764364E-8 1.4999999979552014 0.016745940189164452 
1.4686488606136412 0.0669897604742155 1.0493489279818138 1.1163946577263548 0.2664637217140039 1.2498813607213737 1.317212710472263 1.3829568505903793 1.449850781922197 0.6006519810917021 1.8075130634683423E-9 0.7332539865350486 2.988861539743854E-8 1.4999999978614942 0.016482539283777336 
1.4717095047625552 0.06668324316832151 1.0501193956346877 1.1164544993142342 0.26648606221127574 1.2498959163767702 1.3173396481141062 1.3832162318055508 1.4498543895010085 0.6000811475543159 2.151857028541855E-11 0.7332565914331212 2.105695806693453E-7 1.499999961282634 0.016699470596970908 
1.474770386744401 0.0666339221677157 1.0493224130335397 1.116456070770211 0.26650678961754315 1.2498987978991962 1.3173166551155169 1.3832203506047747 1.4498203686643878 0.5999404661082197 1.6178594037184505E-9 0.7333362210661762 1.3872166724604632E-9 1.4999999711443517 0.01672833966760388 
1.4778455783798339 0.06667841326551782 1.050152323833722 1.116457325912959 0.26646119514049443 1.249892877042842 1.3173416526532673 1.3832237214877285 1.4506497334221926 0.6001036420002097 1.8057122728547574E-9 0.7332648294899932 4.236334730196246E-8 1.499999999350206 0.016007356267470588 
1.480936318138855 0.06668432014491248 1.0501110592698606 1.1162827924345868 0.2664857717650694 1.249934364789909 1.3150090858342642 1.3832289853810043 1.4500832087802296 0.5999456361602029 4.2580804443833736E-10 0.733210101766829 2.0666838664092842E-7 1.4999999997060653 0.01628648623318572 
1.4840525750182763 0.06668346211989265 1.0502429368267414 1.1164575618261954 0.266495880950111 1.2501057379256832 1.3173224798714993 1.3832306287675091 1.4498738354514031 0.6001026232507496 9.828593102197611E-9 0.7332075771522645 3.0526879542831206E-7 1.4999999995757833 0.01634549543130726 
1.4871827079408835 0.06668374932077031 1.0492871972269815 1.1162916843246853 0.26649733565512423 1.2499240436129389 1.315080784569452 1.3831553973630855 1.4500832077564254 0.6001012860226428 4.2512441733060045E-10 0.7332646643177838 2.249692303937502E-9 1.499999999730696 0.017143493875206608 
1.4903349128032468 0.06668375863142606 1.0489887891323422 1.1164884037989482 0.2665973778168648 1.2517263737108426 1.3162432896051466 1.3831882859828064 1.4499155309552285 0.5999381928565983 2.7452690056875463E-10 0.7332065703691677 2.1100406315058752E-7 1.4999999995768447 0.016345423326546264 
1.493522870581711 0.06666931209937865 1.0502047766004903 1.116457355274352 0.26648743472952513 1.249865213290883 1.317320490783055 1.3831549984303517 1.4498200932557417 0.5999701007517176 5.356865412669091E-10 0.7332110711978795 2.0348993013114539E-7 1.4999999993645774 0.016005033288557718 
1.4967599778608531 0.06670243154546888 1.0501134205339917 1.1163638913636975 0.2671677177726067 1.2492254506660354 1.3162310781428412 1.3831856163542977 1.4499059934034702 0.5999731309587253 3.801489041997236E-10 0.7335742587817443 3.3535584707261092E-9 1.499999999574283 0.017453150579390325 
1.4999984384264173 0.06692235995747683 1.0493092929097367 1.1162916782467955 0.26637763722757685 1.2492736883644424 1.3162470481517223 1.3831867508777114 1.4498831433949182 0.599952360913763 2.949216031737615E-9 0.7333579698769263 5.814607586933925E-9 1.4999999997464255 0.016721802764583474 
