0.020495610388710925 1.2448561555681439 
0.025656108186462946 1.2447604924360893 
0.0334248180004496 1.2445761124378458 
0.0654321187372341 1.243304289360925 
0.06608878345435891 1.2432695572964771 
0.07926214690212578 1.2424992681917568 
0.11371621126855343 1.2398207703794921 
0.1238216358431708 1.2388528393462612 
0.1285939299968138 1.2383660690920182 
0.1659725059884221 1.2339124950634108 
0.17000707595698142 1.233363090238029 
0.18207259746513238 1.231639755685315 
0.2229536380506674 1.2248994218757034 
0.2355039592528437 1.2225484876414012 
0.24049213573354472 1.2215770352954205 
0.28571236709690345 1.2117983996832138 
0.2875115712417447 1.2113727810588235 
0.3050083911096728 1.2070860779104007 
0.35584163536719393 1.193089958331688 
0.36040610532254086 1.1917190768212287 
0.37723486725108735 1.186499377616609 
0.43568131176303565 1.166305582887698 
0.4368709957684957 1.1658604767224925 
0.4564750388698314 1.1583252811626308 
0.4598304489777257 1.156997353711438 
0.5291637946770293 1.126974975980932 
0.536236844365505 1.1236267017259622 
0.5564556703936497 1.1137522188412208 
0.5569861947742388 1.1134869989880753 
0.6440252627950896 1.0655131998090805 
0.6579348798344972 1.0569808948270292 
0.6771890660133055 1.0447496766964997 
0.8001565799115875 0.9538534298885161 
0.8156617104045021 0.9406289875744108 
0.8344219792504854 0.9240275313154962 
0.8419558816199999 0.9171680388514838 
