0.0181082097514279 0.9831476213717083 1.0498271621387707 0.20005104889895067 0.26680332326730105 1.0999999995298526 0.39992657592161707 0.466749441016994 4.10760028745561E-15 0.5999733345312562 0.6666603301864514 0.7334377880968249 0.7998236232511854 3.303313300459583E-9 0.9333359411735159 
0.022667594642826274 0.9831475995432294 1.049918064182843 0.20004426299513658 0.266801933302498 1.0999999994370784 0.3999269422170054 0.4667494437570752 1.8789035997653446E-15 0.5993693345642298 0.6664766295707489 0.7334363621727682 0.7998237845153603 3.3154816009032414E-9 0.9333535150399676 
0.029531377879198614 0.983142268177514 1.0499163497275947 0.20000871277404408 0.2667697012190717 1.0999999999752337 0.39996394022314324 0.4667587541768512 6.665107729804003E-15 0.5999937487303282 0.6665363791622516 0.7334377099323907 0.7998538498768238 3.759569123651813E-9 0.9333250351650605 
0.057810355881132126 0.983150183476078 1.0498286226018834 0.20000902920845512 0.2668062211634671 1.0999999991631004 0.3999441866453764 0.46675025190074243 1.233730710119525E-16 0.5999911754921017 0.6665334110719594 0.733410293587136 0.7998402486412599 3.160129623148666E-12 0.9333243835067727 
0.05839052996277265 0.9831394520006127 1.0499201125402204 0.2000510488014618 0.2667679742193459 1.0999999995281073 0.3999269802407361 0.46674595030432486 3.3634383184131433E-13 0.5993704764888439 0.666533571522556 0.7334363528234018 0.7998236236301733 3.856124682046795E-9 0.9333359427483453 
0.07002941379324247 0.9831408008312973 1.0499159544800905 0.20008757913298622 0.2668021378615445 1.0999999995295737 0.3999637058314503 0.46674916361325275 1.3601470000106288E-13 0.5993724485716164 0.6665277849170784 0.7334363644856694 0.7997973765345656 3.759722669616208E-9 0.933336362856464 
0.10047014779712353 0.9831508364733594 1.0498983674389037 0.20004112037308264 0.26680094011304906 1.0999999994999385 0.39994463802818647 0.46675864617882445 7.61022845772128E-14 0.599373243081478 0.6665287090223421 0.7334387948349278 0.7998538558509131 8.911157258925498E-9 0.9333351740044185 
0.10939841343899162 0.9831507705199537 1.02562225945877 0.2000609089782018 0.2666752740226799 1.0999999999999346 0.39996351977058453 0.4667513927426593 7.354053017583108E-12 0.5993659425996268 0.6666589747651005 0.7334124531973937 0.7998538060042253 9.074539387565727E-9 0.9333336825507598 
0.1136148576022071 0.9831405260870001 1.0498031963979386 0.20004537216923635 0.26666930987598825 1.0999999645541902 0.39998068724315394 0.4667496404365709 3.032879105540383E-11 0.6000473079146829 0.6665280002772369 0.7334102880380519 0.7998240838874208 2.0464104577567E-6 0.9333347025425665 
0.14663944592500996 0.983150671989987 1.0498956402186073 0.2000554742849735 0.26667280157342843 1.0999999971148702 0.3999515481900679 0.4667637336042783 2.8327874464554324E-13 0.6000255230027894 0.6665286009508841 0.7334106525147867 0.7998364651942328 1.2537563797740286E-7 0.933328397914375 
0.15020405502130002 0.9831449113055241 1.0501250554903572 0.20005260439160977 0.2666745864381124 1.0999999999946164 0.39994449326120857 0.466746962027716 2.1146798223856857E-15 0.6000102701220967 0.6665410309772974 0.7333907678514794 0.7998542906745947 4.325926044563037E-11 0.933334717715874 
0.16086414221863676 0.9831501303595976 1.0498010039490877 0.20006608058601427 0.2666726839671841 1.0999999999422625 0.40048242235005427 0.4667611605092295 2.543760856097224E-13 0.6000280179638473 0.6665347761789163 0.7333903084691651 0.7998361354060018 8.26946804703424E-9 0.9333347099271286 
0.19698321570646973 0.9831587166035743 1.0501645388367091 0.20029648134979944 0.26667474646198563 1.0999999998296683 0.3999520325697798 0.466746943572736 6.260023379021853E-12 0.6000099084069915 0.6665347206438957 0.7334380106728359 0.7998371447681106 1.0209285609522896E-7 0.9333479607210587 
0.20807163137354404 0.9830602176071771 1.050164453056209 0.20005642215538716 0.26667481951396504 1.099999999864852 0.3999446768156974 0.46675895565175773 5.690764184693737E-15 0.6000614117339268 0.6665480085584266 0.7333616579548891 0.7998238518102242 2.366351438466186E-6 0.9333307695918245 
0.2124787674752829 0.9830526736836369 1.0497951132784085 0.20029706930694496 0.2666644700135045 1.0999999999890993 0.39991202140088217 0.46672401623379345 5.3694669887285405E-12 0.5992742576170113 0.666548913129346 0.7334101176183455 0.7998375044659259 1.5240028964040975E-7 0.9333481056084205 
0.2524315877254483 0.9831384417783686 1.0499150237829429 0.20026001748479805 0.2666445826166947 1.0999999997859167 0.39990949889550065 0.4667589413244591 5.345901962784712E-12 0.6001505376841504 0.666535816426934 0.7333444859325465 0.7998450333729874 1.0856083954576073E-8 0.9333481466068333 
0.2540212142479921 0.9830784759411139 1.0499218423322945 0.20026025199549347 0.26663270963085695 1.099999999853235 0.39996010400171605 0.4669310129570765 1.1255461300359131E-12 0.6000676208852603 0.666426665941052 0.7334152775522266 0.7998446780544194 1.359845304894564E-7 0.933348224279032 
0.26947994313679435 0.9831413042682037 1.0499239305604664 0.20004897070305452 0.2666430225135931 1.0999999998532344 0.40000086422426834 0.4667522493107006 1.4320889811705602E-12 0.6000655986919373 0.666548848920287 0.7334172344655937 0.7998374992132135 2.483720361286449E-8 0.9333482041826509 
0.31439195267898823 0.9831368034508438 1.049923941166343 0.20004860121332668 0.2666445871089053 1.0999999998385772 0.3999101186222148 0.466752299520407 1.401524663937415E-12 0.600192749333169 0.6665354089208781 0.7334172352357612 0.7998373446086648 4.808489176381718E-10 0.933348194437931 
0.3184247370827762 0.9830768000368231 1.049930972971857 0.20027160810507855 0.26663229098260366 1.0999999974201917 0.40050528139656094 0.46675824013234435 1.4461642007439916E-13 0.6001945294918588 0.6665350454556962 0.7334148982257137 0.7998444289077531 1.3598464967596168E-7 0.9333458359260219 
0.3332932258206648 0.9831503921503884 1.0498024546158593 0.2002638332858223 0.26667259942604166 1.099999999700262 0.39992324822490644 0.4667503312309907 1.0425353877191099E-13 0.5999958356207012 0.6664292834176715 0.7334098293443008 0.7998416505874798 5.01459660732793E-10 0.9333420325602105 
0.3849316233364998 0.9831455966702257 1.0498055971001024 0.20007118863587864 0.2666746673842686 1.0999999999560668 0.39994338141409663 0.46676020204943447 2.3716218911701743E-16 0.600003117280791 0.6665648725720267 0.7334134926530418 0.7998409804959771 1.914065569608781E-8 0.933335353675665 
0.385982728769156 0.9831458240015092 1.0499277096950468 0.20008352772334936 0.26664450638714854 1.0999999997276186 0.3999279066310396 0.4667582420228962 9.56978252005658E-13 0.6001599124356938 0.6665355187487937 0.7334102117941378 0.799844389312692 6.966314051309876E-10 0.9333457706697165 
0.403303224124718 0.9831459172977076 1.0498073039161941 0.20011049712958323 0.266672345096242 1.099999999998185 0.39994266072008544 0.4667612983382753 1.0612515402652365E-13 0.6001544174190856 0.6665426959893411 0.7334134749280488 0.7998412490955092 1.0305440661000534E-11 0.9333428290184769 
0.40626778425822574 0.9831501026671491 1.049812544546046 0.20038978828950263 0.26667484429756266 1.0999999996988519 0.3999313974731305 0.4667604584816478 2.3716218911701743E-16 0.6000030955689841 0.6664292876558234 0.7334097635240605 0.799841369830711 4.50468254220767E-11 0.9333548620302743 
0.4675249385206551 0.9831455893029258 1.0498018494237746 0.20006127585411948 0.266674829480201 1.099999999999985 0.39994402868288603 0.46675803951598077 2.3716218911701743E-16 0.600003113300778 0.6665648725727545 0.7334134829461529 0.799841036650585 4.235899126542127E-10 0.9333424477612765 
0.47377409455480973 0.9831459135016235 1.0498073001422346 0.20007736277137209 0.2666750343038601 1.0999999999981938 0.3999427148986838 0.4667579864580523 1.0612515402652365E-13 0.5999979318630914 0.6665454081882479 0.7334134749284569 0.7998360874391109 4.145062011070566E-11 0.9333355544232743 
0.49163776075952603 0.983145937291279 1.0498019551070006 0.20007736648917987 0.2666776343635997 1.09999999999996 0.39990290930553607 0.46676048609958226 6.96983833526642E-16 0.6000802780500712 0.6665428732671944 0.7334146408996447 0.7998361824487409 3.797386914172618E-11 0.9333547336500557 
0.4921064877985218 0.9831501606601138 1.049801851811394 0.20006214728237 0.26667482948275834 1.0999999999999852 0.39994402733691575 0.466757980095669 8.141119716799848E-17 0.6000031627451031 0.666565193896987 0.7334135964467379 0.7998410364742264 4.966023305102373E-10 0.9333423268673212 
0.5690069396710226 0.9831458596627685 1.049801775611787 0.20007807319348947 0.26667475852976025 1.0999999999999694 0.39994586137453847 0.4667580912987424 8.141119716799848E-17 0.6000052688704799 0.666540567691745 0.7334147062586687 0.7998408553605995 4.942121000901992E-10 0.9333423829920058 
0.5812963156865264 0.9831455144398906 1.0496070317937505 0.20006050218280283 0.2666749342844982 1.0999999999995431 0.3999458641949741 0.4667601493202865 0.0 0.6000031459183256 0.6665428744498836 0.7334132082001401 0.7998366074195778 4.1355946034870475E-10 0.9333350547762447 
0.5983077066862521 0.9831458597309122 1.0498020779298727 0.20006050306847364 0.26667493435656303 1.0999999999998837 0.39994586407061694 0.46676014492302026 0.0 0.6000051691965175 0.6665414706783663 0.7334132082001401 0.7998408672222719 4.1355946034870475E-10 0.9333354341340874 
0.7069515329524473 0.9831458596750577 1.0498009638398107 0.20007689042956406 0.2666747553358143 1.099999999998703 0.3999440633101283 0.46676014462169485 0.0 0.6000001378228255 0.6665414305206746 0.7334102219737098 0.7998367541608075 2.5768887930247712E-14 0.9333354401419909 
0.7206505714230466 0.98314585967482 1.0498009844419294 0.2000780722649506 0.2666745636413062 1.0999999999999623 0.3999440865993243 0.4667601476623381 0.0 0.599990163790148 0.6665414255033933 0.7334103673964323 0.7998414480223895 2.4373430628154603E-13 0.9333353307506209 
0.737225578305733 0.9831458596726795 1.049800977816959 0.20007689182720004 0.26665538853773785 1.0999999999998624 0.3999441011712158 0.46676014693233336 0.0 0.6000002297487652 0.6665410237260463 0.7334102205532989 0.7998411198457764 1.0416896634537178E-13 0.9333354374692403 
0.7438819052834538 0.9831458596748264 1.0498009409428672 0.20007695228215228 0.26667476702035814 1.099999999999996 0.39994411012343184 0.46676014758041734 0.0 0.5999906702635106 0.6665418509866177 0.7334101924602197 0.7998416126321906 1.138859344003846E-13 0.933336372793663 
