0.023457037368413796 0.949369123004937 
0.02490326560891445 0.9480162286846314 
0.02937189351431701 0.9396163840482796 
0.041022804286573476 0.9159075552252086 
0.05497860539968582 0.8958422994444808 
0.06785241429742471 0.8792578300936845 
0.07124124677056974 0.8731640868646512 
0.08200174205120772 0.8607207406956828 
0.09480540930317524 0.853758555131789 
0.10388980792783574 0.8400339342043627 
0.10900422869018371 0.8335958057863645 
0.12510763896609278 0.8241152823706964 
0.1313829987563597 0.8167500453975971 
0.14446323595700208 0.8145298076972355 
0.14926720055385348 0.8104334955019772 
0.16418051520654417 0.7980372955495874 
0.17204889100311488 0.7909484511508764 
0.1849186592533171 0.7849076479677503 
0.19539873919864809 0.7828939771232558 
0.21886257733818296 0.7738693995821873 
0.2255798632332083 0.7670126224981784 
0.24133541392310068 0.7619904498143997 
0.25177534894364123 0.7564033658782489 
0.27413966223485475 0.7487670605778326 
0.3037639913073341 0.7417363027241851 
0.3330915966649616 0.73025482533323 
0.33418752887808434 0.7301071864838715 
0.35809669343333056 0.7246351981418173 
0.3729641213820396 0.7242504734195 
0.38400026653855496 0.714054781960536 
0.44613035921574623 0.6955352991859685 
0.459676878902914 0.6879496840101138 
0.472724010566536 0.6814348645915328 
0.5448653641184886 0.6549204016277801 
0.5459291472025373 0.6537777841061888 
0.5762093170943069 0.6198676226394554 
0.5864039804899399 0.6119288684167478 
0.6003530273658773 0.5963149239850201 
0.6092025654605479 0.5868449799858309 
0.6234829966292403 0.5681181123364957 
0.6399465850062276 0.5533473389811547 
0.6465992867900687 0.5519428814943772 
0.6541395422801073 0.5189999636847875 
0.6622245358620227 0.5062660300248947 
0.6746468636588211 0.47136773277899385 
0.6999180530163598 0.43254935307804604 
0.7198023297743987 0.38452901440092907 
0.7307227871183494 0.36252037921925795 
0.7338711134473753 0.358107007154345 
0.7430947931494493 0.34245622215131405 
0.7516068255757351 0.33231718383371267 
0.7538792750952191 0.32729340427524994 
0.7724615952642728 0.30508698923954425 
0.7844486578200887 0.2932662512435512 
0.8251445791268942 0.2638814034736146 
0.8666407114357462 0.23933283373808303 
0.875820842692596 0.2353228404822912 
0.900912300516293 0.22840506986206152 
0.9158292566792884 0.21777346475316875 
0.9787305743001308 0.1980522908752464 
1.044772681327987 0.1805034902394253 
1.0416473641137982 0.18325698624058806 
1.1546054844638176 0.1365456212701857 
1.1669340032412245 0.13060700832113697 
1.2057291519367421 0.11325762015033858 
1.2126619118343653 0.10862989302590513 
1.2448425727077455 0.0885603583699624 
1.24552114675851 0.08370513396281419 
1.283518760293986 0.048498786320745745 
1.301575047887243 0.03933046857039886 
1.2960506763906148 0.041703538812609464 
