0.020203745251040052 0.9527540982468213 0.9598965220337841 0.9617235538955295 0.965538172934752 0.9692880978044326 0.9724745287004909 0.976524190026076 0.9798088057920503 0.9829641132844331 0.986929317233617 0.9895246008944238 0.9801059820373074 0.9948333885844604 0.9975314593471456 
0.02142893710340643 0.9527540982468213 0.9598965220337841 0.9617235538955295 0.965538172934752 0.9693243294291966 0.9729850981921675 0.9765231507823412 0.9798088057920503 0.982966154903669 0.9874865067209065 0.9889117965131856 0.9801059820373074 0.9948333885844604 0.9975314593471456 
0.025308222351490564 0.9527684067504781 0.9598965648443485 0.9617236853252179 0.9654272367454849 0.9692861794347769 0.9724745287004909 0.9769007944196014 0.979808799382497 0.9829641132844331 0.9859275713760902 0.9895246008889652 0.9801059399829862 0.9950969823171657 0.9975314593471456 
0.03554398468913966 0.9527543270062362 0.9600033159079834 0.9617244442314333 0.9654887550747385 0.9692863639756395 0.9724743400070845 0.9765241533358762 0.9798087999192717 0.9829656893566615 0.9869292088406955 0.9895207658236841 0.9804305466651496 0.9948295064257484 0.9975227694569808 
0.04757022204432114 0.9527543270952528 0.9572547504337579 0.9617236898071241 0.9654897493166191 0.9692862653609954 0.972989045714755 0.9765161257136413 0.9798088000386691 0.9829641132844331 0.9859447652016837 0.9895246007915045 0.980105982039176 0.9948295185363318 0.9976248339527662 
0.05855208592247931 0.9527541826328892 0.9553439051682363 0.9617235542417955 0.9655379731191103 0.9692861637132043 0.9724745287004909 0.976524190850162 0.9798088000386691 0.9829641132844331 0.9869293294449368 0.9895246008945109 0.980105982039176 0.994833387040222 0.9975234935658405 
0.06154806972903723 0.952754454080791 0.9572635092936769 0.9615001115706894 0.965651705650865 0.969324927989388 0.9729752239787823 0.9764281000557377 0.9798086571172628 0.9832800647507086 0.9859349688480045 0.9889137485699784 0.9801951900741211 0.9953516726252207 0.9988526010844904 
0.07062895348490449 0.9527540982468213 0.9598965220337841 0.9617245220161718 0.965494375808101 0.9692880978044326 0.9724745287004909 0.9765241904290446 0.979808799841185 0.9829641132844331 0.98692920813945 0.9895246008944238 0.9801059820373074 0.9948333885844604 0.997531355415881 
0.08076682025169253 0.9527690331903989 0.957254781887104 0.9617105149023761 0.9654279011959871 0.9692862649969106 0.9771166209868648 0.9769158860788079 0.9798087993582242 0.983277944825484 0.9859436184349064 0.9901770476064747 0.9800872233658222 0.9948472594973038 0.9976200513089044 
0.08865488615388853 0.9527706508436626 0.957301071970691 0.9621995131610318 0.9709357742457815 0.9692862680288706 0.9729774304497334 0.9764070588101232 0.9798086493118238 0.9832693854034096 0.9870592590649353 0.9890022525985441 0.9804679653835773 0.9948497086324495 0.9973025735427351 
0.09300330456989073 0.9521406895966443 0.9573036209354799 0.9622091287902557 0.970960704628961 0.9692862680288706 0.9729378178203014 0.976428561804547 0.9798086493169291 0.9832696817826633 0.986929237473416 0.9890022529468722 0.9804679653835773 0.9948492658742911 0.9975918519912429 
0.10560709745673412 0.952754454080791 0.9572635092936769 0.9615001115706894 0.965651705650865 0.969324927989388 0.9729752239787823 0.9764428744539229 0.9798081555551451 0.9832800647507086 0.9859349688480045 0.9889152048622976 0.9788341216451799 0.9948500110200394 0.9973380012659084 
0.11090471788135596 0.952754454080791 0.9572635092936769 0.9615001115706894 0.965651705650865 0.969324927989388 0.9729752239787823 0.9764428744539229 0.9798081555551451 0.9832779505269182 0.9859349688480045 0.9889235401255156 0.9788341216451799 0.9948500110200394 0.9973380012659084 
0.12039494561026738 0.9527694052111615 0.9573090866336637 0.9614967997080652 0.9654327738188377 0.9692863015077131 0.9729774312705655 0.9802852251887297 0.9798086493118238 0.982976302513276 0.9860233061773046 0.9890024408644682 0.9788363214080474 0.9948472594973038 0.9980512793855092 
0.12426531375579367 0.9527582238178378 0.9573096921826328 0.9615027146549128 0.965526010682307 0.9693244346068263 0.9729752239787823 0.9764490323789082 0.9798081555551451 0.9829799359038557 0.9859307952593116 0.9889152048622976 0.978129542016982 0.9948500050256541 0.9973488859597938 
0.13630789562169265 0.9527549879378971 0.9573096918021398 0.9615001303623446 0.965431636539749 0.9692862989873005 0.9729752251098175 0.9770170450374874 0.9798086492065777 0.9832809822977837 0.9861203405432288 0.9895254511526113 0.9780193329691836 0.9947254773440061 0.9973540442510945 
0.1428010263815741 0.9527552283713436 0.9573096918192442 0.9617267770488632 0.9655264150601133 0.9692848560816745 0.9729617247940004 0.9764288406994498 0.9798086471576211 0.9829749032575819 0.9861676529309235 0.9895323665452643 0.9780193325705766 0.9948342918686919 0.9980521797759896 
0.15264854585969206 0.9527547166151069 0.9539569527503339 0.9614988267350743 0.9654293447965139 0.9692900353994742 0.9729751815120211 0.9770569538741076 0.9798086493118238 0.9832811697785727 0.9860255561354379 0.9889366124086054 0.9779782264370611 0.9948318028372131 0.9973764945534814 
0.16020796886129499 0.9527533324640616 0.9540920919398628 0.9516078249883947 0.9654909161660293 0.969323779785072 0.9729478632919422 0.9764023879454222 0.9795800010080121 0.9832656953573272 0.9855837282113226 0.989556248488838 0.9800426339111592 0.9948342841278246 0.9983594116124463 
0.17802886378866642 0.9535604304863624 0.9614629664390195 0.951381015984031 0.9654924836819264 0.969465570975158 0.9741943500267499 0.9762692915202422 0.9798088136440036 0.9829652248522993 0.9869318247425757 0.9890057484493838 0.9800427817701982 0.9949445124817976 0.9983712269662792 
0.18406519989915343 0.9527580390124876 0.9568966833370187 0.9513763243727957 0.9654898638448333 0.9692804141436744 0.9724743547094935 0.9764964797648867 0.9798214700875427 0.9832675135323058 0.9888343712231599 0.9889959449121453 0.9800426277970536 0.9948341180192765 0.998384363186011 
0.19617953876152888 0.9527483958653353 0.9620209412753347 0.9513081719047664 0.965489228165451 0.969285978933666 0.9729514755327723 0.9764754333725487 0.9798107330394618 0.9832693057821135 0.9861074022267898 0.9889969539201816 0.9800666811615483 0.9948476076211074 0.9983774122111971 
0.20486560295689407 0.952752201838076 0.9575073886851091 0.9513093990954039 0.9654883177316163 0.9694657137660284 0.9724572959548199 0.9804490912569501 0.9798086406394484 0.9829641141687189 0.9869319059657438 0.989536855898573 0.9802378425755552 0.9948571256789431 0.998161028217071 
0.22295336400306445 0.9527124057249056 0.9620725100989075 0.9513082881666087 0.9655779030759061 0.9692859522034165 0.9729867445231808 0.9765919347082938 0.9798087618074875 0.9829379409021365 0.9861052777969369 0.9890376266054222 0.9800667017779777 0.9948557513220072 0.9980545450629806 
0.2471220256554984 0.9527489662508879 0.9619976369852844 0.9513082881666087 0.9655779030759061 0.9692859688593385 0.9729504002323687 0.9765643214173416 0.9798107978176266 0.9832675295635103 0.9861052777969369 0.9889951823750089 0.9800667017779777 0.9948557513220072 0.9980545450629806 
0.27395491420084905 0.9527539707533046 0.95732121923567 0.9513084060506753 0.965585126020407 0.9693508830931149 0.9724747014440688 0.9765635043375727 0.9798088156483847 0.9832707103048071 0.9860868090592613 0.9890159642738621 0.9800431151519553 0.9948596789191855 0.9980585971568409 
0.27488878816118656 0.9527537479288383 0.9573424939612474 0.9513084966610894 0.9655825326998092 0.9692881543103375 0.9730058376610384 0.9765635054603956 0.9798088112018889 0.9832692799277154 0.9860863516527137 0.9890413066193761 0.9800401219214125 0.9947174527344799 0.9980629661219581 
0.29649888095954663 0.9527543568679901 0.9573008580814771 0.9614986730066312 0.9655851570988424 0.9692765518854656 0.9729483651923923 0.9764032246486452 0.9798093907164754 0.9832627530737543 0.98608164133755 0.9890165634477593 0.977885832747727 0.9946615817705038 0.9980587359658709 
0.30897198365506956 0.9527543533192193 0.9573008580814771 0.9614983008848339 0.9655851570988424 0.9692765518854656 0.9729483773859933 0.9764029133825672 0.9798093907164754 0.9832627530737543 0.9860816414385902 0.9890164337274225 0.9779123953662499 0.9946615817705038 0.9980587359658709 
0.3179574547536925 0.9527543568881418 0.9573091580430815 0.9614986730066312 0.9655851570988424 0.9692901034992325 0.972946987166753 0.9764032517247981 0.9798274049478496 0.9832617377427185 0.9860816413472802 0.9890164330491439 0.977885832747727 0.9946619657809357 0.9980384672031553 
0.34835517202209604 0.9527920623915299 0.9573046353939842 0.9745861005224086 0.9654560090565355 0.9692892371158515 0.9729483484021464 0.976282180396111 0.9798075350744986 0.9829327974922708 0.9864208047941356 0.9890248696432369 0.9801286056302305 0.9948313161440178 0.9980384668815913 
0.35551493709003434 0.9527921943100564 0.9615962217032525 0.9745861005224086 0.9654560090565355 0.9693397536271775 0.9729914436202706 0.976100770072416 0.9798016090455746 0.9830977907981555 0.9867907670666042 0.9890345259779193 0.98012906440902 0.9948313161440178 0.9980384782381607 
0.3621313187144116 0.9493059534511834 0.9573096241651933 0.9612213379149073 0.965457267805501 0.9695197727156198 0.9730066509448794 0.9764376554201389 0.9831448482511062 0.9833645874023712 0.9746436308941951 0.9890249949199074 0.9799953772058763 0.9948335539814137 0.9980386243834497 
0.3950843189132692 0.9526855640068301 0.9573182289896768 0.9615261505915192 0.9655206477882535 0.9696205849435507 0.9729705315229298 0.9762676049054574 0.9798080736207777 0.9830791859758652 0.9860403848206742 0.9890337749028043 0.9709610222727906 0.9948334102643369 0.9973977197773374 
0.39577469353240763 0.9526855640068301 0.9573182289896768 0.9615261505915192 0.965894520736269 0.9696205849435507 0.9729705315229298 0.9762671673692651 0.9798080736189916 0.9830791859758652 0.9860403848206742 0.989033774902821 0.9709547656595554 0.9948334102643369 0.9973977197773374 
0.4162928123551942 0.9527848714333597 0.9573175853139098 0.9614652750302265 0.9654954929481819 0.969618677101567 0.972970733959224 0.9764147387517967 0.9798119371713448 0.9830778174438807 0.9860486413424207 0.9909687294919022 0.9709552331979446 0.99482573046239 0.9975942262840195 
0.4223195662750374 0.9526876377364093 0.9573177118380404 0.961498714195111 0.9655019192106082 0.9692835304575759 0.972970734185317 0.9764159305166802 0.9798080734193684 0.9830782331318998 0.9860547718889617 0.9890337729106276 0.9705748156555944 0.994825730510771 0.9973989460394022 
0.43233791263170973 0.95268558126121 0.957317720693137 0.9614655508668666 0.9658205564877282 0.9692765762062526 0.9729707329037517 0.9762548885341019 0.979808092032253 0.9830777985700899 0.9860412877059289 0.9890337750609881 0.9705770440713171 0.9948756987337465 0.9974643802743657 
0.43873144819827425 0.9526874382975616 0.9573177084637888 0.9614987173873558 0.9654913262659806 0.9692852076321632 0.9729707345100949 0.9764101166565999 0.9798080734193543 0.9830777969682968 0.9860484155159263 0.9890337750004736 0.9705751320660667 0.9948796600884643 0.9974643526103689 
0.45074059016717205 0.9527835117151856 0.9573175539013128 0.9614652750302265 0.9654914545101723 0.9692857034894596 0.9729707345104962 0.9764147387517967 0.9798117906330154 0.9830778174438807 0.9860487648445906 0.9890337749983324 0.9707890248076321 0.9948257308185913 0.997371359071869 
0.4626426405653604 0.9527835117151856 0.9573175551287603 0.9614652750302265 0.9654977231342333 0.9692744101491441 0.9729707345104962 0.9764147387517967 0.9798117823399254 0.9830778174438807 0.9860487648445906 0.9890337749983324 0.9707890248076321 0.99482573046239 0.9973713587001665 
0.46567137485844634 0.9526876377364093 0.9573177206716935 0.9614988034439022 0.9655010696042814 0.9692835304575759 0.9729707341749292 0.9764159305166802 0.979808061975571 0.9830780073955323 0.9860547718889617 0.9890337729106276 0.9705748156555944 0.9948256973615757 0.9973990707433089 
0.4838154959265858 0.9527823809291283 0.9573089056355755 0.971038007773324 0.9658467252572234 0.9692769117771565 0.9729693218971355 0.9765159783530301 0.9798116679759731 0.9830779790905438 0.9870113702063048 0.98905549791763 0.9747123708991823 0.9947104993808258 0.9973989545391114 
0.4937829257562323 0.952681011355387 0.9573174341893957 0.9710319259437729 0.9654360008741584 0.969275813982937 0.9729693735625676 0.9762477436844582 0.9798086742248237 0.9830975245414498 0.9860380987381033 0.989035259882063 0.9751007863819323 0.9948280802233221 0.9973981382819198 
0.5209713257714851 0.9527825313472454 0.9573087949511095 0.9575711605212756 0.965435214695374 0.9692768460039501 0.9732935873439073 0.9762475195499762 0.9798117501033788 0.9830775841093568 0.9857138123070646 0.9890339989198611 0.9747105261794613 0.9948256434888365 0.9973743254876666 
0.5696269422078757 0.9527274217493759 0.957245907364183 0.9614998149160099 0.9654911657160703 0.9692805413660531 0.9729845821940701 0.9764411842579548 0.9798009858493706 0.9896569399117012 0.9860540096161808 0.9890886390980909 0.9792171690722169 0.9948348439377394 0.9979447477601343 
0.6325388699033327 0.9527366637399733 0.9575020229113266 0.9453147539543605 0.9654297808807493 0.9700639485869846 0.9729765974285242 0.9764150601166526 0.9798011254512135 0.9829845158123592 0.9854396469612148 0.9900695590343603 0.9909785511817781 0.99483473061413 0.9987796080577309 
0.6440555606018783 0.9527367275914589 0.9575049629044219 0.9452616267051683 0.9654850731637732 0.9700247947623376 0.972976595397913 0.9764153355226286 0.9797968434689587 0.9829030020350588 0.9854908196947894 0.9889921426634753 0.9909894763448088 0.994834724087076 0.9979358244903831 
0.6465822110438215 0.9527367847343706 0.9573158432316337 0.9452616267051683 0.9654297121288192 0.969216289674754 0.972976595397913 0.9764025063423498 0.9797968434689587 0.9829845267272509 0.9854875417662656 0.9900636298814903 0.9909771057429572 0.9948278704180513 0.9973718670188177 
0.6551868572206482 0.9527367708300485 0.9575049000489811 0.9453147539543605 0.9654298247929579 0.9692631713801028 0.9729765985464321 0.9771331813673862 0.9798012814189239 0.9827891290663452 0.9854223736056429 0.9900644475393825 0.9918141764537679 0.9948361291275837 0.9979352627569562 
0.6613104178194897 0.9527367707530525 0.9575054516612455 0.9451691944235732 0.9654839408517202 0.9700729836625487 0.9729765954082037 0.9771524387160709 0.9798009194855436 0.9829845267272509 0.985503856149905 0.9900700049806772 0.9917945187311458 0.9948347421034924 0.9979358221678865 
0.6639792971968496 0.9527366787810113 0.9572895308536671 0.9452666242462435 0.9654297829353499 0.9692160420152853 0.9729765954416204 0.9764025063423498 0.9798010685414797 0.9829845466286744 0.9854915171632995 0.9900645695365281 0.9909771057429572 0.9948347308664777 0.9979358650354954 
0.6775680771248452 0.952988597194587 0.9572901800889223 0.9451703034573012 0.9654300605248813 0.9692773136446214 0.9729765695870481 0.9764050177306223 0.9798012826000766 0.9829850872605688 0.9854914119452897 0.9900642073620439 0.9909960372175639 0.9931803365803834 0.9979352213568229 
0.6852893631049529 0.9527433073871662 0.9572902659651362 0.9453138132715116 0.965431377187166 0.9692815047552077 0.9729765973429492 0.9764049973332926 0.9798011262821885 0.9829835836481723 0.9854914741122959 0.9900642040381759 0.9947249463911828 0.994836114612167 0.9979352218613263 
0.7067435120211087 0.9538410965786636 0.9572470701988798 0.9454609950396652 0.9654314032137798 0.969257907229136 0.972987261096331 0.9764064030069622 0.979802227383733 0.9829538789287715 0.9854908020276241 0.9890363463281512 0.9968911895898377 0.9947139711530109 0.9983735703457576 
0.7264891137547659 0.9527577254137827 0.9575177302844698 0.963748810047904 0.9654271610110842 0.970065552710677 0.9826193366939466 0.9764001408304294 0.9796743843394382 0.9829704172207135 0.9931956776757472 0.9890357263992733 0.9917673341443717 0.994750609404376 0.992455671263759 
0.730165816281241 0.9580792403033974 0.9575055147073583 0.9451691944235732 0.9654839408517202 0.9767049210983351 0.9729765954082037 0.9764025063423498 0.9798009194855436 0.9829845267272509 0.9854970810836864 0.9900696415147484 0.9909758845859962 0.9948347421034924 0.997935802837177 
0.7379576555145905 0.9527577254137827 0.9575095115811597 0.9620659265180906 0.9654271610110842 0.9695090882867753 0.9729768021063062 0.9764002833119002 0.9796758455558587 0.9829700415473533 0.9928784796901656 0.9890358938803798 0.979851115795865 0.9948283062827733 0.9979678517063786 
0.7465939141706233 0.9527596783482756 0.9572865254172105 0.9443249233809766 0.9655783252976347 0.9692360471738523 0.9729872618309963 0.9763944435819398 0.9796743843394382 0.9829785171646448 0.9940048682821065 0.9890357290132755 0.991912177372509 0.9947215269052512 0.998349696944798 
0.7688129462908094 0.9527946522830683 0.9573199976742831 0.9615088699601358 0.9655787732384107 0.9693498982971058 0.972990334264348 0.9761085589637174 0.9801809100445863 0.9829765712646913 0.9752322755057918 0.9890154501601058 0.9802235909072601 0.9956906089617179 0.99841019418078 
0.7920387269968563 0.9527946522830683 0.9573016126317312 0.9615090682486048 0.9655787735041897 0.9693498982971058 0.9729901239161842 0.9761084864015458 0.9800434527959747 0.9829765808787663 0.9752515649263528 0.989015975424059 0.9782119436099957 0.9956945252576841 0.9984093872975978 
0.789256430420705 0.9527946522830683 0.9573016126317312 0.9615090682486048 0.9655787734939799 0.9693498982971058 0.9729901239161842 0.9761084878357291 0.9801809100445863 0.9829765712646913 0.9752322755057918 0.9890159756384705 0.9782027019194474 0.9956957610566775 0.99841019418078 
0.873155298212884 0.952794652860602 0.957301572293994 0.9617224994175999 0.9655787735042245 0.9616597204708051 0.9729876057037339 0.9761084863793879 0.9801803086600626 0.9829725954719783 0.9750102664819548 0.9890159893365225 0.9800669184765061 0.995725099253374 0.9983828980247733 
0.8989091084268256 0.9527946528369277 0.957301572293994 0.9561332867061849 0.9655787735035909 0.9693507952923541 0.9729876057037339 0.9761084863793879 0.9801802738899822 0.9829725954719783 0.9750102633766141 0.9890159893365225 0.9800669184765061 0.995725099253374 0.9983828980247733 
0.9445326024429633 0.9527946522830683 0.957301534780188 0.9615090682486048 0.9655787732556974 0.9693501147526262 0.9729876057098213 0.9761084863793879 0.980165493985243 0.9829765712646913 0.9752322755057918 0.9890011212142527 0.9800669045677219 0.9956906340745523 0.99841019418078 
0.9469640735943698 0.9527946522830683 0.9573015030672333 0.9617175980658969 0.9655787735042303 0.9693507952923541 0.9729876057098206 0.9761084863793879 0.9801802967949734 0.9829766942628253 0.9750102663616876 0.9890159893365225 0.9800669052169603 0.9956382448197351 0.9983828980247733 
0.9574426934188677 0.952578863401241 0.957301572293994 0.9561332867061849 0.9655787735035459 0.9693507952923541 0.9729876057037339 0.9761084863793879 0.9801980289035718 0.9829725682409762 0.9750102632062405 0.9890159893365225 0.980066918590457 0.995725099253374 0.9988752635898193 
0.9597224031843854 0.9525740185826602 0.9572936456847463 0.9561332867061849 0.9655787735048718 0.9693507952923541 0.9729876057035051 0.976123790283736 0.9793508712726274 0.9827753575251146 0.9750102632009525 0.9890159893365225 0.9800669196246903 0.9958647830366922 0.9980394176918745 
0.9773444260831365 0.952570652674633 0.9573010690303154 0.9561362811708012 0.971176376226707 0.9693501186038898 0.972987605703814 0.9761086452681468 0.9793508712726274 0.9827935272034546 0.9755658836159672 0.9890159893365225 0.9800669184560715 0.9958881796312979 0.9983682176176997 
0.9820766289318266 0.952583161314903 0.9569116334761435 0.9510860566743121 0.9654898638448333 0.9693520077527507 0.9724743547094935 0.9765056939425086 0.9793094920556563 0.9829536856883935 0.975939018902254 0.989016938097338 0.9800424533824862 0.9959170748210656 0.9983904669372079 
0.9808421936596277 0.9527728008630874 0.957288152775195 0.9513763243727957 0.9654898638448333 0.9692767638474764 0.9724743547094935 0.9765056939425086 0.9793094920556563 0.9832379518650903 0.975939018902254 0.9889966473571082 0.9800426277970536 0.9959170748210656 0.9980495454484459 
