0.01793962129201651 1.1218549961638316 
0.016968207385534846 1.1218701092837133 
0.023134069341374994 1.1217599019450901 
0.031419319899054964 1.1215584200747948 
0.057365957101145434 1.1205309499136602 
0.05959415876085836 1.1204146551926832 
0.0722404365674995 1.1196703894714812 
0.1007226211977905 1.1174683059508672 
0.11163498192551065 1.1164309623025337 
0.11768090833967408 1.115809870040513 
0.1477283473710073 1.1122305505778007 
0.15332144401815467 1.1114733449767624 
0.16603854018727524 1.1096448370957348 
0.1988031949924533 1.1042453341654928 
0.21236059643029023 1.1017184038757708 
0.21883476017280518 1.1004507340288707 
0.2551241334059258 1.0926079533948008 
0.259235061320745 1.0916398896388528 
0.27534516030238043 1.0876881478289915 
0.277302156633231 1.087190865090972 
0.3181012760822236 1.0759609877535175 
0.3249532540833379 1.0739114701088466 
0.3419532971755387 1.0686198598851955 
0.34240292227564495 1.0684758779543437 
0.38952935501499825 1.0522106938819127 
0.3939341511273318 1.0505695342531365 
0.41160387913747865 1.0437733031780259 
0.41755850012269835 1.0414054731569342 
0.47291721268703535 1.0174624177161211 
0.4835370505298277 1.0124585825061554 
0.5017422519770576 1.0035612459223175 
0.5061982715353327 1.0013210126126273 
0.5750243667492244 0.963445607344825 
0.5932409811451786 0.9523369145148481 
0.611424979610519 0.9407656222764664 
0.6161886035675744 0.9376524223619481 
0.7120275038087673 0.8671201158163376 
0.7182440509664488 0.8619779259042445 
0.7353657658911134 0.8474182277449167 
0.7522912620511337 0.8324291672300977 
0.7689369875618783 0.8170779464734536 
0.7694680296200153 0.81657786695809 
0.9839479412918928 0.5391909775677327 
0.9843754388637668 0.5384101202213774 
0.9941720433467655 0.5200984612701703 
1.0035318631690455 0.5018010172411417 
1.0124162028610668 0.483625781330012 
1.0208780703452294 0.4654980416539163 
1.0289196540348189 0.4474425193151231 
1.036498772903951 0.4295937102391448 
1.0437345973874759 0.4117020186696675 
1.0505101681661941 0.3940924367259775 
1.0569310370811322 0.37653319330326235 
1.0629390213101217 0.35922292665169075 
1.068588964009086 0.34204983176078174 
1.0738854281073453 0.3250393048478383 
1.0788020241270495 0.30832881072872426 
1.0833982151229498 0.29176834868150137 
1.0876655939501043 0.27543423380039095 
1.091609403324533 0.2593634337484458 
1.0952648402032865 0.2434653812765964 
1.0986229234432543 0.22783356465816515 
1.1016931038356907 0.2124918025836272 
1.1045117977238816 0.19731738241701874 
1.1070692531300879 0.18242295441608702 
1.1093816074963088 0.16778829282365598 
1.1114679827124643 0.15336030914510765 
1.1133283594277708 0.13921371184235048 
1.114977320749325 0.12532371920476934 
1.116422808158046 0.11171648824999778 
1.1176801279175421 0.09834425723166723 
1.1187573338401537 0.08522023728658772 
1.1196655312057386 0.07231569250361691 
1.1204079867329462 0.05971938733733391 
1.1210017895089046 0.04728053275967433 
1.1214482176617768 0.03513340384387037 
1.1217570805429995 0.023270451330733345 
1.121939071729576 0.011540358209078257 
1.1219984198476158 8.899052212016103E-5 
