0.017587888723523133 0.06671668629552453 1.0503691283919374 0.1998060098268613 0.26625406666254164 0.333695216275102 0.4002219006684345 0.46630588333020584 0.533030010024795 0.6002101597772077 0.6662181634747042 0.7332038530779194 0.8006092077948409 3.589930311643651E-9 0.016800280311262305 
0.016635520812165596 0.06671392320115221 1.0499752486931517 0.20021450343857145 0.266711545660829 0.3335890605846496 0.4005939300525612 0.4662895239304627 0.5333000811818641 0.6002096445929402 0.6666209813236641 0.7332072677075159 0.8005848851890603 1.8447688880894744E-9 0.016791278385106825 
0.022680492002552916 0.06671604356976807 1.0499379678581768 0.19989654559079256 0.2667694523340887 0.33369621221755225 0.40021777248273105 0.4662962357106856 0.5331637604475508 0.6003315170914657 0.6662234826648428 0.7329842297052805 0.8006085998610046 6.051492174240385E-8 0.01606216423517251 
0.03080329807226779 0.0667208512631113 1.0500979791577676 0.20025127079424232 0.2667224216897682 0.3335733609683692 0.4006988717441605 0.4662983034739711 0.5330299691581649 0.6002116553236745 0.6666314964924677 0.7332077279272452 0.8006102089503102 3.4635308734558815E-8 0.016791790036148894 
0.05624121342709949 0.06672124988414861 1.049944332180559 0.20020826803612307 0.26675286236976076 0.33369629644804455 0.40059443175988413 0.4662886539271203 0.5330306772627671 0.600203668362492 0.6662248820898616 0.7332074822707028 0.8006099753161436 1.2171777183392609E-8 0.016804974636599038 
0.058425727913782435 0.06671668629552453 1.0503691283919374 0.1998060098268613 0.26625406666254164 0.33369456961818655 0.40024135559576207 0.46630588333020584 0.533030010024795 0.600217889991305 0.6662178181864947 0.7332039523760726 0.8006089789652158 3.6087717406386633E-9 0.016020473073641305 
0.07082405694952684 0.06671654551143243 1.0499914777054515 0.20020831740927386 0.26625611669788685 0.3336960326989277 0.40024170057027597 0.4666617513805394 0.5331355922182069 0.6002184231330155 0.6666240065286694 0.7329850166250674 0.8006097673612708 5.315874880749476E-8 0.016821598333749525 
0.09874780663312761 0.06702068823872452 1.049991958481014 0.2002570397763812 0.2668238339796282 0.33359010825709773 0.40019955751000086 0.46667064536016517 0.5330304578825148 0.6002652799492898 0.6666222687566347 0.7331768468935348 0.8005594506425231 4.952147426552501E-8 0.016833448013787288 
0.10944621447283463 0.0667155960750419 1.0499530838221394 0.1999097811974205 0.26676779543254125 0.33357842868520554 0.400262322404582 0.4662962493137738 0.5330133856687026 0.6002125378486156 0.6665930243569158 0.7331818094139388 0.8006429504146555 5.629595446096674E-7 0.016063785067654546 
0.11537360166102723 0.06672245981388172 1.048955877398939 0.2002059272364373 0.26676634523119014 0.33355961649028726 0.40026010661401756 0.4666430524771437 0.5330331387149901 0.6002110015998443 0.6666675495814751 0.7331426841599509 0.8006092410711624 1.8648135251982345E-7 0.0167858427101068 
0.14483191661394582 0.0667398347167905 1.0489503751825924 0.2002552901593323 0.2667417202973345 0.3335501337489242 0.400183323589907 0.46664284188194993 0.533033124754175 0.6002110000794283 0.6666654409077148 0.733191294622894 0.8006096563844348 1.8468582872096686E-7 0.01691619720518893 
0.15031535243204425 0.06703243055447489 1.04968073230298 0.20025519736846972 0.26682345814826197 0.3336958809207758 0.40018456979873845 0.46664242448838955 0.5331261841743908 0.6002036899032896 0.6666666113610543 0.7330264260118984 0.800636989704144 8.800181017693284E-8 0.01691629720043305 
0.162783111325545 0.06675944311572575 1.049969668130788 0.1998888975728217 0.2666866681893149 0.33357983460997825 0.40024040934393873 0.46668264778984647 0.533120691074213 0.6002962049519949 0.6666654906432381 0.7331913048191885 0.8006091592915868 1.6424600952325536E-8 0.016912656798293534 
0.1949053665208142 0.06703193076751279 1.048367397368466 0.20003810264726693 0.2662978651762475 0.3333075541286554 0.4008108562587997 0.46667482156231416 0.5331007430045366 0.6002953899144129 0.6665871059044222 0.7331836746053689 0.8006091591348923 1.6581718595541075E-8 0.015917826435060227 
0.2081969555334768 0.06703009047521327 1.0483488848911684 0.2002630281010571 0.26633950301183634 0.33369600916785636 0.40025888839269946 0.46667068752500257 0.5331235775642684 0.600299769111807 0.6666215090439725 0.7330240316639014 0.800607369418709 5.4467775751895225E-8 0.016911200834227254 
0.21454418329687147 0.06703002107218506 1.0483688881618345 0.20026397983814023 0.26672123412115634 0.3340769502027058 0.4007576857805222 0.4666717989988433 0.5331229226866632 0.6003051949247008 0.6666209198305232 0.7329345487450782 0.8006054207248078 9.46995919363694E-7 0.015930679045869756 
0.2501220507666094 0.06702998656179418 1.0495930271954281 0.2000434428096307 0.2662832475442979 0.33366090406810894 0.4002075677257218 0.4663556847896059 0.5331204900359755 0.6002052882025022 0.6666089399863875 0.7329143537776517 0.8006381360660776 3.8387820555595666E-8 0.01590839963921316 
0.2541523776708027 0.06702875604365097 1.0496568119207765 0.19989986272988333 0.26668153241717985 0.33365770527810024 0.40021069003234633 0.46635948164052665 0.5331314876375983 0.6001899499244026 0.6666193962328728 0.7330234170168675 0.8006304297759498 1.472599040698509E-6 0.015219476778586333 
0.2699466146842419 0.06701472561563272 1.0485131663318663 0.2000439106412674 0.26689617773973767 0.3336601291368946 0.40021654384191013 0.46634637418587654 0.5331257006272673 0.6002052599447117 0.6666228557469869 0.7330235768541015 0.8006327174194078 9.991092846524001E-7 0.01691202864808599 
0.27186524134241924 0.06709519234742164 1.0497566936205 0.19986891450552682 0.2663447983756484 0.333298052567706 0.4002321940621916 0.46634305844029855 0.5331201742250286 0.6001989214006619 0.6666365433910113 0.73315533801137 0.8006383377620412 1.8216892786863581E-6 0.016188336941869372 
0.3118644335266388 0.06710309564928152 1.0477241270788187 0.19990406119915863 0.26688584193572795 0.3337908004738404 0.400232332284882 0.46633884639794965 0.5331315221985424 0.6002053619144645 0.6666354563466429 0.7331306074385614 0.8006611396294433 2.120811724066619E-7 0.015914871635460053 
0.31858206920344445 0.06701472254192026 1.0497741171338004 0.20004383285289076 0.26689577481057225 0.333693107912939 0.40021060403788195 0.4663463756074563 0.5331315144129042 0.6002052955140175 0.6666245848807572 0.7330235806433254 0.8006327606255779 2.172950740706715E-7 0.01591570260172052 
0.335248801608549 0.06701421852346624 1.0497524737259087 0.19986524845209822 0.2667409296918999 0.33327748752241343 0.40021703062326164 0.4663448715298681 0.5331202378293134 0.6001989228081099 0.6663198489845327 0.7331031635258451 0.8006403232230921 1.9953426766704444E-7 0.016192230653654056 
0.3356896110745305 0.06702620836016099 1.0497528326822385 0.19989689704417732 0.2663927363777224 0.3332894438510385 0.39945922809937523 0.4663321909074345 0.5331202247944585 0.6001970230811865 0.6665922090450601 0.7329521663305797 0.8006403978046969 1.1647040739391113E-6 0.016828284027630758 
0.3818920610526073 0.0670181617050551 1.0497716007813678 0.20004747357489433 0.26673588344985133 0.3332837217952765 0.4002451381366182 0.46639657285867764 0.5331367206281565 0.600199682932578 0.6665894588508205 0.7331081017450702 0.8006402622852286 1.6130667018529862E-8 0.01590922703439941 
0.3862104948361021 0.06702987722537292 1.0497874530030633 0.20006730427016653 0.266735189380648 0.3335750360301709 0.40021704283495246 0.466395628119364 0.5331349742050205 0.6002082082875185 0.6665861487858099 0.7331062092363531 0.8006390924002649 2.5209532606259073E-7 0.016919653902560616 
0.4035337819322873 0.06710468008506712 1.049826013038558 0.20006347034793398 0.2666956927858668 0.33357874929645587 0.40023107447394274 0.46638959475481473 0.5331337590624655 0.6001985230576287 0.6665863213754258 0.7332269509539211 0.800639079744743 1.8013991689356744E-9 0.01681587930258196 
0.40937165404280773 0.06703005268248667 1.0497813503315774 0.20004162845325765 0.26672154094158435 0.33328360758300274 0.40020445136926475 0.46640386327236283 0.5331402191704624 0.600208401720052 0.666586155943999 0.7331400749784008 0.7999124260268511 4.3487105046376195E-7 0.01682181990855562 
0.4636449777724247 0.06703005263326516 1.0497748267397318 0.2000587783790996 0.2667215509266697 0.3332892518819975 0.4002099591427124 0.46639558284278754 0.5331366402269685 0.6002082995756717 0.6665861347236262 0.7331402116050073 0.8006311039937342 6.228896302581543E-9 0.016825881277574457 
0.47405659832052327 0.06702890623042186 1.049488634589074 0.20027003800913623 0.26674248183436233 0.33329448381732707 0.4002040069040879 0.4663957788722664 0.5331318655707994 0.6002008909843904 0.6665861539296586 0.7331401329378752 0.7999064538870426 4.146345772158276E-8 0.01682583429561142 
0.4919048598880312 0.06703006468024654 1.0497691774296458 0.20003998193253814 0.2667215496464839 0.3332894867695392 0.40020916732795 0.4667089432171561 0.5330262980325955 0.6002082972242948 0.6665861558439926 0.7331402814442409 0.80065654164025 1.2111317176393434E-8 0.0168258628450982 
0.49627351291553745 0.06703005678073219 1.0497691471198123 0.20004232101994915 0.2667215306462673 0.3332926806660105 0.400204146716323 0.4663956453601296 0.53303499466271 0.600200902426155 0.6665861613984634 0.7331401964005613 0.7999140951588545 6.230672881757909E-9 0.016825624200428522 
0.5637501716538447 0.06702883398154967 1.0494887694932056 0.2000491161637982 0.26674261351984296 0.3332945709244082 0.4002374347470921 0.4664024455762147 0.5331338413705232 0.6002008963695428 0.6665861394973764 0.7329855754866315 0.7997529951698108 3.2946249754757296E-8 0.016659819690742143 
0.581609622686457 0.06670455989198872 1.0497832559962696 0.20005450010675943 0.26681565065692775 0.3332836969230084 0.4002052633722352 0.46670022455573856 0.5330334028673797 0.6002167854877563 0.666594950986474 0.7331314412939178 0.7997155855816683 3.684003197971094E-7 0.016825929723849112 
0.5994370969172031 0.06703039612400573 1.0498274803362282 0.20004909927058429 0.266753837042442 0.3339813775242981 0.4002374192381986 0.46640208912357767 0.5331378449859582 0.600200800036837 0.6665866132558406 0.7331509635995891 0.7997446050420149 3.252394629566603E-8 0.016664051161298786 
0.6041073233870676 0.06671935602463724 1.0497836204282862 0.1999175185873932 0.26672378829967996 0.333556776814436 0.4002345591681874 0.4666897733413268 0.5330292683404688 0.6002085900738175 0.666621538624519 0.7331801146088381 0.799697488983054 8.645691582530329E-9 0.0168236074759246 
0.6980671612953937 0.06667899927467444 1.0498404258287164 0.2000634855005008 0.2667229948288055 0.33355678565080893 0.4002371981620659 0.4663879387838826 0.5331316408813676 0.6002081691650273 0.6665723214963811 0.7331357421322261 0.8006313993076336 8.609259864766286E-9 0.01682365849342732 
0.704161823920057 0.06661952281679323 1.0497864443232723 0.20006124067969278 0.2667186083644797 0.33356147442496364 0.4002311917174891 0.46640686290283445 0.5335324301396441 0.600215975463015 0.6665701234548926 0.7331413496897956 0.8006377283552497 4.86133862988588E-8 0.016770592836391048 
0.7209478422881264 0.06667431140998385 1.0489658537142386 0.20023301489545098 0.2668132863442304 0.33355675705880394 0.40025253461935417 0.46638793457131944 0.5330384155987673 0.600208199988115 0.6665716233362338 0.7331428632806687 0.8006315929543182 4.816398774501623E-10 0.016824151336945564 
0.7375414895665245 0.06668737580187806 1.0498434697820285 0.2000206610706284 0.26671880093620726 0.33356496805116437 0.40023084934271286 0.4663880807996887 0.5335213981801494 0.6002011913538816 0.6665723254035086 0.73314360035065 0.8006280596353683 8.766791466548005E-9 0.016770495363502558 
0.7538608512265251 0.06668996499281477 1.0497683702420961 0.20025271469569597 0.2667182262060305 0.33356544142460426 0.4002327467231277 0.46640780950807614 0.5331321250301239 0.6002019952029212 0.6666107587966875 0.7331353664096373 0.8006312088914495 5.624542269891311E-10 0.016770527551149546 
0.7543814814392449 0.06666520047727516 1.0497852125867344 0.20005914403408792 0.2667185306243703 0.33356543352177437 0.4002312719171105 0.4664077735604835 0.5335250792541342 0.6002016018600906 0.6665702846971328 0.7331414021777343 0.8006316303284123 8.208559326172975E-10 0.016822656778059674 
0.9646562001578233 0.06702993636693771 1.0497852122598486 0.20005914406025543 0.26674169656268887 0.33356265726244533 0.40023127190213337 0.4664025234135736 0.5335140889721415 0.6002019232235317 0.6665778426004106 0.7331456347125841 0.8006195950957027 6.706345323687233E-12 0.016771057178824673 
0.9650753157328109 0.06703189858283277 1.0497841187959598 0.20019232568356404 0.2667358719488543 0.333565429502013 0.400604400385551 0.466390474648682 0.533554811879077 0.6002080810676732 0.6666084201755029 0.7331423937592824 0.8005768124686146 2.6697652317467314E-8 0.016765566448029564 
0.9746798438173901 0.06703239328029309 1.0497714157314184 0.2000541070217497 0.2667229060223207 0.3335665506797626 0.4002405743836343 0.4663852016861587 0.5335139687716663 0.6002081012860261 0.6666112070441353 0.7331421110825705 0.8005671021495068 5.67781700472725E-8 0.016771084532690918 
0.9838561506147091 0.06703227610800921 1.0497846314648507 0.20022726053369172 0.2667253332281057 0.33357127190125896 0.4002368384420689 0.4663865735472568 0.5335565699614748 0.6002081611913466 0.6666098336291183 0.7330057415133896 0.8005711016037568 5.724317216773634E-8 0.016851019214441487 
0.9925662986732005 0.06702995361628991 1.0497859283539666 0.20005897551785354 0.26677115005178553 0.3335662261258243 0.4006011525601634 0.46640663789699077 0.5326109359026637 0.6002009313028299 0.6666092991137708 0.7330067906445543 0.8005761705809367 5.554978543696946E-10 0.01676680166624059 
1.0008622599852355 0.06703235113079625 1.0497832400208373 0.20004246028442513 0.2667263883678601 0.33357307705013167 0.4002629786652972 0.4663125782612296 0.5332098396986312 0.6002157475764406 0.6665672783972066 0.7331404808369857 0.8005735518892191 8.97939149544487E-10 0.0167141845407356 
1.0087461761413352 0.06703209979391415 1.0499850844297505 0.2000411946057532 0.26676524916768196 0.33356550536083795 0.400604059263914 0.46638895735185004 0.5335548114399509 0.6002080836716203 0.6666243496516661 0.7331370626028189 0.8005765215796664 7.744192687340425E-7 0.01685207852471331 
1.0161766954547053 0.06703054717839602 1.0499857789378422 0.20027460435528846 0.26673236397832495 0.3335789699433069 0.4002366302752706 0.46639198805534776 0.5327532229393277 0.600200558136363 0.6665703803636818 0.7331451292335021 0.8005765915221997 2.535221404553062E-9 0.016928444443413636 
1.023270651055221 0.06704029408906755 1.0497419197892097 0.20004439226518975 0.2667500439577726 0.33361027329333465 0.40036209909545534 0.4663948433271616 0.5326843787547767 0.6002005560934227 0.6666410587844535 0.7330132661284466 0.7997673100083159 1.2117935655049592E-7 0.01679938935835364 
1.0299133767802238 0.06703911898098529 1.0497784963081187 0.20022010521617375 0.2661541459120736 0.33362259544507 0.4002463869109462 0.4662818541376538 0.5329393107739842 0.60019841052995 0.6666407786472919 0.7330122208020695 0.7994652658835124 4.2410416329639086E-7 0.016769509443288068 
1.0362083548623702 0.06709050797127987 1.0499911274998814 0.20002986273782597 0.26673463785164514 0.3336230943205117 0.4004170809156332 0.46630342387475276 0.5327134673912742 0.600200798923199 0.666627337499468 0.7331430783662075 0.8005757990535675 1.378463483490693E-7 0.016767893801253566 
1.042098539097187 0.06552247716718754 1.0497746086570174 0.20004481486505854 0.2667547818759721 0.33356917248784906 0.400326445456765 0.4670863411479006 0.5329507873973971 0.6002076988361862 0.6666462400295434 0.733012934871473 0.8005741370235554 1.2959810650388998E-9 0.016771875447307887 
1.0476377116252935 0.06704947548398692 1.0497402250495762 0.20004472483801755 0.2666197966192842 0.3336249298351717 0.40023668462557543 0.4663933638694429 0.5327348806196034 0.6002005581407815 0.6666270424579365 0.733145602414285 0.7997650719244299 1.4334091103150627E-8 0.016798161125398853 
1.052830330371284 0.06703922999580937 1.0497414362578072 0.2000297204019103 0.26673371922327604 0.33362606646898585 0.40021938051455275 0.466282236121839 0.5329401795905652 0.6002054370371378 0.6666408797260093 0.7331464786299895 0.8005777557756792 9.797007332760367E-8 0.01605387973277901 
1.0576505291568115 0.06703923342220487 1.0500027280324997 0.20002941894413478 0.26671909452643344 0.33362060298792906 0.4004398526349274 0.4662972707212511 0.5327144871412818 0.599896650678859 0.6666271239759138 0.7331365877443898 0.8005889369448027 2.3067379139348304E-8 0.01675639867525308 
1.0621566054970994 0.06702496514021558 1.0499924858705623 0.2000540192786863 0.2668417593774808 0.3336475204923613 0.40021857475171374 0.46710358051410716 0.5330336780164611 0.6001855409438542 0.6662995760084486 0.7330129620734431 0.8005750534410269 1.5593543009171948E-7 0.016800567401572496 
1.0663403162833478 0.06703877623996318 1.0497414268173877 0.20022109432116503 0.26681017906109716 0.33353839038827304 0.40032631966110777 0.4663941905095537 0.5329321461521218 0.6002053971462595 0.6663168165939106 0.7331428919269141 0.8005296203840677 1.5677240406721114E-7 0.0167979961068876 
1.070206793513538 0.06707666137259964 1.049993930854197 0.200242033469681 0.2668424564176487 0.3336403100397598 0.40047407517934536 0.46668624797461367 0.5345875301161914 0.5998986951948533 0.666548920765888 0.7330304868188798 0.8006073770146562 4.0238290397376366E-7 0.016819217003889407 
1.0737905679002016 0.06702869203511286 1.04974244590826 0.20024203457460807 0.2668280736012625 0.33363941564366867 0.3994890282396765 0.4666802460038186 0.5330330545333015 0.5998994163493244 0.6665911572845907 0.7330302132542981 0.8006080935640557 1.8149508709050367E-7 0.01681916794510606 
1.0770828114101585 0.06708447793132993 1.049771963164865 0.2002282624778563 0.2668384328598436 0.33353955124392937 0.39951154602306777 0.4666920934380318 0.533020783476477 0.5998532692145498 0.6665622825303092 0.7329996734958962 0.7997200886679323 1.559107411896471E-7 0.016819178027163737 
1.0800927963729727 0.06708404257528956 1.049738017542284 0.2002418790763046 0.2668868335556873 0.3336405308125294 0.39950670699537216 0.4666918779845382 0.5331182111561216 0.5998498957526248 0.6665590969470203 0.733030173616977 0.799735359741659 4.028449845555335E-7 0.016824932516058835 
1.0828562258480383 0.06702365232019276 1.0497423909886272 0.2002566637317955 0.26682800134107837 0.3335471853439284 0.4000680812738836 0.46667627812909634 0.533024508526486 0.5998386891165564 0.6665786202181531 0.7330058757527902 0.7997039457452455 4.2361968168167643E-7 0.016832665924565275 
1.0853635365214256 0.06704854994628281 1.0513210990447888 0.20025822589478237 0.2668277499695187 0.33380863318372794 0.3995065570927474 0.4664118922987884 0.5329390814044331 0.5998491375101253 0.6666478832033845 0.7327132367694265 0.7997032498433259 4.247246409112306E-7 0.016798648452729718 
1.087630555198478 0.0667664838159779 1.049742144260052 0.20024430998414988 0.2668310519924535 0.3336466645015557 0.3994788953358687 0.4667015818831671 0.5329306201070424 0.6001904934748309 0.6663191780118582 0.7330305345838141 0.8006109237577318 1.8171277066689931E-7 0.016796366616489165 
1.0896760245090793 0.06708538176112622 1.0497390804443385 0.20024187510221803 0.26690994000991114 0.3337854180367326 0.4002934342145425 0.4664072721085803 0.5330241549475977 0.5998501345583575 0.6666444701118888 0.7330025863401319 0.7997361758561141 8.770010942208668E-9 0.016963725226786165 
1.0914999117433406 0.06674708526015254 1.0497407881705565 0.20023993286977113 0.2664965150511164 0.3318783552028562 0.4002143890344683 0.46670213965055835 0.532930482194496 0.6002004905821654 0.6666380750489755 0.7330094240137326 0.7996140772050279 1.533657624109455E-7 0.016796033746203257 
1.093116557108066 0.06677139186513541 1.0499409459011289 0.2002207527596259 0.26638527193426054 0.3335698870307348 0.4002178442584346 0.4663784644225599 0.5330940974703446 0.6002361441990532 0.6665602691651957 0.7331795496562632 0.8000564456954059 1.7727568521120226E-10 0.016960335510022406 
1.0945337036440481 0.06677139186513541 1.0499409459011289 0.2002207527596259 0.26638527193426054 0.33356660491764806 0.4002178361480865 0.4666799954879094 0.5330940974703446 0.6002361441990532 0.6665600844719822 0.7331795496562632 0.8000564456954059 2.69670971577928E-10 0.01683485112273322 
1.095766371394538 0.06677911045638064 1.0501216624678293 0.20021478103596388 0.2663953795203392 0.33378112778641145 0.40025998585865946 0.4666798371567618 0.5330885894504876 0.6002086999893523 0.6667201791478444 0.7331775118174456 0.8005270495270614 8.746655064436144E-9 0.016834276479881158 
1.0968224572944236 0.0668336125947459 1.049788609447308 0.20021477436116888 0.26639644847677757 0.3334994482447531 0.4002446331832322 0.4663861822407362 0.5330872662578032 0.6002451341000674 0.6666464212423874 0.7331480760532086 0.7994845200917404 8.115922918835996E-10 0.0169695865130199 
1.0977128479944682 0.0668336125947459 1.049788609447308 0.2002168010176404 0.26639644847677757 0.33380462237560343 0.4002446331832322 0.4666566182697935 0.5331862722711624 0.6002445195268526 0.6666464212423874 0.7331480760532086 0.7994823841462497 8.115922918835996E-10 0.016822546534954862 
1.0984407462414405 0.06683691915403103 1.0500494480230231 0.20021018437042587 0.26641090527270805 0.33382766363003463 0.4002604067925944 0.46629583919880707 0.5331357010879683 0.6002098666492375 0.6667369196970315 0.732724812223057 0.8000452699160924 1.0529274016790506E-7 0.01682962969595825 
1.0990229071233808 0.06683436966354675 1.0500478376258837 0.20022407581206314 0.26639897528228595 0.3335534216112575 0.4002595830942005 0.4662971733222432 0.5330922483284259 0.6002234289210473 0.6667369495599463 0.7331870851742883 0.7995344114795226 3.81727371819956E-9 0.016874968807724492 
1.099460582353644 0.06702184598316825 1.0500964270306703 0.19975725635549885 0.26640090642669906 0.3335533388536284 0.40024556582444243 0.4662907351033929 0.5332012394924649 0.6002034728228259 0.6667179227929638 0.7331665309417543 0.7995494774339286 2.502280004025581E-8 0.01679777892419671 
1.0997633892237193 0.06682914129936879 1.0500983896005065 0.20022410368851357 0.26622509625998314 0.33354559430078745 0.40023810315868147 0.4666670482533629 0.5332071828343075 0.6002161309129338 0.6667396926226711 0.7327230491884759 0.8001002565861437 3.846400770593305E-8 0.016957530836365205 
1.0999418126924134 0.06683702707860742 1.0497800803993873 0.20021639503162109 0.26640926985574037 0.33378239462076476 0.40022191794232115 0.46664640250343203 0.5334595895534484 0.6002034520178997 0.6667118324484519 0.7331334234533473 0.8000448871566516 1.3426679060815436E-9 0.016801827987931322 
1.0999999965400828 0.06702430865601916 1.0501218205297487 0.2003005079060768 0.26639525409805864 0.3338290010299567 0.4002894964289617 0.46665395791075054 0.5331372529007886 0.6002445147081145 0.666736009400605 0.7327226176924204 0.8000339424844598 3.8136444820506245E-8 0.01682511262273821 
