4.257760574400948E-9 1.000076511132339 
0.010194791879321218 1.0000487946435193 
0.40163101518990413 0.9489448817048979 
0.40683026157977026 0.9467362263457381 
0.49929227317476066 0.9006513109438371 
0.5010322415560994 0.8977877806112906 
0.5637865848802702 0.8597635870113512 
0.642055054659918 0.7788991451894571 
0.7027272018985659 0.7234412455716278 
0.7506856601210925 0.6752433747410066 
0.7509932878579318 0.6748327505910973 
0.8861969714961289 0.4939846486052735 
0.8870595056950048 0.4925439876504131 
0.9321184222905325 0.39880825328476505 
0.9321435001079583 0.3988020344802743 
0.9324896982719236 0.39793922642375645 
1.000028881631617 0.010760548844653486 
1.0000783329730305 5.108034768751691E-4 
