4.257434833240997E-9 0.9527541570740686 0.9574007088390347 0.961473051557584 0.965481541082696 0.9692352616387186 0.9729229228870923 0.9764237197872451 0.9797750881016926 0.9829296789662179 0.9861077139920555 0.9890691358763755 0.9919935742292162 0.9948161445653494 0.9975344992790169 
0.010193764779551064 0.9527551779892947 0.9573946077081054 0.9614834874878507 0.9654815388139519 0.9692189599583686 0.9729293461836499 0.976423626241774 0.9797715684288288 0.9828869713920327 0.9862090597749603 0.9890675665956682 0.9919947506650537 0.9948003380576482 0.9975354550073655 
0.38976702381573963 0.9528410200682859 0.9573280795673564 0.9613855917255983 0.9654949478772431 0.969156115382488 0.9729985304493108 0.9764102248645277 0.9797799914969002 0.9828966695231386 0.980855782643396 0.989070603533155 0.991981470505831 0.9946907559794798 0.9975269578629516 
0.39480962246821333 0.9528402567220832 0.9573235146248741 0.9613855917257293 0.9654948271669959 0.969156115382488 0.9729985304478314 0.9764102237024503 0.9797799914552417 0.9828601102820432 0.980855782643396 0.989070603533155 0.9919814704568418 0.9946903475408185 0.9975269578629516 
0.48484906359060265 0.9528069058231071 0.9565745425101361 0.961393363326142 0.9654810496859857 0.96928132177627 0.9729994737442462 0.9764086048551582 0.9797812800088189 0.98289770417676 0.980935697317154 0.9890758511169023 0.9919814535140862 0.9946873823040939 0.9974810655550094 
0.48732269081209745 0.9528065581852982 0.9573424538348756 0.9613933670010756 0.9654975802938112 0.9692815166162404 0.9729477656315727 0.9765544205466355 0.9797800615737228 0.9829001746851889 0.9810653533105675 0.9890759157871761 0.9919814734953679 0.9946898794344494 0.9974773501518204 
0.5483618482699174 0.9528067613738507 0.9573424538348756 0.9613933670010756 0.9654975802940065 0.9692815166162404 0.9729478713609753 0.9765544205466355 0.9797800608785395 0.9829306794175411 0.9810653533105675 0.9890759157871761 0.9919814734953679 0.9946909902402539 0.9974808572627131 
0.6360665107158952 0.9528031257272811 0.9573416826619421 0.9614718525073066 0.9654975726531521 0.9692815166665163 0.9729377323008985 0.9765559686989012 0.9797800625544635 0.9829313918332292 0.9860012453141358 0.9890759199585051 0.9919814734953679 0.9971845916601294 0.9974810242081864 
0.6967630886233336 0.9528018484879023 0.957341686439673 0.9614712413253402 0.965497225490577 0.9692847111752667 0.9731386907963069 0.9764060914207805 0.9797801047216972 0.9829293790543494 0.9861093764798887 0.9890764831285497 0.9919814985320824 0.9970678258259037 0.9974810039696679 
0.7434781612585538 0.9528031074880832 0.9573250982660101 0.9614716420778894 0.9654979246445253 0.9692849261519307 0.9729354523584888 0.9763841990588199 0.9797362313621116 0.9829301877241154 0.9861071580530064 0.9890406399930195 0.9919810655961774 0.9972238002455939 0.9974750306824841 
0.7438165495221647 0.9528029661519111 0.9573252140799706 0.9614716411520215 0.9654979108031183 0.9692817541221234 0.9729339528851596 0.9763842776532627 0.9797362289550704 0.9829302446289601 0.9861010976368364 0.9890423209406071 0.99198217988526 0.9972177491438654 0.9974805492259371 
0.8734647273727278 0.9528018360868695 0.9572967202292196 0.9614712427985749 0.9654973221721966 0.9692870759452787 0.972927388764371 0.9764092795558206 0.9803101232498522 0.9824215367930728 0.9861093898431051 0.9890743947472709 0.9919629446766012 0.9977193158840268 0.9974818781984076 
0.8742689044407806 0.9528192646082253 0.9572975417801457 0.961473250358203 0.9655171113196553 0.9693584100356992 0.972931904344225 0.9763849304221816 0.9803159174967151 0.9824147796142371 0.9860921376888712 0.9890364740014916 0.9919629446766012 0.9977193158840268 0.9975648528737785 
0.9193845144093933 0.9528105693543594 0.9572975439698196 0.9614732503432775 0.9655034047729067 0.9693584100356992 0.972931904344225 0.9763842024906418 0.9803222749849467 0.9824225133804745 0.9860921376888712 0.989023725103259 0.9919629446684656 0.997634844500166 0.9975648526871613 
0.9193905598119467 0.9528105759601061 0.9572975440679177 0.9614732503433825 0.9655037881602844 0.9693584100356992 0.972931904344225 0.9763842341192362 0.9803222154582534 0.9824222430910631 0.9860921376888712 0.9890240023025185 0.9919629446684656 0.997637087623989 0.9975648646464883 
0.9197507678445379 0.9528105691275994 0.9572975439698196 0.9614732503432775 0.9655034047729067 0.9693584100356992 0.972931904344225 0.9763849196209207 0.9803222749849467 0.9824225133804745 0.9860921376888712 0.9890237297408817 0.9919629446684656 0.997634844500166 0.9975648526871613 
0.9999421136649528 0.9528290752498962 0.9574030941626528 0.9614698062953636 0.9654942667813746 0.9692065787517743 0.97298084981152 0.9763869527857578 0.979783666315015 0.9829089810980249 0.9860880762449923 0.9889397098514391 0.992010608369319 0.9947079152046908 0.9975345251305702 
0.9999998695603659 0.9528290749665096 0.9573292052659801 0.9614677703945474 0.9654743795592294 0.9692198214278802 0.9729817459865173 0.9763825795975747 0.9797798888468389 0.9828851604890654 0.9860855550813765 0.9889329818720802 0.9919973110617281 0.9946803012830372 0.9975319426677101 
