7.977911338075678E-5 1.1500334150827145 
0.01193446785999455 1.1499427281031178 
0.0246953977146931 1.149769305672635 
0.06139607236883094 1.1484421270257645 
0.08712641581471277 1.1466952492343787 
0.10068497642280391 1.1458063519888528 
0.11439097636671257 1.144664646496829 
0.12856497467458822 1.1440884805184255 
0.14280278877854313 1.1406759638203794 
0.15684092046268108 1.1381795064207094 
0.20097321589403988 1.126208942251685 
0.21602630255323893 1.1190289955743873 
0.23045755793202827 1.1101945337393142 
0.25769034800906465 1.0854034706072144 
0.2705255670827788 1.0680488940214061 
0.2817185490271124 1.0493820798428815 
0.29287268701528146 1.0252858538614036 
0.30276914173169206 1.0000117201541243 
0.3117009816800808 0.9736143030057419 
0.32063804597883344 0.949431870891338 
0.33624366766409636 0.9443886266198473 
0.3516285467803528 0.9381388969317159 
0.3673759079451085 0.9319780627538125 
0.38332601789378135 0.9254696988494221 
0.39925624753071465 0.918674704814107 
0.4154145031208072 0.9116944612785388 
0.4316420254780375 0.9037078747141946 
0.4494593415150548 0.8993901707812924 
0.735963886189879 0.8836564774245164 
0.753650800903519 0.8689237313281591 
0.7706743667684967 0.8536695880976604 
0.7883555520286996 0.8374109352801506 
0.8047285058104204 0.8217044638392725 
0.8214254675760925 0.8054535080195139 
0.8374153823534898 0.7882225031118815 
0.853612596207096 0.7719355800516828 
0.8684726924539844 0.7540872808109302 
0.8831157318408797 0.7371462601776547 
0.897215048013416 0.7190950104407489 
0.9054369827161011 0.4328133851467939 
0.9125958547170927 0.4164267873480185 
0.9195923033761488 0.40016001876719337 
0.9263083063536423 0.38419725496282503 
0.9328621832880416 0.3682235673361598 
0.9390252617353488 0.3525460252227809 
0.9449510398761427 0.3369749341813497 
0.9507259845975957 0.32156798141915033 
0.9682818897653861 0.31339684190973494 
0.9995272069379955 0.30279557387069383 
1.0228840863462147 0.2938183763120102 
1.0473912446616382 0.2825053682818229 
1.067237714490638 0.2710967924668506 
1.084310728147727 0.2584501653113971 
1.1120699892581904 0.23098063471583075 
1.1191925701663692 0.21628186305734712 
1.1258172422440407 0.2012968233992886 
1.1310901215893563 0.18700158462029953 
1.135148705574037 0.17196990810724258 
1.1381031852913368 0.1573311892312028 
1.140842273799659 0.14329402374225048 
1.142652828560908 0.12880482265737703 
1.144249563592676 0.11472649075641785 
1.1468449328118364 0.08771169596622785 
1.147670888003731 0.07456234423735035 
1.1484425042326112 0.061523767443682056 
1.148995384181751 0.04876141674020004 
1.1495256619652339 0.03616759303756286 
1.1497734746134525 0.024112517363940097 
1.1499911267769944 0.012126664123649496 
