6.937112621467276E-5 0.9264669763406908 0.81088350613514 0.8874401791844722 0.8284949845794015 0.8952582238280501 0.9297373085751457 0.813068770067042 0.8398772155968709 0.8760895203009994 0.9999861073572842 0.6568710681054993 0.9901647947860419 0.8112294043266615 0.9191437022971743 
0.01037775612032227 0.9264735845327364 0.8073390451910835 0.8876761116512423 0.8285061809045796 0.877006936515271 0.777729330792604 0.8514133168381572 0.8398772150198679 0.8765843668379416 0.9999852327709263 0.6568707518963647 0.9959266520127354 0.8143020123137512 0.9235816472646898 
0.021473614935750583 0.9262842734228652 0.8916953145158611 0.8592773898253543 0.8284877696551289 0.9340392629585925 0.7781061697393088 0.9275895058548107 0.8421066011794087 0.7162451856171146 0.9998566890185205 0.660273352225364 0.9959391065528592 0.7867861675251927 0.8966829102954632 
0.053384078662826975 0.92847646008453 0.810717636292612 0.8627302043952182 0.8281830869264347 0.8978354908564358 0.8378250729210603 0.7997876506739917 0.8346792176667636 0.7155232217224975 0.9997912658470832 0.6610736721299693 0.9955601839534566 0.7975791030764796 0.9191255704408056 
0.07576207186589042 0.9753010059684774 0.8456228756255367 0.8655459561167671 0.848206377210092 0.8976014797697135 0.8845371439392734 0.8484678791545097 0.834865628562968 0.9234217191479541 0.9999517916659789 0.6796278558098626 0.9859463388079772 0.8112290694839566 0.9171195599960135 
0.08753528800401031 0.9790716884793441 0.815792889553902 0.8812742135293603 0.8286018605353114 0.8947649807689032 0.8407443976717396 0.8128884476282628 0.8418134313279687 0.9089288054713583 0.999769256737425 0.6605740500289374 0.997879963139601 0.8112294451603872 0.9236617803688126 
0.09943874743481515 0.9045768038901838 0.8335165828849382 0.7918008351508804 0.8653479201027474 0.9223625237053777 0.7619342292014504 0.8728076083801583 0.8528414532244866 0.8458569652781359 0.9859027063777044 0.6786142518681734 0.9855357916473378 0.9056287049857552 0.9320999178716848 
0.1116704182164566 0.9072939342460556 0.8277725762116036 0.8950800118672175 0.8474253192143946 0.8530346898058593 0.7786148336333322 0.8955894750596013 0.7962609619273299 0.8455764823644444 0.9758752618384421 0.8226251386762358 0.9999485001183629 0.9032856687932139 0.9320872013366197 
0.12422170061335187 0.8649645092708015 0.8277724717011127 0.9024014476051815 0.8474234319369691 0.8530370506581425 0.7767472617071333 0.8750321297872269 0.7962861172458664 0.8578480169098598 0.9758751109627772 0.8226250158981226 0.9936755860423782 0.9032957770388103 0.9320926486751747 
0.13650982757360558 0.907294130852081 0.8246633547722528 0.9026600170729053 0.8474255350498633 0.8530347624080565 0.7786069156740655 0.8750321297872269 0.796063700152481 0.8578456013318082 0.9759995861892028 0.8226251386240021 0.9936886164704117 0.9032957982675355 0.9320872016493968 
0.17567583331155978 0.8721282033443367 0.8270438723496407 0.9422397226955226 0.8474286556359112 0.9049678556102665 0.816794816977639 0.9745939220003033 0.78862784911292 0.8921452084959215 0.9760789603925282 0.8226251172446766 0.9936762482115366 0.9014333256615281 0.9319597469749922 
0.18954830336349276 0.9337783446455282 0.8425245431136724 0.8877679617322426 0.8484286109815905 0.8716998703522282 0.7786069156740655 0.9377936672863029 0.8279143280791448 0.8583155046132895 0.9871182552734517 0.8226271098255497 0.9986053831492349 0.9025912854213002 0.9320743435311072 
0.20325012914441984 0.9072949899853416 0.8434705513775981 0.886499625094477 0.8475475676561823 0.8632994629569649 0.7781788396230789 0.7547965064373297 0.8463298963569807 0.8107248506867917 0.976496619108528 0.8104727879039735 0.970166401919443 0.8423701524490903 0.9320307920662265 
0.23099353625220242 0.9075908730106538 0.813755718662658 0.9207733833503903 0.8359561784622689 0.8617453837126184 0.775503685674647 0.8782059629952907 0.846322641424993 0.8098295153082766 0.9846020630426946 0.787221095184341 0.9983590127359823 0.9032821935326967 0.8953490201346562 
0.2455356855444023 0.9250536155642487 0.8806601002729588 0.8873960938598331 0.9312038923632293 0.8642547100127892 0.7766970389741822 0.8260259336493769 0.975996981251158 0.8032194793654788 0.9741535855570896 0.747165383888113 0.9973251504132365 0.8063987083965763 0.8997286382615681 
0.2592805400950605 0.9878532498552215 0.8434462406339092 0.9441372268293109 0.7998553625567949 0.8717083137252232 0.777324416967501 0.9312270559167726 0.846385889560779 0.8423491774988936 0.9047464109810422 0.8009374144454737 0.9371899398186992 0.9007496750030486 0.932093743790788 
0.2746637909865605 0.9066637970112515 0.8128304677307726 0.8864562986264752 0.799763635944316 0.8617453837126184 0.775503685674647 0.8754290685176002 0.8752859393782265 0.8433335910045399 0.8935506510662047 0.8294422507945511 0.9952039300158813 0.8071890172745156 0.8934605421974393 
0.2897753424692461 0.9750298587175223 0.8158681858747542 0.9441047386654808 0.7864051548230402 0.9384432830796363 0.775591805506617 0.8786565602168677 0.9202986131738505 0.8099040440768124 0.9878891701440363 0.8003866842607724 0.8927368996815022 0.8074908838355819 0.8950458138655054 
0.3049038590968206 0.9998530564075598 0.7786305265563515 0.9434428204817205 0.7981130533727027 0.9412729044101338 0.8267689980987898 0.9288549755227291 0.8664917617359764 0.8440150148600093 0.8940877345361857 0.8005478476147163 0.9223077124116502 0.8061562573304026 0.8897950957186762 
0.3199620986924407 0.9793825429720665 0.7676626270972822 0.9337060010423119 0.8057820657216038 0.9053466976591601 0.8319737961432375 0.8808216845370028 0.8668537424580409 0.8491429394933365 0.8838059255228602 0.8399487186416121 0.8918774298041443 0.8374893934035447 0.8896660908900043 
0.3354179321726953 0.9790463568267214 0.7676626270972822 0.9436918499655338 0.8060800255920593 0.9053466953363083 0.8319737961432375 0.8725241702916174 0.8668537424580409 0.849220972371086 0.8856008267069496 0.8399487186416121 0.8918774298041443 0.8374893934035447 0.8896660908900043 
0.3509715769513942 0.9875630817626816 0.755654712858106 0.9335178895078424 0.8057661379834441 0.9074493533359508 0.8357890478824618 0.8790043038518033 0.8668619560976837 0.8491391541558118 0.8876926240934633 0.8397336942314981 0.8918776436918219 0.8422670264043218 0.8896764977193147 
0.36672588166398334 0.9874895059185493 0.7555160814956228 0.9395440624220017 0.805547964337546 0.9052174186814296 0.8354941725307053 0.8752260597212621 0.8668620675887999 0.8489909158157892 0.8837661403936528 0.8433746534662774 0.8882939598181682 0.8374894663810033 0.8896746685593812 
0.38266972818229533 0.9889926703876465 0.7556416492546345 0.9437619865713932 0.8055412635353998 0.9053457744342492 0.8357900516021834 0.8778128637920519 0.8668632890628533 0.8524730166957922 0.8831901212270535 0.8397487355209314 0.8918778733084745 0.8374791683560241 0.8898751898695784 
0.39858544176760397 0.9913269009369171 0.7557823472360696 0.9401571583974057 0.8055412680610604 0.9053466051904536 0.8354779985102249 0.8790418119987868 0.8668554477453572 0.8490215993154362 0.8832531711703581 0.8399623470901182 0.8918777597309916 0.8374764269812762 0.8896660943555086 
0.41463654547923223 0.9913115981812606 0.7560778212812305 0.9438277719753033 0.8055491013931938 0.9045910369137619 0.8472298710932034 0.879011517595492 0.8668553944869337 0.8489835406312319 0.8868657174033986 0.8399635605217255 0.8918797946712851 0.8374764754072285 0.889651015204467 
0.43099542239453026 0.9955477839485491 0.7555172783059025 0.9399964399574298 0.8055490837018646 0.9052184482783685 0.8354969539866239 0.8808083351814596 0.8668620757940815 0.8562282352264409 0.8810516914951794 0.8396202473959904 0.8880444838145215 0.8381292783862704 0.8896765990360903 
0.4470260116010968 0.9894346767449356 0.7673049578433963 0.9438189733298892 0.7977446988601997 0.9045491848083872 0.8467193953397539 0.8844719405434371 0.8626437587586806 0.8438988140663037 0.9171118923093581 0.8294170474114323 0.8919482123845086 0.8322349588023 0.8896510665302215 
0.6399706262389542 0.9639274928443861 0.9334043704551358 0.7395171987635902 0.8642613382848476 0.8112178804687361 0.8837870129339929 0.8917112461763708 0.8500794097236937 0.8458986643414742 0.8981298792561997 0.6683772570954701 0.9070796577814739 0.845722854154639 0.9045733806316553 
0.6552202207794989 0.9884727016877242 0.818502212085451 0.7669574098121359 0.9279996778283567 0.8132671424799549 0.8526103353015396 0.9534458562050065 0.8556426521724458 0.8759926934735115 0.8981025584770563 0.671385218125918 0.9390502364444197 0.8860523434872929 0.9174213737397104 
0.6701033002507931 0.9713575795817844 0.8175516112712792 0.9619510710131381 0.9052690412549377 0.8122355401165754 0.8031788631688579 0.9015394753033436 0.788350903736966 0.8457237983742395 0.892378290581942 0.6624745439898596 0.9419737603472168 0.8078657128782119 0.9554806456760494 
0.6854587887099922 0.9302283146052751 0.9316270207951789 0.7515688000780609 0.829059381081078 0.9339849571652498 0.748708033283507 0.9300668779678951 0.9003838498560508 0.8448077590335614 0.8933989317394224 0.6716602256673937 0.9364587706920899 0.7966643773813565 0.9134652249591203 
0.6996882146152487 0.9719827118813377 0.7904164920164685 0.9534837060490996 0.7591897362883998 0.808722657866771 0.8297384743678186 0.9247289151259356 0.7357785552563623 0.8450081323113181 0.8933932647784546 0.674258506232748 0.9957086786706992 0.807930263357371 0.9145160884392864 
0.7140144256712152 0.9719827118813377 0.7904164920164685 0.9534837060490996 0.7591897362883998 0.808722657866771 0.8299212437300743 0.9247289151259356 0.7357785552563623 0.8450081323113181 0.8934059850088216 0.674258506232748 0.9957136294245335 0.807930263357371 0.9145160884392864 
0.7281709811800685 0.9286011919351924 0.8140582824148987 0.7514642617789927 0.8279467839192409 0.8573068400979141 0.7806298723624666 0.9083221598388246 0.7886452591570896 0.8432610261451858 0.9987820019428513 0.8180969084791009 0.915780499071854 0.8078570229256125 0.9715368694653128 
0.7417002736518195 0.9141959067326514 0.8127011294320874 0.9461460158629101 0.7615598155451396 0.8976882085151601 0.8271053945381205 0.9224710900065277 0.9901789234400531 0.8623256515424068 0.9908740811113395 0.6748666445671873 0.93136072090899 0.8235331367192592 0.9741145457295829 
0.755081620758134 0.9242862263913575 0.9384726172876143 0.9071666977349268 0.889432774690035 0.8193240457103119 0.8957118221735534 0.8691575946863228 0.9147111725671316 0.8428801977899868 0.8751636537534098 0.6665004673211201 0.925619161947555 0.7961261271872265 0.9736849775942443 
0.767700943702506 0.9141960074489252 0.8123391947994312 0.9461460158629101 0.7604873222838544 0.8976882085151601 0.8270886564044916 0.9221588942366723 0.9901789234400531 0.8631268459758173 0.9912654446217422 0.6749237728479502 0.9332290650408698 0.8238914737661758 0.9741145457295829 
0.7803072319570864 0.7456609127595714 0.8314989985881036 0.9098221895135419 0.8232300335691549 0.9312865530858727 0.8278397076091285 0.9117830133741552 0.9232341853392831 0.8451631859388732 0.9940602777716958 0.6731592657970615 0.9400174912347308 0.7905873015566669 0.9163556085078666 
0.9022201871028593 0.8542281032833471 0.8609810261132518 0.8654791028324985 0.8725558240495426 0.8502566603714696 0.889005683915255 0.8378610066090348 0.9044108763641929 0.8218881247877753 0.9115775933122118 0.8219899413649737 0.9006563164025786 0.8434909878526288 0.8777745391672919 
0.909760698551429 0.8194515514610271 0.8845837177522227 0.8554008786088737 0.8726377206484367 0.8521546056570748 0.887581381673473 0.8378691689403754 0.8997869325972385 0.8216413247911959 0.9115085616486052 0.8260113460815437 0.9005195469708223 0.8435187449176538 0.8843553196796318 
0.9169470383402608 0.819451552149574 0.8866964630314821 0.8553828899345168 0.8726377206484367 0.8521502621751813 0.887581384110294 0.8378691679677973 0.9043490440456013 0.8216421024043494 0.9117379451101841 0.8226774854963542 0.9006320087856828 0.8424131645100186 0.8843553196796318 
0.9237004054437875 0.819225107148685 0.8867600533448636 0.8554667210782495 0.8726377382782645 0.8521676776550862 0.8876290006739517 0.837868450077552 0.9043002365107944 0.8217038921223879 0.9114955428552136 0.8227155176787337 0.900518414154905 0.8424900217108129 0.8783541513711672 
0.9301591391071714 0.8194446852017266 0.8850420150192417 0.855477334007474 0.8725891986000623 0.8527958717600721 0.887571902932107 0.8378668318068003 0.9043654052590583 0.8216718671084482 0.9117377480660501 0.8220353543128232 0.8933973833918128 0.8433211340554007 0.8780351365717683 
0.9361942116054582 0.8194513888319076 0.8865610587441811 0.8554688736796127 0.8726906609995588 0.8519312470363855 0.8875814027826716 0.8378691653252406 0.9043484223707938 0.8216743423666613 0.9117376740430199 0.8225626041010341 0.9006320765958207 0.8424267646206632 0.8783340125625743 
0.9419020579147241 0.813981129654024 0.8850381896269238 0.8554748550608475 0.8726382517480854 0.8521258017175172 0.8875547692113311 0.8378688969278398 0.9043497445744456 0.8217039011922873 0.9117419479400062 0.8226841110523931 0.9002985692305977 0.8434753018558843 0.8843042831223742 
0.947281365648147 0.8192221097600364 0.8845743260842373 0.8554414860949808 0.8730203449526773 0.8518629195396069 0.8875864797051773 0.8379041983004037 0.9043001842507083 0.821673740267436 0.9117376838266495 0.8225621830521682 0.9003719189101137 0.8434422534647502 0.8788457530301054 
0.9514073398900992 0.8161717560089033 0.8712059854713468 0.8658586757058265 0.8480633772156345 0.9030332153056737 0.8849944572199802 0.8163840063120863 0.9127959583200647 0.8049061335518735 0.9195176289850532 0.8230864787249511 0.9290627594347026 0.8103289467311878 0.8700911166664421 
0.9570487060791837 0.8718207862623407 0.8346773518433871 0.8650692989378342 0.8668995663532044 0.9023594621322597 0.9034149091066095 0.852481169052486 0.9048160853781261 0.8046393398353016 0.9235156259192768 0.8188260752116145 0.8795103851537571 0.8327701482986152 0.9638070057283165 
0.9611343516575714 0.8155721050567859 0.835063036661044 0.8888017495899665 0.8331306771513687 0.8783226038504742 0.9028945235312896 0.8589933766711295 0.8722325515286493 0.8047828064625429 0.997795920380875 0.6660651649383366 0.9753390239776711 0.8307225036841452 0.9358621476378074 
0.9654963859971012 0.8731329181191939 0.8845733591280776 0.8659175903652034 0.8725203074488387 0.8519953748128403 0.9036279867331802 0.8269690474465162 0.8884598690543626 0.8045544375928064 0.922696775439226 0.6606178337628176 0.9069995156344683 0.8312438206250349 0.8890631014270045 
0.9692194378655352 0.8255352489622567 0.8347629896916872 0.9444401766477242 0.8296688997561752 0.9023135678613111 0.9024106582037161 0.8379328576747275 0.8700795176321242 0.7208255340934636 0.9916065316072964 0.6660152033014539 0.90438411749767 0.8084212207430439 0.8776808085070693 
0.9727493955768988 0.8483507951751257 0.8372560207501075 0.8114999736648832 0.9351502578015694 0.9115319051336881 0.7768653465434554 0.8517216829916487 0.9776961196816851 0.7259811953269129 0.9977668645714817 0.6744948254263795 0.9334751013773036 0.7658123489901587 0.8920668066540786 
0.9791034045695739 0.8244189341065149 0.873258397446522 0.8739512148738441 0.9016196958469127 0.8998320267903345 0.7888311344200671 0.8477699120280605 0.9764562018629547 0.895919139127109 0.9897446581414544 0.8225920795933008 0.9298896304772912 0.7951402395463086 0.9169450304865953 
0.9818348091429234 0.8613946732044653 0.8371716001927918 0.8081432286354742 0.9359908887889055 0.8192364093634322 0.8605859839264652 0.8254212590384975 0.8245697389306806 0.9238432620967434 0.9995376544122458 0.6716788112699914 0.9012959021370096 0.8308380498613568 0.9179851864573577 
0.9843885077412577 0.8364436166193353 0.8371716001927918 0.8806420958247164 0.868867731774017 0.8192364093634322 0.8629805963913808 0.7797965094161186 0.82452703040315 0.9226337314392203 0.9995376544122458 0.6716788112699914 0.9012959021370096 0.8308380498613568 0.8869171954393738 
0.9866071598991606 0.9413518993399069 0.8355025284776746 0.7752420513277066 0.9353903825307341 0.8201661660532253 0.864231923066949 0.8421801055257967 0.9137447258792474 0.7282881989522717 0.9900554591793667 0.6715048549889634 0.8979627203643622 0.8310415532204555 0.890721670874762 
0.9887183835149819 0.9274232021644631 0.8410072876524702 0.8520662147114267 0.8121282467395456 0.9071971740474061 0.8927247996922272 0.8685050571355647 0.821871989872505 0.7200978235845004 0.9894270615757621 0.8027678948949953 0.9035169695096201 0.8112830170297625 0.9028125215572553 
0.9905796804071427 0.8364371170561457 0.8371716001927918 0.8806411210325845 0.8689342806619018 0.8192600090370599 0.8629763920917758 0.7797875818069328 0.8245305843352451 0.9344935599030948 0.9850202060479667 0.6716788112699914 0.9012879873955558 0.8305936605151183 0.8867185255705816 
0.9922039777568722 0.9274083162660063 0.8307355272199112 0.8847946179127609 0.8121282467395456 0.8201855203750777 0.8627845508209698 0.7803289893784666 0.8642212144524989 0.7177565799709581 0.9893633147611415 0.7864299238134249 0.9035672372539865 0.8112724742142204 0.8983710077215076 
0.9937065222518574 0.9274083162660063 0.8355861433196965 0.8847946179127609 0.8121282467395456 0.8201858549189128 0.8627845508209698 0.7803289893784666 0.8641614337428866 0.7199989792076806 0.9893316547598886 0.7864299238134249 0.9035672372539865 0.8112724742142204 0.8999710550503406 
0.995011195266424 0.9273893136663702 0.8354176098349728 0.8848664952452203 0.8730507582423418 0.8148193203440717 0.8943388114490678 0.8689517298775372 0.8756296507952653 0.7269800670953251 0.9993661007878978 0.6658805267728305 0.9034823340183492 0.7415532371768077 0.9639796039952795 
0.9970881066573208 0.9273953867303014 0.8557002949116852 0.8247684531151193 0.8137986585046559 0.8201016406489546 0.8943378883811889 0.8502756980860018 0.8620750799162502 0.7166834352783161 0.9849715165654417 0.7761448701738175 0.9036802560102777 0.8112732112254669 0.9477997025205237 
0.9978962108999849 0.9273876457716285 0.8347632556514033 0.8247836524348733 0.8817325765983353 0.820918690331362 0.8943387893761275 0.8519167593625657 0.8579267763227519 0.7271605172939436 0.9995945156375773 0.6650419584224865 0.903069019717524 0.8110420663927198 0.9473421657144229 
0.9985681293968895 0.9273958325671707 0.8558653503564657 0.8247966306287497 0.8730507582423418 0.8201012989447206 0.8943379050573631 0.8504212678109236 0.8650962037824702 0.7209931530267841 0.9895737821037548 0.6671378545540994 0.9080192254313294 0.8065207762674543 0.9473421734476809 
0.9991007096684564 0.9281613952191379 0.8556969612346141 0.8254341103672393 0.8729111984385559 0.8209420151975417 0.8943687681085456 0.8519167454947564 0.8577527242585721 0.720915974958538 0.9994421358202901 0.6650905339025321 0.9896761836814757 0.8110074145828837 0.9478129003940529 
0.9995054051561997 0.9281512225583005 0.8556885602506368 0.8918182559490437 0.8394944574423688 0.8254440059204231 0.8943423398551407 0.850305021508963 0.8580006099653422 0.7199608833806711 0.9991498870255381 0.665314955408102 0.9909603455896118 0.8112348192017024 0.9472721094273399 
0.9997801698198574 0.9281379985482693 0.8556860504596276 0.8255160680577807 0.8844593772615511 0.8174791694180343 0.8943379401133038 0.8687506179541823 0.8578856246849806 0.7304313345137063 0.9987768793842321 0.6652260968352056 0.9030792746630121 0.8109939840987727 0.9472692534858623 
0.9999444060533431 0.9273850903332049 0.8556872192622432 0.8228506858634062 0.8729111764013164 0.8175716775261386 0.8943674094377123 0.8504398380254613 0.8579377030676213 0.7264105612266076 0.9892316718544577 0.6651514852182239 0.9896742258470452 0.8109520110718274 0.9472691603859807 
