0.2797720592594645 0.47303505897389403 
0.27982129195820266 0.4728265813628626 
0.27998463535039775 0.4727064026816257 
0.2801311786948781 0.4724193598000929 
0.2808687126155065 0.470836870497767 
0.28105483854252133 0.47069282936701057 
0.2811977514346647 0.4706317474806556 
0.2813868664620614 0.4702025608147111 
0.281681092770895 0.4699656366368909 
0.2818808257645195 0.4696758343463949 
0.28196803759921674 0.4695451951541034 
0.28223587118964755 0.46907666686518656 
0.28272088982297505 0.4687294766104827 
0.283212691442385 0.46822915717474756 
0.2833477271163383 0.4681219687899282 
0.28350988979055836 0.46803772087216744 
0.2836788506500829 0.4680032414244851 
0.2841579218355274 0.4672967426765877 
0.284268142785787 0.4671893289656645 
0.2852895059459814 0.46610545715897067 
0.2854897894855623 0.4659378231973383 
0.2861836256572039 0.46554589564018145 
0.2862927607884131 0.4653039554370762 
0.2866220652326871 0.46512991055739816 
0.28713236955251514 0.4649252201144485 
0.28729970872529526 0.4648065789663095 
0.28745499062704394 0.4646619690162226 
0.2883912656745625 0.46385089844265537 
0.28862047919464656 0.4638430678526658 
0.2887582213132938 0.46363858489276394 
0.2889570579974075 0.46309605659022535 
0.28920296724131495 0.46306954120628646 
0.289345030690892 0.46287004420322186 
0.289646477953574 0.46246763310279027 
0.28981319999466093 0.4623647087497591 
0.29002235438987095 0.4623409738154903 
0.29007538815015466 0.46199285325918127 
0.2909630675253531 0.4610145362356332 
0.29101397015118036 0.4610011825180311 
0.29138521191767847 0.46083582109241755 
0.2917033266429021 0.4602211588179391 
0.2922638369653479 0.45964208348660646 
0.2924341787140659 0.45963964787125117 
0.2925985956750348 0.4594966514024092 
0.2928020775009134 0.4593528874905043 
0.2931356909482415 0.45891319858186447 
0.29341104452479194 0.45880521868650054 
0.29361604561697735 0.4587549074349489 
0.29401352936364483 0.4586475515672067 
0.2940614324695204 0.45822915842998846 
0.29440779121858884 0.4577932376021291 
0.2949422077047557 0.45719917015599937 
0.29518098095581286 0.4571829700469036 
0.2955199180783015 0.4567479666453078 
0.295652685398013 0.4565585870369549 
0.295778245464534 0.4565041624519977 
0.2959957547990934 0.4564737506254991 
0.29629224899550805 0.45603625930190034 
0.29647339403827644 0.455992908945669 
0.29681284241482414 0.4555862771595958 
0.2971445018149747 0.45546081482494755 
0.29736925829201216 0.45536788050941845 
0.2975838658266149 0.45501394668488604 
0.2978368084901338 0.45486607278620467 
0.2979940281553088 0.45475882675234314 
0.29816193656683526 0.4546176020184078 
0.2983006573307763 0.4542372244614221 
0.2986871422834371 0.4541898400556675 
0.29873682019348685 0.45388315504698273 
0.2992019700016118 0.45375428001872636 
0.29922014032702315 0.4534724520693673 
0.29940165533514906 0.4533141153138075 
0.29969516659041623 0.45323130673635537 
0.2998228675409163 0.45310993494718665 
0.29996854130049755 0.4529049163418989 
0.3000396742207572 0.4527849592938766 
0.3001956790636943 0.45242257196128255 
0.3003048024901189 0.4522880259052868 
0.3004507651701096 0.4521185778356184 
0.3006855159369953 0.4520454547564173 
0.30071408073912226 0.451895907397346 
0.300967881469877 0.45165220025269315 
0.3011524856656101 0.45161002950084483 
0.30124833319797345 0.45135707899935273 
0.3014227358580226 0.45121494795121625 
0.30153155722561703 0.4510281042559319 
0.30170618336894645 0.45091061656666614 
0.3020212035304 0.45067053304203986 
0.30202327997091927 0.4505933430781212 
0.3022626153163769 0.45045598687597693 
0.3023934061736366 0.45032808607263547 
0.30256315360951624 0.45014398083215185 
0.3027104079373962 0.4500106908378113 
0.3028613497225103 0.449889794525467 
0.30308028288327327 0.44962272370986767 
0.30320175663010096 0.44952275720532114 
0.303364599399212 0.4493671903361991 
0.3035811216500398 0.44927185024049987 
0.3037647354674733 0.4492404426743896 
0.30402562082887197 0.4490866482369002 
0.3042416738679025 0.4488519236949775 
0.3043387974356694 0.44865877248259933 
0.3044248726384688 0.4484966657087067 
0.304540667160175 0.44833569885645397 
0.30483318719723973 0.4482619641246269 
0.304891718958355 0.44813130791540307 
0.3051279075457666 0.4479696747672282 
0.3052678197158946 0.4477983717051742 
0.30564199475916676 0.4477737368219248 
0.30570898237407956 0.44756827693498386 
0.3058950217751742 0.44741164791073124 
0.30610821724292864 0.44728978770626826 
0.30626616950755187 0.4471281100623574 
0.30634249068337116 0.44687794992258884 
0.30652341991147225 0.44673899632330727 
0.3067311450781863 0.44665567557411073 
0.3068545071683161 0.4464157030714062 
0.3070586396551538 0.4463198275808236 
0.30709553668716577 0.4460562740784164 
0.30710470190867556 0.4460246589778518 
0.30753195618145174 0.44567086333476136 
0.3075349444231718 0.44559779189453125 
0.3077833765000739 0.44549036767712924 
0.30791613618422475 0.4452507353324696 
0.30811520784640317 0.44515367448523613 
0.3083286494573227 0.44497936749145095 
0.30840012217519736 0.4448092158944514 
0.30852656420466607 0.4446686088715234 
0.3086931851462041 0.4444884705493135 
0.30878145763091736 0.4444628333887676 
0.309355479656868 0.4441116638481556 
0.30950774832938993 0.44394985211037286 
0.309562700171252 0.4438514909744693 
0.31025774844099796 0.4436206172498948 
0.3104749915026902 0.44348815204396835 
0.3105020210705428 0.4432470535612289 
0.31066756829270115 0.4431328608646774 
0.31085861777602736 0.4429915281030317 
0.31118590924807427 0.44287055559858834 
0.31155165574214766 0.442569016386009 
0.3117889646629334 0.44245692326399955 
0.31190396933921616 0.44226046666611935 
0.3124112570522204 0.4420279761469992 
0.3125770756917839 0.44185577177674007 
0.3127147638611229 0.4414624124813989 
0.3131767521888317 0.4409375484174024 
0.31331125784685937 0.4408006652286728 
0.3137194610816597 0.4404885499116889 
0.31380499509455423 0.4402870119043074 
0.31388638611890607 0.440257534540038 
0.3143908280382008 0.4398345117632425 
0.31441995494869396 0.4396789383129037 
0.31474146703293276 0.4395153299906052 
0.3148186199779262 0.43931735118363824 
0.3150818874052862 0.43917876303884007 
0.31511734195948476 0.43898467251153067 
0.3154523339835953 0.43866358077723105 
0.31566490502794237 0.438359580252282 
0.31598440595984933 0.438194364774107 
0.3163658914100157 0.43810827536798247 
0.316469744131677 0.43774339099393217 
0.3167576609367115 0.43738190219899475 
0.3171037619778848 0.4371251613541599 
0.3175238200506942 0.43674298474209344 
0.3175500463699196 0.4366688472329677 
0.3180137299970413 0.4363160125488288 
0.31837790285918427 0.4361413772723355 
0.31859450284622204 0.43585729374188686 
0.31899879544994886 0.4355849881254511 
0.31933893636602856 0.4353676412913165 
0.3194609587143239 0.435194022857899 
0.31984824760352365 0.43493769660183146 
0.320322495065375 0.43475765569808816 
0.32039645760441277 0.4345850402006915 
0.32055307830080443 0.4344774912131895 
0.3206186119473572 0.4342305975821296 
0.32078626840294305 0.4340112684205525 
0.3213195325210906 0.4335876600569048 
0.3213320962124082 0.43341116195097235 
0.3215669733303226 0.43324123083405186 
0.32165061913883236 0.4331333106133783 
0.32202495725775226 0.4329312427678267 
0.32211587565905164 0.4327423567068774 
0.3222118423120957 0.4325785852376849 
0.32264602508164875 0.43226250825164947 
0.3227863971872536 0.4320891955520644 
0.3229894418811953 0.4319333741186332 
0.3230612897663597 0.43185752937831723 
0.3236273786138286 0.43145702133979447 
0.32364256413912834 0.4313663276353378 
0.32414220963938456 0.4311461010853989 
0.3242443595321956 0.4309625635830596 
0.32436545706096875 0.43080123924064184 
0.3244685821763204 0.43069504801767067 
0.32481070324667277 0.4304551743731014 
0.3248564973916959 0.4303002629084789 
0.3253056526738229 0.4301564391862724 
0.325347524313307 0.43001520112640634 
0.3257283623189508 0.4296519654370682 
0.326016472038141 0.4294928425930436 
0.3261388107523659 0.42932260251570264 
0.3263800881687136 0.42915027949440737 
0.32664790739143396 0.42899520129559116 
0.32693666157964685 0.4288346188482728 
0.32705369163844206 0.4286552250892295 
0.32720727466636007 0.4284774960340134 
0.3273437562520747 0.42835825834972585 
0.32772864408810776 0.4281643003115697 
0.3277771359492714 0.4280043866861428 
0.3280815880291291 0.4278826565755076 
0.3286504566697387 0.42767796650430956 
0.32865701419794513 0.4274924949102049 
0.32873177242892493 0.4274000717381894 
0.32930756816685774 0.42716590350744194 
0.3293894261999033 0.42706222814457456 
0.3302201469964769 0.42681696294870664 
0.3302595117534167 0.42667870005123415 
0.3307678285940835 0.4264287552457391 
0.33164190715758673 0.4261456362312328 
