6.962882852806291E-5 1.1500049289937513 
0.02350805566015843 1.1498057737579712 
0.03581938225941918 1.1496631182334343 
0.048338342943370985 1.1490918153028635 
0.0612379763596765 1.1484609692975065 
0.07405720886212444 1.1476847022908556 
0.08733502261478447 1.146690670099845 
0.10068368033698798 1.1455731030971352 
0.11473230534379189 1.1441669813665216 
0.12821780883943318 1.1426527022776165 
0.14195304531514175 1.1407510808084633 
0.15691844682642497 1.1382017154395891 
0.17168954379257456 1.1353362638077402 
0.1866072824520004 1.1314204217821473 
0.2010631285124361 1.1264591260990804 
0.21600842103518136 1.1190193733407303 
0.23020422623327197 1.1103529276674347 
0.24506066431783985 1.0988229870378434 
0.2577465053981314 1.0857063083536693 
0.2712065919342961 1.0671929179368684 
0.28209988904783445 1.0485142462691859 
0.2934629880491846 1.0248504005172157 
0.30279426150561894 1.0001730809327998 
0.31174222389018097 0.9733477277237169 
0.320593598689243 0.9489329317972919 
0.335977191702356 0.9433171304719252 
0.3515414884059482 0.9374355217614716 
0.3671572442986215 0.9311757312077176 
0.38309802946593735 0.9247450793194423 
0.3990570715085925 0.9178939227212799 
0.41515854818647624 0.9106558076551926 
0.4314291915203404 0.9033036503258118 
0.44959958472390515 0.899467343020045 
0.7182477111712129 0.8978836969913331 
0.736496337291021 0.8831707336995324 
0.7539446038888794 0.8683784896782447 
0.7710845144893729 0.8532174757773399 
0.7884459099466344 0.8375809464448751 
0.8051530891218407 0.821215181976228 
0.8214103113228448 0.804984463814159 
0.8374783883373557 0.7882188316875884 
0.8534422859062701 0.7708102550690075 
0.8684069384190539 0.7538966146508416 
0.8832028041726611 0.7364487879443832 
0.8978989392717037 0.7184250266426907 
0.8996636715133386 0.450002659629811 
0.9047496630353429 0.43215438698933184 
0.9114087831861456 0.4155618278315006 
0.9200030414841402 0.4000082813848088 
0.9267918183375832 0.3839182778426521 
0.9338144916954966 0.36814922063599514 
0.9399323052835256 0.35240262566766 
0.945869439152898 0.33691715779217946 
0.9524040466770014 0.3217661468654894 
0.9737293250700713 0.31167328936142924 
1.0000519894685451 0.30267293898091235 
1.024508130154993 0.29319247088583844 
1.0478838769236836 0.2823114018218641 
1.0683016169652202 0.270446247068996 
1.0852900458943369 0.25790412041203037 
1.0992617292304177 0.24429522310164076 
1.1108500758858157 0.2304219898946696 
1.1191918974514548 0.21585981085757283 
1.1258558666204324 0.20130907641354512 
1.1309313368815943 0.1867367960573315 
1.1350855921117862 0.1715383494542033 
1.1385339542677209 0.15709100718471436 
1.1406194770272808 0.14250117516245475 
1.142754306580594 0.1284304670347936 
1.144228491542471 0.1144793530940417 
1.1455608840513296 0.10067002588517193 
1.146909688976124 0.08728849666380081 
1.147607747793195 0.07409384091863015 
1.1484294822212757 0.06109918008310435 
1.149036348932368 0.04854996088740585 
1.1496747125054119 0.03586538677048251 
1.1497797384162964 0.023695266939359666 
1.1499833388002585 0.011844005871127019 
1.150029092047825 7.458807165539148E-5 
