6.05465477972883E-5 0.7572843682236676 0.9625090911951083 0.9860022981663585 0.7780450689258452 0.974048768840949 0.8276964765680846 0.8872450608005351 0.865362027176193 0.8224396076138185 0.9828532747608114 0.7870147228917745 0.8365539361691144 0.9892142806041951 0.7973620281857344 
0.020440968779536467 0.7842639292572029 0.7805050592676852 0.895462103211146 0.7830223153377187 0.9738556030849472 0.8314444156901548 0.8940263190952604 0.8542219678132517 0.6945582672102607 0.9417374376677059 0.7890022737814478 0.8372911095478848 0.9614830275150386 0.7973325672939171 
0.031141304790004265 0.7844217560006786 0.7806504687054537 0.9874856973142208 0.7784753363224258 0.9738146160526073 0.8319723265224773 0.8905844941466294 0.8543870167271664 0.6945582672102607 0.982851377967833 0.7886762037615958 0.8372497110626986 0.9621659135529278 0.7952467250773622 
0.04202939166257347 0.8199680735381955 0.9718885441332983 0.9861572765003 0.7832362150557182 0.9753826330623002 0.8314444156901548 0.8940716360802796 0.8542710502097078 0.7819705402180287 0.9417371017409468 0.8122411807410052 0.8372914553194515 0.9401018029085069 0.762242895413002 
0.053246132809996904 0.8199280000885538 0.9719182728357402 0.9861658839883507 0.7832272736246821 0.9757711622688997 0.8277396402045246 0.8985509031017092 0.8649541437902354 0.7880651447773717 0.9720569397632868 0.8122050085373407 0.8607195736670075 0.9234447649473655 0.7623878549485993 
0.06439356467536243 0.8202116995589346 0.9731545019329441 0.9861494933535357 0.7739427592899594 0.9757471185086551 0.827840058844742 0.8979041452562787 0.8620213174797445 0.7872746033456469 0.9672646075545964 0.8122056608610579 0.8372911793409197 0.9375472066919238 0.7631269926440362 
0.0759427256089843 0.7848317567802936 0.9744682866409811 0.9867551765531085 0.748815828933059 0.9756095146127944 0.8268880597290486 0.8979159650352797 0.8654534662355456 0.8355860610646556 0.9416383776622466 0.7920785053103166 0.8377665192881683 0.9897034019940604 0.762368524239772 
0.08755185595758902 0.8202191201664094 0.9731535134830914 0.9861494933535357 0.7735459548819593 0.9757471185086551 0.827840058844742 0.8979396374321281 0.8620213174797445 0.7872905479095695 0.9672446870123896 0.8122056608610579 0.8373283943883315 0.9375472066919238 0.7631269926440362 
0.0997754615628414 0.7853778888898628 0.7824171179742144 0.9586917292897523 0.7791736774692417 0.975473398046557 0.8319477806086301 0.8841974750637801 0.861609075482804 0.694678471708821 0.9684627893185312 0.8121868863731284 0.8360211592109129 0.9847542928373744 0.7576313463285431 
0.1115108223694109 0.8241431537136894 0.9758097363912834 0.9861363041278254 0.7426083143423923 0.9747297025538751 0.8268390978165491 0.9252997122151913 0.8618806406744325 0.7757632747017158 0.9230415848139545 0.8103619952495645 0.8366471812613868 0.9064355894009325 0.8763111245264694 
0.12348582163465924 0.8216491800661204 0.9458859133787678 0.946975011315944 0.7753475370667986 0.9756845992610172 0.8277721765274605 0.8700751980051862 0.8648682200808812 0.7876557413450125 0.9613159883919985 0.8558224620858205 0.8381808993305042 0.9404741070592259 0.9668278880336195 
0.13657343073669828 0.8240006339540518 0.9765081813479426 0.9861440525331909 0.7759712666600881 0.9747285010938144 0.8276545560802764 0.8979175750161814 0.8619473421443511 0.8342860421230393 0.9777392878684187 0.8120797075135444 0.8534918802516936 0.9055617163757873 0.8524306343319655 
0.14952348936725227 0.994593165712999 0.7543494814667951 0.9473223654122709 0.7659091339595805 0.825400381211272 0.8334321564851276 0.9393334456241185 0.8681114326146006 0.7815225393362808 0.9394713539622153 0.9645739643752727 0.7318769369069035 0.9217799471328875 0.875290177455953 
0.16273333946737797 0.9946080637223598 0.7862595468582263 0.9905142439798069 0.7659091339830362 0.825400381211272 0.8334421564507425 0.9393334456241185 0.8681114326146006 0.7815225393362808 0.9392251471671498 0.9451169978029033 0.7318769369069035 0.9217541819509972 0.8752598252050744 
0.17571417229055855 0.995015413956783 0.7241786385618065 0.9905718540204892 0.7813748336910062 0.8254281442714486 0.8332042065126056 0.9223905898084059 0.7741607215017194 0.8191533256464527 0.9394723585894844 0.9553350092719806 0.7259971040000874 0.9203515728929872 0.8746720900309779 
0.18953474841258483 0.7668949915947488 0.7867388628843813 0.987241128765509 0.7301086870502788 0.9861992790910283 0.8306290096365553 0.8876390072502959 0.859801307621968 0.822640959585386 0.9707181816560116 0.8335775604495722 0.8633875011132437 0.9418049414912792 0.7608789543903881 
0.20300815082250434 0.9782076441873294 0.7220991029227414 0.9981402866611824 0.76582627395144 0.9819610416130969 0.8008850604599774 0.9223891242696477 0.7721686976694762 0.8191533256464527 0.9844761481118712 0.8220981383208494 0.730270985153323 0.920363847460715 0.8530032612295736 
0.21767338445994708 0.9782076441873294 0.7280618159760043 0.9717211352373634 0.8326518705053726 0.982209874112703 0.8008850604599774 0.9223891242696477 0.7720983738927275 0.8191533256464527 0.9470562831969465 0.8209046407197763 0.7356885197441736 0.9208844854591047 0.8529302325943006 
0.2309801828896905 0.8480509511022913 0.7280392380888208 0.9723733400162147 0.8469740055357113 0.9240758556300985 0.8335947550166551 0.8687437615608271 0.9602681389951496 0.7817097820264994 0.9507545685462052 0.8198003474318192 0.8586860827345774 0.9582568874936769 0.7587257948649911 
0.24630183791917787 0.8537819692178925 0.7389203534425579 0.9874829421899507 0.7017838401198859 0.92405530941577 0.8025883452107555 0.874945798453829 0.8709163369075339 0.8217345838432518 0.9690719733954569 0.8335137825328637 0.8636435204999229 0.91974813138756 0.7621770760882614 
0.2598082423139744 0.9844474528129167 0.8430193187197915 0.9717072860868339 0.7736383477309534 0.9823053016280507 0.8372760261514034 0.8755865604133348 0.9354436476612543 0.8504490829587579 0.9540222118450847 0.8207304716606624 0.8357912952729547 0.9177235418769591 0.8192234411640881 
0.27528357245387813 0.9654900673271801 0.7307070632930521 0.9521609855420726 0.7749828388300231 0.9766236073276697 0.8361443299007572 0.9075853243505839 0.9347894528712282 0.8514091786536794 0.9542250135351347 0.8294516478047476 0.8622129579061842 0.9173109220267753 0.8199478889480432 
0.2897545369803659 0.984464156414672 0.7479921821411042 0.9521973664822727 0.840912177043878 0.9259005451620381 0.836158546498111 0.9320470706484226 0.879240889351972 0.8520461231117433 0.9542303871251372 0.829356304440991 0.8627871564316717 0.9178256888516577 0.8229411339865278 
0.305016197329626 0.9916071029981146 0.7451373989797098 0.9188879588979246 0.8029001261125133 0.9123105286461852 0.8313903203780433 0.8725675434722627 0.8517316323967027 0.853751370417845 0.9448827792420507 0.8565010254727838 0.862303266309466 0.869945279431589 0.8505061664063746 
0.32007326809271885 0.9741901657642608 0.7621492564006173 0.9376494432882128 0.8028553552857193 0.9103869067621264 0.831703062214206 0.8755631843224663 0.8677174532640021 0.8571275577521548 0.879305042546189 0.8626914654946023 0.8631872784154455 0.870993574639775 0.8549335556193224 
0.3355198740569058 0.9875280006513272 0.7550971270795159 0.9376033580851219 0.8030088835146696 0.9103899280968744 0.8361599237040752 0.8755728593382597 0.8655254134431091 0.8573960342594985 0.8769109394041783 0.8627370991627485 0.8628109288326836 0.8704652386189206 0.8584673285523121 
0.35112621550761036 0.9875370312944655 0.7620447103420195 0.937647334684119 0.8028553385630336 0.9104008132842261 0.8362856564588999 0.8755727103590399 0.8684807271041439 0.857179009191626 0.8765718675149934 0.8627430756342949 0.8631872511631081 0.8709665410041232 0.854868161896388 
0.36681028034093316 0.9884027056833539 0.7621083685519545 0.9376481747884683 0.802853116523181 0.9103957328306367 0.8362446192369215 0.875562829154927 0.8678277193808251 0.8570585518956455 0.876566063313036 0.8626009712187886 0.8631872813432999 0.870356163117066 0.8636729187405199 
0.38273124977996864 0.9928082316715385 0.750398670828807 0.9377978585497085 0.8030081372320567 0.9103899476137511 0.8362793717135717 0.8755721176062012 0.8678665581865277 0.8570652123653508 0.8764980833761818 0.8626073316834945 0.8631879725627296 0.8704690299214334 0.8627622222067066 
0.3987032200040838 0.9892161622126207 0.755096943282592 0.9377978677722316 0.8030146050977298 0.9103901670905654 0.8361599298397229 0.8755729315764461 0.8646096867741049 0.8570652123653573 0.8764966977306469 0.8626075244461613 0.8628108958150593 0.8704699141287221 0.8667137644446732 
0.4148163372412465 0.9969112780520186 0.7504183738352588 0.9377980340582956 0.8030081372320567 0.9103899269406542 0.8362793311835873 0.8755721176062012 0.8646493173292961 0.8570652123656038 0.8765063266552556 0.8626071428441645 0.8628179234223541 0.8704656523974357 0.8627847141529624 
0.4309793476615768 0.9884864058092925 0.7621582065556713 0.9377967125167612 0.8027256187344016 0.9097423064249206 0.8362847593973238 0.8755721205300048 0.8678143758468394 0.8570653607340416 0.8792760067922508 0.8607990923503713 0.8631884802939217 0.8703575074015956 0.8629183584625552 
0.44710691761287324 0.9869544176086017 0.7414299205026975 0.9468664887906096 0.7753475370667986 0.9262598303770883 0.8347710591221408 0.8700751980051862 0.8650685093716084 0.851027265456587 0.8694446196038234 0.8558224620858205 0.8631946817612327 0.8890447757456659 0.840149917853195 
0.624663628201486 0.8668442299202189 0.7644041654334424 0.9645226150700261 0.7891150799834893 0.9411522004300523 0.7932050146565299 0.8858035888040879 0.8725283887024442 0.7571855709790648 0.9050861213867876 0.8078728742677309 0.7222445984786732 0.9887281140269533 0.7777958656943879 
0.6404515985200138 0.8602058906820954 0.8052539022321991 0.9894692852658378 0.759173608979752 0.9409696459330253 0.7972526391023262 0.8217652518001733 0.8721955549451802 0.8266467753020406 0.9687522555298212 0.9444019346480661 0.7249578809901276 0.9778766437031338 0.7777560435518389 
0.6556006158142533 0.8642663517001453 0.8055830826937023 0.9433742433961712 0.7591705489982239 0.9409963268684893 0.7919795297085543 0.8255514994161224 0.9242524292644613 0.8041895042605528 0.9676973131371056 0.7974792420160753 0.7221071063919898 0.9774989195597242 0.8467854964304696 
0.6704952466062456 0.8659137563427146 0.8055850089197625 0.9433740803103442 0.7591720398171905 0.9409864512240845 0.7919801393822973 0.8217191877452005 0.9244754140965951 0.8168182591092623 0.9676974461641291 0.7991390032560461 0.7209318370876684 0.9775087786584141 0.8476571609849638 
0.6854266676891902 0.865778740032659 0.8050969395096873 0.9927348215014875 0.7649137004319086 0.8577795897701633 0.8318243683133837 0.8336079877868107 0.9919988100664529 0.7444015936892848 0.8510629079334388 0.8482781542591813 0.725802318287208 0.9806989803821231 0.7758970247034556 
0.7000892186770638 0.8603469242326687 0.8051007081266242 0.9432819269520213 0.7594988832272208 0.8497910420775496 0.7917081555870035 0.8824520421855048 0.9204948073380248 0.804423838006568 0.9676133377096877 0.8096154999079774 0.7251971115038237 0.9816284566897021 0.7706128257448834 
0.7142118139048138 0.8657617443656151 0.8655267623406894 0.9405078041020148 0.7600260136622106 0.8494118433600251 0.8030343587008012 0.8498270116010732 0.9242919100345194 0.8557658377520531 0.9399682195270177 0.7976024342149701 0.7252198390713672 0.9815568945578468 0.775897303654323 
0.7281983098166264 0.9051058570674473 0.7314950824063859 0.9422995228312001 0.7416824076271444 0.9407452141642743 0.8128681299369498 0.980288494720289 0.9248524390544279 0.8866705976090683 0.9211064519673143 0.8143445819438626 0.7753252773589474 0.9747040673087274 0.781224178699559 
0.742120308165414 0.9180895897186745 0.8052522917687376 0.9605143776746957 0.6793637295816152 0.9811935554336094 0.8183508899657589 0.983974099887067 0.9109183741327989 0.7962112523939646 0.9389844516076548 0.8024826566330366 0.759380329908303 0.9934315724521733 0.7787863172225837 
0.7551391186688163 0.859906946617071 0.8052529377619305 0.8769003839408592 0.7550842991310847 0.8863418496518927 0.7922414544827635 0.882475785789472 0.9525481927221713 0.7946486796855807 0.9676133377096877 0.8077838754935 0.725445742308131 0.9816221091247614 0.7711644540636731 
0.7680303114298448 0.8603392108825076 0.8052522917687376 0.9602054216619423 0.7594698671295776 0.8871051819530805 0.817440645233604 0.983974099887067 0.9114866487090078 0.7984348495966564 0.9227480896339249 0.8025501374988664 0.7475222387880762 0.9934446721949939 0.7789638981425911 
0.7808238950393894 0.9188458393256098 0.808915313984223 0.9965347559496928 0.7418959411158775 0.887144071869094 0.8147630365334748 0.9830873804595778 0.9373806302596817 0.7867717466516551 0.9245914207863767 0.8141797137472898 0.7456772235605559 0.9746623723394797 0.7787863172225837 
0.8943592540044268 0.8372865398586556 0.8475030236955648 0.8938058561267981 0.8315865513438256 0.9027476433244306 0.8465809187245534 0.8697077599289421 0.8877140351526832 0.8437950660432472 0.8778921472671337 0.8602465901905786 0.867954261215628 0.8599402593976296 0.8708664994926573 
0.9023483852727149 0.8451290725652412 0.8641780807046842 0.8927765178377253 0.8464074165087734 0.8885653953392525 0.846526689132188 0.8696812326506601 0.872356911419683 0.8590531100633542 0.877898692388607 0.8604748979922382 0.8677785100696266 0.8599414910228312 0.8705864203002311 
0.9098825511233067 0.844957573898326 0.8663117054841138 0.8764014912753456 0.8460210288502982 0.8847303527077546 0.8540349882190167 0.8672376722722918 0.872604797497393 0.8590498324254949 0.8751814762899198 0.8597890055879402 0.8679575606852433 0.8597569645601237 0.8684155293257365 
0.9170675197274692 0.83760060815969 0.8637430882798947 0.8938270093552746 0.8488421423554607 0.8885157823603101 0.8549448548672596 0.8672839144786318 0.8727257632164447 0.8591270419388178 0.8752184975912257 0.8597889174697855 0.8679581057049066 0.8636966481664007 0.8684425622501761 
0.9238694745854278 0.8353709961681418 0.8717008573196953 0.8806130773719564 0.8317828761965693 0.8885655780968779 0.8483206510513956 0.869371613544845 0.8699358178991319 0.8589539896466013 0.8778984934922143 0.8597997190185872 0.8679494676067295 0.8638134532530118 0.8684179984753494 
0.9303122468571955 0.831409071129252 0.8663135414970791 0.8927678360298722 0.8461311636228294 0.8886689087840801 0.8482810847577328 0.8706132864869551 0.87262063902288 0.8590530851895465 0.8776827022358599 0.8598511850730995 0.8750118922084166 0.8596947166557708 0.8705659037904505 
0.9363527528799452 0.8201586573634408 0.8745937249916369 0.891762165524597 0.8455703441795254 0.8885655965305569 0.8541837297061808 0.8672539380895331 0.8699809039165003 0.8589504740902714 0.877902349303823 0.8598098022207268 0.8679573989127443 0.8637902880625165 0.8684726535598789 
0.9420233939431428 0.8200184747961151 0.8746814112118401 0.8917697000278575 0.8456389886168368 0.8883567690326531 0.857125395243858 0.8693740606994006 0.8678163838605597 0.8589531660990392 0.8762376657543215 0.8597226620257878 0.8680272648898663 0.8599414861158852 0.8684162162472499 
0.9473928393075944 0.8310259901217171 0.8718078983045257 0.8934907679458861 0.8346223639947306 0.8886691907698753 0.8572693204941769 0.8693740797004964 0.8699139898935513 0.859052635985259 0.877898493786249 0.8597231809150082 0.8744182471742117 0.8599350467747324 0.8684132613597962 
0.9524014580150145 0.845967567265276 0.853322607880225 0.8964950720081077 0.8214727980524714 0.9031374347279627 0.8294508247295904 0.8696690813398888 0.8886202671402623 0.8247247070752172 0.9428481708281261 0.8184454205802575 0.8824965126609716 0.8941147801257772 0.8720591496437501 
0.9571234600734494 0.8359101827007748 0.8532646466639822 0.9337993300428047 0.7440833636211455 0.9189429605289489 0.8810846075243045 0.8695050350287217 0.8877494424846616 0.8248462917734964 0.9456391513785042 0.8597380167761492 0.8619704811416075 0.8612195436441891 0.8690841152707736 
0.9614059017106039 0.8549087402106034 0.9017815434115379 0.9526868985699428 0.8590146934954355 0.8875948478826116 0.8404623043468511 0.8701788290533604 0.8885866233180804 0.8248374310926098 0.943087593506503 0.8626932037173608 0.8622929330197103 0.9124226039042335 0.8024075316508085 
0.965572067980737 0.8231954930465366 0.8977886315680561 0.9577909168136834 0.6827743934574871 0.9350375733034071 0.8151262949826166 0.9371115299090137 0.903951324154249 0.8257863273784672 0.8793199409529556 0.8660107757016072 0.8590207842097863 0.9325989929652949 0.7944431467730168 
0.9694185028880297 0.8231826241998297 0.7794987732546873 0.957139828725758 0.7440964101073195 0.9271397786404643 0.7369080006214562 0.8925526603114875 0.8875697707067804 0.8208423677974191 0.9428190216544204 0.8024090618603739 0.918779872471258 0.9590900183814802 0.7845345457839916 
0.9729067684483994 0.7816491862459927 0.7751814968901132 0.9586180544722228 0.8769265943534554 0.8815074242374888 0.8137498910502482 0.8716624760215607 0.904412485654499 0.8243800878889477 0.8864492397072343 0.8927637458292196 0.9286181114219122 0.9323997439886724 0.7904295806953887 
0.9761842695912579 0.7780315427017636 0.7675250026081611 0.9861129998704619 0.7623068776464308 0.8806067786893111 0.814914305578874 0.917701216897687 0.9247653238233083 0.8244155668996003 0.9365821683214007 0.8055768005014938 0.7687123078629278 0.935371853504875 0.7896058338161289 
0.979156947061627 0.7769308014072234 0.9014684322746132 0.9573183430069192 0.769037786926728 0.8827701644172834 0.8148692106770431 0.934899033004325 0.9041507578997466 0.8447420550983544 0.9696798709614317 0.8620147331658267 0.918792226221888 0.9716134076475293 0.7724857721430712 
0.9819037029633731 0.7553180359969589 0.7674083596169412 0.9979039051499168 0.8754312876347031 0.8809791646352908 0.8133958363798743 0.8925009077953788 0.9030331170040355 0.8248596763410733 0.980945219187086 0.805165490049638 0.8469670571933073 0.9360472426439334 0.7896058338161289 
0.984387697718296 0.8012200890367833 0.7636321192908841 0.9878650304998188 0.8835844201991687 0.8824165244228321 0.8153016237769003 0.9168784043780983 0.9255616310768281 0.8244146441004333 0.942540887928714 0.8056594854577457 0.8468994422965114 0.9895901180012856 0.7891978746930997 
0.9866406290880315 0.7666349050950263 0.9374405127042442 0.9974679807645564 0.7552992068564914 0.9849810144696602 0.6714647918535124 0.8878018120144257 0.885534438943643 0.8228588345066132 0.9817184378367779 0.8329756193173082 0.834712347465149 0.9326592105513292 0.7879917288271442 
0.9887727587499829 0.7662354160201468 0.9384698945033166 0.9942443953967717 0.7022556361411522 0.9752892354233729 0.672365113614247 0.9266391773247452 0.8604642326440134 0.8227518183096424 0.9817184413248313 0.810608813697036 0.8347128571566613 0.9636685936043384 0.7879912103381679 
0.9906150229108142 0.7293701351537729 0.8572686970779584 0.965611025976522 0.7451856291953886 0.9755026190124819 0.6260256054187884 0.913391328959933 0.9019938170646774 0.8249028747893571 0.9838098370073806 0.8094706574190023 0.8464525477859003 0.9726051268558993 0.7684350968274437 
0.9922860397572423 0.7335804000066292 0.9766404587283354 0.9815540676076349 0.6964881818845233 0.9615615395827383 0.8160863803728895 0.9128586748232597 0.902289441720837 0.8247568586645487 0.9838750656903517 0.8090107732374804 0.8468130355376344 0.9328017699304518 0.7677839560030638 
0.9937438102629319 0.752878105766205 0.9385752729941781 0.855952300742413 0.7028738979143121 0.9753350529021176 0.6685749424890857 0.9130264053866831 0.9025252298107529 0.8379420916141468 0.9848461631097215 0.7804161172414145 0.835999959746444 0.8990236094028954 0.7638019694786815 
0.9950323240325137 0.7266655099145459 0.9385745085745795 0.9552515414273706 0.7028707389118752 0.9753751232471639 0.6687014012406074 0.913733045191764 0.9022256045584334 0.8373272322100743 0.9848721437986829 0.8097550637559642 0.8231922316708794 0.9711709250408564 0.7884048808191245 
0.9961609173827476 0.7531434922233586 0.9449110666473749 0.9553348929339794 0.7028846396383468 0.9755160938599654 0.6685523716550703 0.9359650352231274 0.9020222443432899 0.8372226660182818 0.9848024145981902 0.8100328613366304 0.8362342162593528 0.9013551305343432 0.7633793107392427 
0.9971163411064459 0.7255229266089717 0.938523780741015 0.9848316596022364 0.7075014812628844 0.975396771251169 0.6723810407269654 0.9137533445119861 0.9022291936787951 0.8243004795308759 0.9838516854562964 0.8155617040701826 0.8233441309164468 0.9331621412652322 0.7636409884586585 
0.9979222556693903 0.7086695162405887 0.9398958834489812 0.9553439325911228 0.7076908143353411 0.9755069661772564 0.668785820872363 0.9357664882958969 0.9020223436639774 0.8247050108809669 0.983880842190508 0.8094724378424165 0.8360330258950769 0.9730406044959847 0.7916212359997629 
0.9985877507719291 0.7252906444040568 0.938568438200775 0.9839081824336858 0.6847070170125751 0.9754929687404604 0.6687878665853663 0.912483132334577 0.9022359230583028 0.8246931207409638 0.9740030410217222 0.8095363951796906 0.8371046530877504 0.9321826017911979 0.763640712343142 
0.9991085454515445 0.7291761856414574 0.9385572864463743 0.9848312819471176 0.7025010482879098 0.9755025010693761 0.6689310089597192 0.9130046767441035 0.902226881735878 0.8248892040574465 0.9838516723271473 0.8098739393518227 0.8364398197332572 0.9329197211762664 0.7636579651265066 
0.9995137560239107 0.7260216553417213 0.9385231640960615 0.9857139253964017 0.7075039114192627 0.9754014108542491 0.6723829160474925 0.9137496673266348 0.9022292621842887 0.8243004790133739 0.9838516078757684 0.8138669890230876 0.8238832913055019 0.9329914255290188 0.7636407075954117 
0.9997877119231268 0.7252870258483106 0.9385249842211946 0.9839119539919905 0.7078184210309852 0.9755110810076633 0.6689324702768429 0.913579713419188 0.9016926072727038 0.8244633453172775 0.9740386643536184 0.8095371504221398 0.8371046530877504 0.9731354324191331 0.7636407098261376 
0.9999469665858687 0.7260216553417213 0.9385255180493567 0.9857484816481725 0.7074588575269387 0.9763473004149239 0.6723829160474925 0.9137495747578581 0.9022292621842887 0.8243004790133739 0.9838514409052078 0.8138669890230876 0.8233141200515436 0.9331986702718094 0.7636407076059969 
0.9999999978967491 0.7538180480331595 0.9385749938050777 0.98575524921635 0.7074587747519615 0.9820101570234503 0.6689310123349097 0.9136521885334732 0.9020248746334454 0.82428609683766 0.974106284624119 0.8374041023423656 0.8238635096607269 0.9331228344761233 0.7394101706060694 
