0.7000018477907453 1.0527988511251776 
0.7000018477907454 1.0527988511251773 
0.6730845679668669 1.289117321567952 
0.6750582998915399 1.2856012218003974 
0.6750798579996572 1.278717686502468 
0.6761184889292117 1.2648281043815424 
0.6770043307844887 1.257253442118748 
0.6789943201884389 1.2554524393919686 
0.679147074457261 1.2492665373914522 
0.6791772696911836 1.237741335744662 
0.6796850096439034 1.23306600761734 
0.6805766112293582 1.2293497820737556 
0.6809308986840459 1.2240931097752852 
0.6826797514667668 1.2069545435011246 
0.6827469116281494 1.2066256290963362 
0.6845284553119667 1.1936818376931957 
0.6858704844683786 1.1927023373658547 
0.6860541784377651 1.1777649041691074 
0.6869589939067817 1.170352848117757 
0.6875448967933522 1.1691104518141306 
0.6877505521576697 1.1632632396134328 
0.6888106246307094 1.1614887127455715 
0.6888487492178323 1.1570433076881224 
0.6895677490866973 1.1471189734862814 
0.6898811259445052 1.1463487013225913 
0.6900422254283615 1.1425567025170715 
0.6911042756026655 1.132920711741982 
0.6925986579081664 1.1199309804877584 
0.6928743953723214 1.117290175082327 
0.6934638228381017 1.1121531722760967 
0.6940015320492917 1.1082013276874338 
0.6942732720192122 1.1049898333288595 
0.6947593113584244 1.1023815905982104 
0.6955019224277086 1.0933883703770197 
0.6959104524273716 1.0896958082614234 
0.6962660649004047 1.0880784106613186 
0.6967568784726057 1.0858098211130318 
0.6968342197545778 1.0831560339489554 
0.697264301341595 1.0778753618445853 
0.698095680385789 1.0704275122405231 
0.6983115968299668 1.0691607067045377 
0.6988091814541415 1.0638747986167756 
0.6989579358433349 1.0624669559336675 
0.69953343125595 1.0595626658021764 
0.6997132077879377 1.0554839150439435 
0.7000018602600822 1.05279885004492 
0.7000018602778938 1.0527988500433767 
0.7000018602601209 1.0527988500449164 
0.700001860294793 1.0527988500419125 
0.7000018602947877 1.0527988500419134 
0.7000018602774783 1.052798850043413 
0.7000018602599609 1.0527988500449306 
0.7000018602602852 1.0527988500449021 
0.7000018602848739 1.0527988500427723 
0.7000018602600366 1.052798850044924 
0.7000018602598054 1.052798850044944 
0.700001860260606 1.0527988500448746 
0.7000018602606115 1.0527988500448742 
0.7000018602598785 1.0527988500449372 
0.7000018602846393 1.0527988500427927 
0.70000186025982 1.0527988500449426 
0.7000018602572786 1.0527988500451624 
0.7000018602606297 1.0527988500448724 
0.7000018602601304 1.052798850044916 
