0.2000018477905093 0.6554352251410444 0.45251618937509985 0.1867643742992419 0.4037766758993698 0.3539615800398502 0.20156615772829198 0.27270952440084434 0.4317035969042572 0.5161043808730262 0.1915274704902801 0.48618125880016577 0.3398758058708739 0.5164661368621964 0.30628843794209076 0.4408543459235493 0.38286439181907306 0.31567454183301324 0.3517358837658019 0.5273930347669432 0.31400684555037095 0.4249100719652872 0.4109185455895894 0.4370104577332143 0.30941209350454135 0.297168260121669 0.32492767128819483 0.5506786346057607 0.30608817526176724 0.3544606111612998 
0.20000184779050925 0.6554352251410444 0.45251618937509985 0.1867643742992419 0.4037766758993698 0.3539615800398502 0.20156615772829198 0.27270952440084434 0.4317035969042572 0.5161043808730262 0.1915274704902801 0.48618125880016577 0.3398758058708739 0.5164661368621964 0.30628843794209076 0.4408543459235493 0.38286439181907306 0.31567454183301324 0.3517358837658019 0.5273930347669432 0.31400684555037095 0.4249100719652872 0.4109185455895894 0.4370104577332143 0.30941209350454135 0.297168260121669 0.32492767128819483 0.5506786346057607 0.30608817526176724 0.3544606111612998 
0.17308456706494835 0.6498635121940916 0.45505188283764736 0.16667798869908568 0.3349118684718786 0.3451965646417486 0.15542484056396652 0.24689900293514835 0.4351889849675789 0.3933514869804838 0.19152877001508753 0.44120364970826237 0.31668027960407885 0.40186105235509484 0.3078626540104672 0.44231521456522765 0.31839342526692815 0.2969375192754927 0.36683322920270933 0.4856735835865348 0.2952878260456598 0.4243184625134496 0.3822869174680674 0.36481330456222005 0.29869612351728275 0.23241889375630476 0.3173973151931613 0.46906403425885684 0.27749392546066665 0.3213692836311191 
0.17366996452252084 0.649863512188455 0.45505188283764736 0.16561192332312233 0.40217354073805367 0.3451965646417486 0.1988616461653281 0.24689900293514835 0.4351959336886375 0.39353682240709276 0.19152877001508753 0.44120364638050175 0.31668027960407885 0.40186818227835575 0.2768970119716411 0.44231521456522765 0.31854597136660856 0.3149680791150207 0.36683322920270933 0.4856756496331841 0.2952878260456598 0.4243184625134496 0.3822869174680674 0.36481330456222005 0.2986961235014014 0.23242475628250492 0.3173972183114467 0.46906403425885684 0.2774814762536378 0.3216195494641532 
0.17440389868725362 0.5921137098019223 0.4550180982980594 0.16543537485198517 0.3349872767569296 0.34524623024882634 0.200257131532108 0.24689900293514835 0.43603396932768945 0.3933514869804838 0.19122150780731323 0.4413618463828604 0.31668027960407885 0.5138708733262485 0.3078626540104672 0.4423152024330181 0.34772594737710283 0.2125846711526332 0.36683322920270933 0.4856735835865348 0.2952878260456598 0.4243116820581116 0.40941263533638084 0.36481330456222005 0.29876184892495644 0.22838961035015298 0.32491476485252274 0.4719878504250874 0.30188521863599516 0.31925234582436585 
0.1759820012401793 0.590363553699327 0.4550180982980594 0.16518644635179577 0.39959209787793726 0.34524623024882634 0.14312034631144724 0.2800880248831864 0.4314727134025918 0.3933514869804838 0.167535186104043 0.48582976314921683 0.31668027960407885 0.44936665297228223 0.3078626540104672 0.4425713915043988 0.31287875175447666 0.2125846711526332 0.3668377272183992 0.4836692397610226 0.2952878260456598 0.4243116820581116 0.4102096600119089 0.36485353184339964 0.29876184892495644 0.22715671549921135 0.32487152502727135 0.4719878504250874 0.30269233447398897 0.31925234582436585 
0.17687145795770406 0.6498353210182771 0.455052942154537 0.1654468176674137 0.3349872767569296 0.25615626734816194 0.1553443665260358 0.2410083692999091 0.43618221191947626 0.3932266927803198 0.19122150057638396 0.4413681892779835 0.31668027960407885 0.4245171429802892 0.30785829443225976 0.44231521456522765 0.3183914399282495 0.29694024585531537 0.36683322920270933 0.48567358357731055 0.2952878260456586 0.4243116820581116 0.3843440645934381 0.3648130239080348 0.29600125019779044 0.43098341396875145 0.2489185651668005 0.4729060765702885 0.27749392546066665 0.3215268392802266 
0.177268910503986 0.6322295517265425 0.4337726648299955 0.16545148570705362 0.29782954845142373 0.3432268674201186 0.15542483944119528 0.24777126102830455 0.4361820316965778 0.39322459573309787 0.19118269311111538 0.4413681892779835 0.31581592077358245 0.42454024490288517 0.30786209402012427 0.44231376428151964 0.31635188885930154 0.29688555525574545 0.3699497987723532 0.5056497840088269 0.34731364769235884 0.4242918323071183 0.38220461916299414 0.36594036978902367 0.24031031800265967 0.43444595825634846 0.318029215559561 0.4896736701004257 0.2774956087626292 0.32035555838080443 
0.17793200319733138 0.6326465715894113 0.43367261694118675 0.17821408174208628 0.4020599812803021 0.25075397829876567 0.21633152625996027 0.24886071587280623 0.43618234656812027 0.3933506943789084 0.19115228622223124 0.44049298180435575 0.27762709909335953 0.44856334550149 0.30751591711115217 0.4850311925513994 0.3688944584432734 0.20712313830842227 0.36683776962354014 0.5054312314682982 0.24991886978975345 0.4243294732275681 0.38424099027625797 0.3648249738424955 0.29910853603143406 0.3630381193538366 0.293968721935487 0.4690995673838018 0.36341098293948676 0.2864791214738631 
0.1791363234882407 0.6326461988486255 0.44359607334933154 0.1842305425725197 0.4013721353348359 0.3525164210917474 0.15566704752587227 0.2950391142109007 0.4361911029532363 0.39322455428194253 0.19122138020466134 0.5001664409698832 0.3211384248038328 0.4261877653799828 0.30625644562865406 0.4885186879293917 0.38938141362946654 0.3148497325775599 0.36743027504620274 0.48567552636662054 0.3127981385181655 0.33479621621542094 0.36004683515286806 0.36885547222865744 0.2988668798780014 0.22979048068515195 0.32260780227417174 0.490219138595105 0.27749250666677033 0.3262727330842629 
0.17967471042054337 0.6327077832103465 0.4552456402519229 0.19339489364466567 0.4009025243399908 0.3094541741762158 0.15477271028742073 0.2507201057451114 0.43256181178812275 0.3932271083596069 0.16686198024598484 0.4989340472135189 0.2796148632919324 0.42491559609213064 0.30627814206710263 0.4357272042831144 0.38944005434455464 0.32545355617724775 0.3777797152485266 0.43114486574022115 0.30967122487575843 0.33660395099891555 0.4249727338531021 0.3688261919634539 0.27251276171134214 0.17281120050123341 0.32319326023051625 0.5008799119424299 0.29228915329397614 0.15730904409024296 
0.18015245022268603 0.6326365851143928 0.4548171302068128 0.18423223407730277 0.31306058906403333 0.35282980167363354 0.13988726073717175 0.2912977096294233 0.43618253347554115 0.3932245734327586 0.1927612031745391 0.4899962245674422 0.32104933498899846 0.4261787570234922 0.30140540009867733 0.4884775947359641 0.38431042908117713 0.2986374246507437 0.36751573274995636 0.4860363400380469 0.3131697657990823 0.4179965097776921 0.3822044272404758 0.368710512449556 0.2981065960200424 0.228757576275033 0.3227959119069238 0.4899222842465894 0.2779182479068327 0.32576995918599977 
0.18073309544483607 0.6304726001094483 0.452130765221141 0.18311755705858632 0.33140712809264167 0.3533590554996886 0.15771872223049266 0.2950312411277015 0.4361710915292297 0.39335154947358064 0.19206947161060442 0.4878392622503287 0.31681424239262657 0.4232157013569639 0.2688201139497836 0.4868299505250405 0.3688778457608406 0.2991118417998862 0.3689146050394678 0.441773167588643 0.29294582664898333 0.4266187945838833 0.3814645808600762 0.4252564566708086 0.298456794215997 0.3090285425902361 0.24700713364417365 0.4967393142719033 0.2761011501667266 0.4141660647308027 
0.1826793265247969 0.6326440579757481 0.4552684783120142 0.186703561820608 0.40135401905017454 0.2747218714537495 0.14048758744018217 0.28108319106067453 0.4363406370957357 0.3931346542949471 0.16820679629253346 0.412795174247842 0.3223315834922317 0.44662947023314153 0.3062556456139018 0.4867218066630133 0.38938211395100136 0.3158519423318691 0.36744654780491665 0.4810954845570423 0.31301004487764655 0.3374063304349364 0.4220460430143996 0.4142948764673868 0.2981166832693637 0.22587680078658035 0.32297135080929124 0.5006652580515357 0.2775888358287861 0.41266467891350417 
0.1827200099498382 0.6327104030719782 0.4552684783120142 0.186703561820608 0.40135616777228034 0.2747218714537495 0.11299393626250122 0.28108319106067453 0.4363406370957357 0.3931346704937504 0.16820679629253346 0.412795174247842 0.3223315834922317 0.44662947023314153 0.3171201851855594 0.4867236737518349 0.3893821340041841 0.31680392544848046 0.30369111328769455 0.48084246717802265 0.3134124018688184 0.31650676183985926 0.4220331126087612 0.4176833936089522 0.2981166832693637 0.3115227639688697 0.33425074159764556 0.5009304014283303 0.2780681689789528 0.41266467891350417 
0.18422906601125846 0.635952134094398 0.45267865282831166 0.1828064039150668 0.4039017287336906 0.2720912290557711 0.1346690833545297 0.2590048955674207 0.436099054298506 0.39306105153281945 0.19175766541806266 0.4864156969977397 0.2805353870525049 0.42480418005678344 0.28979680359301185 0.4415908395648161 0.3688880553877269 0.2723497782807813 0.2763331688031227 0.4862836196665771 0.2134141732586515 0.41753918792508704 0.4120739177532854 0.42971078944755375 0.2913955960163616 0.3110722954434303 0.3204340520644685 0.4922122448983266 0.3637821752442461 0.4112623177716448 
0.1844663850107204 0.6359521427507127 0.45267865282831166 0.1812535610343237 0.4039017287336906 0.2720912290557711 0.1346690833545297 0.25941423238654854 0.436099054298506 0.39306105153281945 0.19175766541806266 0.48640734254201196 0.2805353870525049 0.42484841868947554 0.2896247872762752 0.4415881313867772 0.3688880553877269 0.2723497782807813 0.2763331218128468 0.4862836196665771 0.2134141732586515 0.41753918792508704 0.4120739177532854 0.42971078944755375 0.29139785171732246 0.3290354668348784 0.3204340520644685 0.4922122448983266 0.3637821752442461 0.4153539093045377 
0.18600852193768988 0.6327077871286932 0.45523653452635715 0.16833240208393999 0.40090252488002553 0.30942602112693574 0.11227429763590578 0.264397885101155 0.4326510860748028 0.39313363574769095 0.23221417770749583 0.4877976762404622 0.3222709100571014 0.4466422668888617 0.31641174341725564 0.4868284143529963 0.38939499661017124 0.3264639935007742 0.3037275160062511 0.4859791745338113 0.30964417597964156 0.2573082284985988 0.42324648156564726 0.4176627428769588 0.29795548898145613 0.3115494582028376 0.35672135769757923 0.49718574955626715 0.2922890734270801 0.4141493573311071 
0.18685422964767834 0.632200060425998 0.4808308518340088 0.2034617111522174 0.3331953091958372 0.34546142595330087 0.13844225623517728 0.18927067357245536 0.4343422078007993 0.39325135760902175 0.19281725843142938 0.48636773442414494 0.28160259736317883 0.4004343261797668 0.27180349088127004 0.44215840456724037 0.36855600016193485 0.27860911202565963 0.2740768869421502 0.43754716364471696 0.26223228482796296 0.5596922857588006 0.42491246128780497 0.29216669748948754 0.27658139230257184 0.30909626766065845 0.24179073409413893 0.4898788204867985 0.3627522039690419 0.4130814237712572 
0.18703992153464588 0.6359416606114657 0.45527066225006474 0.20441995742746352 0.39532649758185373 0.2727925421051341 0.11423192771130658 0.1918419697597768 0.4325661795011962 0.39307457851553584 0.23159809932832703 0.48578602631638695 0.3206382989050629 0.425110558921861 0.2900343979808764 0.4860502320569093 0.3688880553877269 0.3166389532586546 0.2763331688031227 0.5321915149765015 0.35233757059457504 0.3200227947866645 0.4120739177532854 0.4176783670490616 0.298038791073011 0.2266000347413547 0.3195331295143823 0.5002586963812973 0.36369827863115334 0.21200821979058582 
0.18765414474373365 0.6361054111371054 0.4873658733703968 0.20319892410704954 0.43067942896465145 0.3168406979880099 0.20640563427237385 0.273406877809963 0.24873614392088034 0.3942169135937322 0.19438558148060595 0.48814479999210253 0.29412532252423007 0.44210351778593887 0.2770821249370337 0.48929280795209656 0.3924127918298917 0.3570101156306421 0.3846152793474608 0.4811900896055729 0.2566687858025647 0.41857200212719503 0.42208629036756545 0.41731069579221014 0.32683595445422853 0.3604049473845573 0.34912720983810847 0.5390455369910615 0.2922841529217403 0.26317656547664137 
0.1879415148771093 0.6359872912502637 0.45437441987522303 0.2026923873913957 0.4090235266357501 0.3496634811996425 0.11443436721024547 0.26715132339340575 0.24857900821192674 0.3716498382525455 0.19239621210601837 0.48814071647263163 0.32220699481333664 0.45677383651089815 0.3063266703451858 0.48925679536937716 0.40215076178510106 0.3764307010301202 0.25996979226516687 0.5254129195912527 0.28161376833968665 0.3386545995232095 0.42208813544760815 0.4300553781404051 0.20020108481377222 0.31393248043649064 0.34503878760895595 0.48959643217792476 0.20591242445331925 0.27185160075290904 
0.18839571025228077 0.6359854538587187 0.4544003526934246 0.18452764969806915 0.40895895831178425 0.3502480437266886 0.13352973063083978 0.26599621890961844 0.42863377691003246 0.3936717495557527 0.16735628706043806 0.4994238459983329 0.3114827700805275 0.4465840727111933 0.30503633404473435 0.4891975372726614 0.40215061231677146 0.2518845668678402 0.3670054053190113 0.5258839743611964 0.2809618456635167 0.4041078391768373 0.4267079432854847 0.29380984238303853 0.2998618026530833 0.31393248043649064 0.32320554411171265 0.4890659573493414 0.29330806518631747 0.23063602737462405 
0.18947233374766992 0.6358063014379418 0.5061364747517868 0.20150522465001913 0.40881399127268486 0.3500550465702695 0.13913628433985425 0.19149221576819397 0.4343422078007993 0.388769792352033 0.1916552190787498 0.4869710672828425 0.2883447408157562 0.40063230116662596 0.3064402664083343 0.4878544959949247 0.39571375070990894 0.2581056790207042 0.28629055614922255 0.48057003415319577 0.3067151120397406 0.45367323760135186 0.4356744687309786 0.3826757681942389 0.30796254337684814 0.31400234630578394 0.3222076297171204 0.49134873466527085 0.29227145045426906 0.19305930410512534 
0.1895818324750504 0.6359319761459342 0.48888161583619455 0.20292786690980086 0.42768424262769944 0.34996290741791825 0.13669535569350452 0.19149221576819397 0.43436580666147623 0.39298442622418617 0.19190508857752508 0.45126144730503515 0.28784024421600385 0.4027082962315377 0.2895980633282779 0.5026822328190134 0.39116475772459147 0.25926217168818727 0.3401066874254329 0.48032834998974466 0.23574673024470616 0.45309949785619613 0.4399811957686603 0.2808680169294324 0.30796254337684814 0.2857820473891799 0.3104558294249417 0.5311473249639674 0.2885435428458514 0.228489814986059 
0.18998110511520636 0.6358063014379418 0.5013942297988954 0.20332066300206367 0.4013581102256685 0.30966848576782147 0.13669535569350452 0.26311376932902497 0.4343422078007993 0.3887564054045489 0.19190508857752508 0.4869710672828425 0.29976577195572773 0.4027082962315377 0.3064402664083343 0.4940074420150394 0.39535899822817505 0.26077171922410064 0.28917861312334103 0.5280341405808776 0.2577519228706134 0.40247476475748434 0.3820716295771689 0.3825940145854816 0.3075555162049232 0.3118630740775679 0.19208985132748777 0.5310695537649512 0.29258229476369885 0.22866346869394838 
0.19106035324200618 0.6390378753732173 0.4864559215954172 0.18626508928246796 0.40088932292766805 0.3105921853588933 0.18612038919388096 0.2720752584120413 0.43150387519528116 0.39315106345486106 0.1849531023844996 0.486176882459845 0.34101615522025314 0.5003329654576133 0.3000217482207649 0.45012576062101983 0.3849824905070755 0.3243239166443953 0.35268631867893696 0.48598604590565503 0.3140536826427724 0.40359234697415675 0.4115951992176777 0.42961792093582396 0.3084497823347681 0.42871076897739213 0.32497672532032573 0.4994220893186034 0.30581248844931463 0.4116133315056746 
0.19251893066984865 0.6359869689448049 0.48681926005272763 0.20269656328693467 0.4091626749253228 0.3503518406240441 0.13664085543159793 0.26595105190712864 0.2695084541155206 0.3855051629239543 0.1758597109758989 0.48669623186418887 0.31307149144535923 0.442171442336096 0.3050813283297135 0.4889053271398926 0.4021590968466882 0.25696683317258917 0.38576059659537565 0.5249653176707051 0.2577117634336444 0.4016091537311497 0.43599676786881547 0.41830715728872564 0.2911573630744842 0.31043175009811286 0.3585791780578733 0.5343458343386092 0.2922743844119928 0.23162733642403138 
0.19281231517229935 0.6364787405141683 0.5085461404482482 0.20263587879386616 0.40891772103732255 0.34940600295347146 0.09264733925094962 0.27284111227373925 0.4289081281987164 0.3646186813398724 0.17178295547050598 0.45070948535975647 0.3489834686177604 0.44221595484413867 0.27216140885253276 0.4469991483344832 0.38986234235402706 0.31492490051448835 0.35594570628443123 0.5285118405691654 0.2587333412072035 0.40144000020674253 0.4363210778414071 0.292883164139194 0.2779466858416513 0.31023593532528737 0.3226125450791058 0.5513834978097399 0.29497274342749746 0.219716948102903 
0.19338808434227317 0.6361054111371054 0.4868831007038159 0.20319892410704954 0.43067942896465145 0.35272619933781907 0.13179494477488315 0.27358256828748195 0.3072328365420851 0.38813356283600137 0.11913046718797138 0.4862597158862276 0.29412532252423007 0.44210351778593887 0.27772387451828623 0.48929280795209656 0.3924127918298917 0.3577944027758981 0.3862955242082965 0.4811900896055729 0.2566778269587288 0.41010435375358295 0.42146596620863713 0.41797839175544516 0.30803195772233727 0.30623089230147127 0.3554846399296593 0.5363361047430881 0.2922761206444556 0.22837484416049722 
0.19383925934687482 0.6322443984160714 0.48884451075792734 0.22160985538687902 0.4129021243781331 0.3813537862990127 0.13452000726214838 0.26554756369718474 0.2746998575492858 0.3887405479064941 0.176254978878508 0.48771687291119414 0.2955856943420949 0.45663731906070265 0.3061459126080817 0.49688643374937286 0.3923180499097527 0.37718580937097873 0.3663230508892412 0.5277387502199642 0.27546367768764957 0.4036186808471935 0.4247838234077258 0.4168426402852298 0.27538755611076704 0.2824546410334605 0.2279419375950921 0.5324446617689904 0.31848254694460293 0.2284865974888499 
0.19418917733971794 0.6360849242788773 0.48685764746383325 0.22148648737539545 0.4019180685412993 0.3540140718150236 0.13440684447079515 0.2655374653382846 0.47323717311745567 0.38838276402708505 0.2151847233789307 0.4534416890359229 0.3117925970795066 0.4568196601891448 0.3061395968559876 0.27968641046661075 0.349254887230268 0.353349760832479 0.3472427443684544 0.5310283414963062 0.27028280378146513 0.4179709386282261 0.5138856524946828 0.4181578902164555 0.2753601248528386 0.284722428943261 0.2709217460395727 0.5509472926161652 0.22133091798998078 0.2274333636760408 
0.1944999359572308 0.6364127809240008 0.488837458912328 0.16801052059160926 0.40101323393161675 0.35194757554454087 0.11349685783404725 0.27358256828748195 0.44185650793735565 0.3879857013657143 0.1661378505135379 0.4878360412025758 0.3000008893333129 0.4578761578849748 0.3003748635471762 0.48929787600362207 0.3925391627826574 0.25608513627722046 0.3432975110643622 0.4810645064020688 0.28127110187550863 0.401698044813364 0.42762043509541214 0.4183290426360674 0.30841248318072123 0.31017240922116457 0.32228858020783735 0.5355939751621502 0.2925373949028559 0.2351296669445202 
0.19547724321080362 0.6364145263006777 0.5101223937460255 0.18534991206578322 0.40123347703563433 0.3542444756487795 0.09291054431166078 0.27335853396651205 0.4273173640900825 0.38779427702840563 0.11193581626132926 0.4860920729526101 0.2993619298684442 0.44678430677955094 0.2999380471752313 0.4406312238110607 0.38205578612899277 0.2565170604552397 0.35504197690677625 0.4816292533807157 0.3137482862339612 0.4016588832226123 0.4109524251866504 0.4320209211828138 0.31027927719640475 0.3028539111381813 0.32508855960030725 0.5342573284841433 0.29498529892022396 0.2334056521910865 
0.19588874260860337 0.6550197511657648 0.48882239912350306 0.16298535615181878 0.4037766758993698 0.3540238143641324 0.20050105766855839 0.27358369777754066 0.38143863817553464 0.40460299968001867 0.1918215794456187 0.486259784445505 0.339805119676311 0.5158457943315768 0.3067652996115793 0.43760301437329835 0.38286439181907306 0.3172161595952136 0.3513338049935363 0.48606014448790197 0.3073006612840643 0.49273635689576345 0.4209294523272811 0.41803805489759094 0.30941209350454135 0.297097700580414 0.3230204427778559 0.5506786346057607 0.30631119671737295 0.3544606111612998 
0.1960866808698131 0.6550197511657648 0.4864254037092386 0.18680841080110766 0.4037766758993698 0.34408080540610014 0.20050105766855839 0.2727075133828736 0.3818066498390014 0.39479322527061794 0.11991652687910523 0.48618125880016577 0.33153245609841747 0.5164661368621964 0.3067652996115793 0.43909005652495564 0.38286439181907306 0.31567124048303463 0.35133276989999385 0.48571638811184 0.3073819497536076 0.4560107783063774 0.4110741059026881 0.4370104577332143 0.30941209350454135 0.297168260121669 0.3249134094094643 0.5506786346057607 0.30631119671737295 0.3544606111612998 
0.19636348178250557 0.6364243123588871 0.4888192722042732 0.18415053600715622 0.40930260295739196 0.35399097717857364 0.09223952221807266 0.27358256828748195 0.4285780019041722 0.38703841425145474 0.12048710205882636 0.4862388336464346 0.34895223921068375 0.4423160887206297 0.2777824393564256 0.48929787600362207 0.38990316468836284 0.31667589748562547 0.3544761283912493 0.4810645064020688 0.30025251789918395 0.41198937899653354 0.29081644370745235 0.42975115815412035 0.30969693928191655 0.2881460158142417 0.3554973413110818 0.5508674468790887 0.3057450558139672 0.3496082641210598 
0.19663741484045943 0.6357137255729984 0.4815366629428355 0.18675723678327064 0.40231794191144526 0.35401447129824454 0.1980044945746677 0.223197870732953 0.3831400909349003 0.3640707511067087 0.19283404240522967 0.485841764738134 0.254260446384346 0.5214299744872555 0.3078003503234194 0.44416175808058156 0.3920749192682356 0.2925072640504605 0.3657465082417208 0.48566174218572045 0.3140513287217698 0.4567233970898449 0.5148199511950062 0.4179282676153921 0.3095814200697596 0.28474313885661295 0.32488107010115497 0.5508710834145019 0.29322666928180013 0.35658712689513544 
0.1972101212358872 0.6556660752702402 0.5434240653196414 0.18452169805916252 0.40178879221620517 0.35361918682863425 0.13433285768620948 0.2762629930406845 0.43170611857314595 0.36453195568352553 0.19724645382701764 0.4868969173074804 0.31227886979897057 0.44187854541188304 0.30615446636807014 0.44085504703872025 0.3829602771629006 0.35594579442339047 0.3549933840354607 0.5284308895142115 0.27053520955961097 0.41748508811237356 0.4109182570053927 0.4181725556890367 0.3094006640469987 0.2968531036478856 0.32500392741409945 0.5508689919632334 0.3060884567245487 0.34965734016689193 
0.19804026937990443 0.655434769596447 0.5085430801562855 0.18417588873574028 0.40891772103732255 0.3066332713252337 0.09309805020726072 0.27625942833878026 0.4289193937790408 0.36453195568352553 0.17239064508271326 0.486641036943995 0.3489834686177604 0.44231728067592574 0.30630784201761163 0.4407383641769854 0.3898623173083547 0.3149278858667278 0.3551155504684039 0.5272723760296715 0.3138169963203811 0.4119319331187545 0.4108933516949174 0.42864958202154263 0.3095359479504443 0.30287579877659254 0.32302768404502213 0.5508692568251333 0.30580554355876605 0.3497660981452483 
0.19818892992128437 0.6554347851416024 0.5085469871098318 0.18417588882958424 0.40891772103732255 0.3075450795779384 0.09309805945590506 0.2762629930406845 0.42891865475936997 0.36453195568352553 0.1715860732353739 0.4868969173074804 0.3489834686177604 0.4423173030895471 0.30630784201761163 0.4407680141308604 0.38986234235402706 0.31635709119695704 0.3550453447087707 0.5284871523994065 0.3138169963203811 0.4119309163225666 0.4109182570053927 0.4286496863173883 0.30965340498973687 0.30287681691625945 0.32302768404502213 0.5508685956705222 0.30580554355876605 0.34978844138375487 
0.19876878548339835 0.6554349908758167 0.5101183231501647 0.18417588797237364 0.40891772103732255 0.31538193408787935 0.09309779113443538 0.27616323220756794 0.4316257970691554 0.36453195568352553 0.1715860732353739 0.4861993313822697 0.3395611657085784 0.4423173030895471 0.3063076641232536 0.4407680141308604 0.3829488847765995 0.31494077172051455 0.35655013212403497 0.5284642431631212 0.3138169963203811 0.4246563843385347 0.41089259852299814 0.4286462050935115 0.2784409594491445 0.29704859140952444 0.32302768404502213 0.5508692568251333 0.311289444799255 0.3485945869113143 
0.19892485154876774 0.65543476997811 0.5085461404482482 0.184175888711143 0.40891772103732255 0.2998250037165505 0.09309796910297911 0.2762629930406845 0.4289191023656022 0.36453195568352553 0.17178295547050598 0.45070948535975647 0.3489834686177604 0.4423173032223348 0.30630784201761163 0.4469991483344832 0.38986234235402706 0.31492490051448835 0.35653913528974823 0.5284646943808904 0.3105133348559697 0.4119319331187545 0.41089334618067785 0.4286497293175131 0.30965340498973687 0.30287578829953526 0.32302768404502213 0.5508692568251333 0.3059577817202484 0.4323824989472521 
0.19927374609380213 0.6554352251410444 0.45255570467080997 0.1867643742992419 0.4037766758993698 0.3539615800398502 0.20155100795016728 0.27271012958563645 0.4317035969042572 0.5161043808730262 0.1915274704902801 0.4861892211647018 0.33988517943562063 0.5164661368621964 0.3063142706088168 0.4408543459235493 0.37135077271662553 0.31567454183301324 0.3517358837658019 0.5324282460227302 0.31400684555037095 0.40108864583714365 0.4109185455895894 0.43686467211383495 0.2991258618571734 0.29705097278142056 0.32492767128819483 0.5506740272062984 0.30608817526176724 0.35403135814930226 
0.19970074393431114 0.6552945354117331 0.4525161893146707 0.1867643742992419 0.4037766758993698 0.3539615800398502 0.15585928354522244 0.2719010551402857 0.4317035969042572 0.5161043808730262 0.19121914557108352 0.48618125880016577 0.3148519065125058 0.5164661368621964 0.30787203742339414 0.4408543099037821 0.38286439181907306 0.32777608035339584 0.3515755380994825 0.5273930347669432 0.31400684555037095 0.42491847487184947 0.4109185455895894 0.36641328380868027 0.30941209350454135 0.297168260121669 0.3249080152034555 0.5506786346057607 0.3056417289894255 0.3544606111612998 
0.2000018454282872 0.6554352251410444 0.45251618937509985 0.1867643742992419 0.4037766758993698 0.3539615800398502 0.20156615772829198 0.27270952440084434 0.4317035969042572 0.5161043808730262 0.1915274704902801 0.48618125880016577 0.3398758058708739 0.5164661368621964 0.30628843794209076 0.4408543459235493 0.38286439181907306 0.31567454183301324 0.3517358837658019 0.5273930347669432 0.31400684555037095 0.4249100719652872 0.4109185455895894 0.4370104577332143 0.30941209350454135 0.297168260121669 0.32492767128819483 0.5506786346057607 0.30608817526176724 0.3544606111612998 
0.20000184542491287 0.6554352251410444 0.45251618937509985 0.1867643742992419 0.4037766758993698 0.3539615800398502 0.20156615772829198 0.27270952440084434 0.4317035969042572 0.5161043808730262 0.1915274704902801 0.48618125880016577 0.3398758058708739 0.5164661368621964 0.30628843794209076 0.4408543459235493 0.38286439181907306 0.31567454183301324 0.3517358837658019 0.5273930347669432 0.31400684555037095 0.4249100719652872 0.4109185455895894 0.4370104577332143 0.30941209350454135 0.297168260121669 0.32492767128819483 0.5506786346057607 0.30608817526176724 0.3544606111612998 
0.2000018454282798 0.6554352251410444 0.45251618937509985 0.1867643742992419 0.4037766758993698 0.3539615800398502 0.20156615772829198 0.27270952440084434 0.4317035969042572 0.5161043808730262 0.1915274704902801 0.48618125880016577 0.3398758058708739 0.5164661368621964 0.30628843794209076 0.4408543459235493 0.38286439181907306 0.31567454183301324 0.3517358837658019 0.5273930347669432 0.31400684555037095 0.4249100719652872 0.4109185455895894 0.4370104577332143 0.30941209350454135 0.297168260121669 0.32492767128819483 0.5506786346057607 0.30608817526176724 0.3544606111612998 
0.20000184542171143 0.6554352251410444 0.45251618937509985 0.1867643742992419 0.4037766758993698 0.3539615800398502 0.20156615772829198 0.27270952440084434 0.4317035969042572 0.5161043808730262 0.1915274704902801 0.48618125880016577 0.3398758058708739 0.5164661368621964 0.30628843794209076 0.4408543459235493 0.38286439181907306 0.31567454183301324 0.3517358837658019 0.5273930347669432 0.31400684555037095 0.4249100719652872 0.4109185455895894 0.4370104577332143 0.30941209350454135 0.297168260121669 0.32492767128819483 0.5506786346057607 0.30608817526176724 0.3544606111612998 
0.2000018454217125 0.6554352251410444 0.45251618937509985 0.1867643742992419 0.4037766758993698 0.3539615800398502 0.20156615772829198 0.27270952440084434 0.4317035969042572 0.5161043808730262 0.1915274704902801 0.48618125880016577 0.3398758058708739 0.5164661368621964 0.30628843794209076 0.4408543459235493 0.38286439181907306 0.31567454183301324 0.3517358837658019 0.5273930347669432 0.31400684555037095 0.4249100719652872 0.4109185455895894 0.4370104577332143 0.30941209350454135 0.297168260121669 0.32492767128819483 0.5506786346057607 0.30608817526176724 0.3544606111612998 
0.20000184542499164 0.6554352251410444 0.45251618937509985 0.1867643742992419 0.4037766758993698 0.3539615800398502 0.20156615772829198 0.27270952440084434 0.4317035969042572 0.5161043808730262 0.1915274704902801 0.48618125880016577 0.3398758058708739 0.5164661368621964 0.30628843794209076 0.4408543459235493 0.38286439181907306 0.31567454183301324 0.3517358837658019 0.5273930347669432 0.31400684555037095 0.4249100719652872 0.4109185455895894 0.4370104577332143 0.30941209350454135 0.297168260121669 0.32492767128819483 0.5506786346057607 0.30608817526176724 0.3544606111612998 
0.20000184542831018 0.6554352251410444 0.45251618937509985 0.1867643742992419 0.4037766758993698 0.3539615800398502 0.20156615772829198 0.27270952440084434 0.4317035969042572 0.5161043808730262 0.1915274704902801 0.48618125880016577 0.3398758058708739 0.5164661368621964 0.30628843794209076 0.4408543459235493 0.38286439181907306 0.31567454183301324 0.3517358837658019 0.5273930347669432 0.31400684555037095 0.4249100719652872 0.4109185455895894 0.4370104577332143 0.30941209350454135 0.297168260121669 0.32492767128819483 0.5506786346057607 0.30608817526176724 0.3544606111612998 
0.20000184542824873 0.6554352251410444 0.45251618937509985 0.1867643742992419 0.4037766758993698 0.3539615800398502 0.20156615772829198 0.27270952440084434 0.4317035969042572 0.5161043808730262 0.1915274704902801 0.48618125880016577 0.3398758058708739 0.5164661368621964 0.30628843794209076 0.4408543459235493 0.38286439181907306 0.31567454183301324 0.3517358837658019 0.5273930347669432 0.31400684555037095 0.4249100719652872 0.4109185455895894 0.4370104577332143 0.30941209350454135 0.297168260121669 0.32492767128819483 0.5506786346057607 0.30608817526176724 0.3544606111612998 
0.2000018454235906 0.6554352251410444 0.45251618937509985 0.1867643742992419 0.4037766758993698 0.3539615800398502 0.20156615772829198 0.27270952440084434 0.4317035969042572 0.5161043808730262 0.1915274704902801 0.48618125880016577 0.3398758058708739 0.5164661368621964 0.30628843794209076 0.4408543459235493 0.38286439181907306 0.31567454183301324 0.3517358837658019 0.5273930347669432 0.31400684555037095 0.4249100719652872 0.4109185455895894 0.4370104577332143 0.30941209350454135 0.297168260121669 0.32492767128819483 0.5506786346057607 0.30608817526176724 0.3544606111612998 
0.20000184542829585 0.6554352251410444 0.45251618937509985 0.1867643742992419 0.4037766758993698 0.3539615800398502 0.20156615772829198 0.27270952440084434 0.4317035969042572 0.5161043808730262 0.1915274704902801 0.48618125880016577 0.3398758058708739 0.5164661368621964 0.30628843794209076 0.4408543459235493 0.38286439181907306 0.31567454183301324 0.3517358837658019 0.5273930347669432 0.31400684555037095 0.4249100719652872 0.4109185455895894 0.4370104577332143 0.30941209350454135 0.297168260121669 0.32492767128819483 0.5506786346057607 0.30608817526176724 0.3544606111612998 
0.20000184542833963 0.6554352251410444 0.45251618937509985 0.1867643742992419 0.4037766758993698 0.3539615800398502 0.20156615772829198 0.27270952440084434 0.4317035969042572 0.5161043808730262 0.1915274704902801 0.48618125880016577 0.3398758058708739 0.5164661368621964 0.30628843794209076 0.4408543459235493 0.38286439181907306 0.31567454183301324 0.3517358837658019 0.5273930347669432 0.31400684555037095 0.4249100719652872 0.4109185455895894 0.4370104577332143 0.30941209350454135 0.297168260121669 0.32492767128819483 0.5506786346057607 0.30608817526176724 0.3544606111612998 
0.20000184542818797 0.6554352251410444 0.45251618937509985 0.1867643742992419 0.4037766758993698 0.3539615800398502 0.20156615772829198 0.27270952440084434 0.4317035969042572 0.5161043808730262 0.1915274704902801 0.48618125880016577 0.3398758058708739 0.5164661368621964 0.30628843794209076 0.4408543459235493 0.38286439181907306 0.31567454183301324 0.3517358837658019 0.5273930347669432 0.31400684555037095 0.4249100719652872 0.4109185455895894 0.4370104577332143 0.30941209350454135 0.297168260121669 0.32492767128819483 0.5506786346057607 0.30608817526176724 0.3544606111612998 
0.20000184542818691 0.6554352251410444 0.45251618937509985 0.1867643742992419 0.4037766758993698 0.3539615800398502 0.20156615772829198 0.27270952440084434 0.4317035969042572 0.5161043808730262 0.1915274704902801 0.48618125880016577 0.3398758058708739 0.5164661368621964 0.30628843794209076 0.4408543459235493 0.38286439181907306 0.31567454183301324 0.3517358837658019 0.5273930347669432 0.31400684555037095 0.4249100719652872 0.4109185455895894 0.4370104577332143 0.30941209350454135 0.297168260121669 0.32492767128819483 0.5506786346057607 0.30608817526176724 0.3544606111612998 
0.20000184542832572 0.6554352251410444 0.45251618937509985 0.1867643742992419 0.4037766758993698 0.3539615800398502 0.20156615772829198 0.27270952440084434 0.4317035969042572 0.5161043808730262 0.1915274704902801 0.48618125880016577 0.3398758058708739 0.5164661368621964 0.30628843794209076 0.4408543459235493 0.38286439181907306 0.31567454183301324 0.3517358837658019 0.5273930347669432 0.31400684555037095 0.4249100719652872 0.4109185455895894 0.4370104577332143 0.30941209350454135 0.297168260121669 0.32492767128819483 0.5506786346057607 0.30608817526176724 0.3544606111612998 
0.20000184542363506 0.6554352251410444 0.45251618937509985 0.1867643742992419 0.4037766758993698 0.3539615800398502 0.20156615772829198 0.27270952440084434 0.4317035969042572 0.5161043808730262 0.1915274704902801 0.48618125880016577 0.3398758058708739 0.5164661368621964 0.30628843794209076 0.4408543459235493 0.38286439181907306 0.31567454183301324 0.3517358837658019 0.5273930347669432 0.31400684555037095 0.4249100719652872 0.4109185455895894 0.4370104577332143 0.30941209350454135 0.297168260121669 0.32492767128819483 0.5506786346057607 0.30608817526176724 0.3544606111612998 
0.20000184542833685 0.6554352251410444 0.45251618937509985 0.1867643742992419 0.4037766758993698 0.3539615800398502 0.20156615772829198 0.27270952440084434 0.4317035969042572 0.5161043808730262 0.1915274704902801 0.48618125880016577 0.3398758058708739 0.5164661368621964 0.30628843794209076 0.4408543459235493 0.38286439181907306 0.31567454183301324 0.3517358837658019 0.5273930347669432 0.31400684555037095 0.4249100719652872 0.4109185455895894 0.4370104577332143 0.30941209350454135 0.297168260121669 0.32492767128819483 0.5506786346057607 0.30608817526176724 0.3544606111612998 
0.20000184542881827 0.6554352251410444 0.45251618937509985 0.1867643742992419 0.4037766758993698 0.3539615800398502 0.20156615772829198 0.27270952440084434 0.4317035969042572 0.5161043808730262 0.1915274704902801 0.48618125880016577 0.3398758058708739 0.5164661368621964 0.30628843794209076 0.4408543459235493 0.38286439181907306 0.31567454183301324 0.3517358837658019 0.5273930347669432 0.31400684555037095 0.4249100719652872 0.4109185455895894 0.4370104577332143 0.30941209350454135 0.297168260121669 0.32492767128819483 0.5506786346057607 0.30608817526176724 0.3544606111612998 
0.20000184542818344 0.6554352251410444 0.45251618937509985 0.1867643742992419 0.4037766758993698 0.3539615800398502 0.20156615772829198 0.27270952440084434 0.4317035969042572 0.5161043808730262 0.1915274704902801 0.48618125880016577 0.3398758058708739 0.5164661368621964 0.30628843794209076 0.4408543459235493 0.38286439181907306 0.31567454183301324 0.3517358837658019 0.5273930347669432 0.31400684555037095 0.4249100719652872 0.4109185455895894 0.4370104577332143 0.30941209350454135 0.297168260121669 0.32492767128819483 0.5506786346057607 0.30608817526176724 0.3544606111612998 
0.20000184542827804 0.6554352251410444 0.45251618937509985 0.1867643742992419 0.4037766758993698 0.3539615800398502 0.20156615772829198 0.27270952440084434 0.4317035969042572 0.5161043808730262 0.1915274704902801 0.48618125880016577 0.3398758058708739 0.5164661368621964 0.30628843794209076 0.4408543459235493 0.38286439181907306 0.31567454183301324 0.3517358837658019 0.5273930347669432 0.31400684555037095 0.4249100719652872 0.4109185455895894 0.4370104577332143 0.30941209350454135 0.297168260121669 0.32492767128819483 0.5506786346057607 0.30608817526176724 0.3544606111612998 
