2.2720083087752173E-6 0.5000461619718954 
0.006326580760685012 0.49372185222991083 
0.010092268581463528 0.4899561228449136 
0.18991769152777702 0.31013070124610004 
0.1960663779962439 0.30398205887626895 
0.20239272676323852 0.2976557128090703 
0.20871768252348386 0.2913307570907914 
0.21012780317175056 0.2899205899447857 
0.3899303976153111 0.11011800008706799 
0.3921312476334024 0.10791718462502357 
0.3984579524749405 0.10159044433171067 
0.4047774634861795 0.09527093198105417 
0.41014002424399915 0.08990837014307633 
