4.543576490562834E-6 0.5000028503023443 0.49999097743535187 0.4999800827628005 0.5000014722971016 0.5000014475828033 
0.012651935979177426 0.5000028502742094 0.4999909774118755 0.4999800829220491 0.5000014722562526 0.5000014462624153 
0.020182583834887562 0.5000028502737566 0.4999909774083954 0.4999800829276429 0.5000014722557298 0.5000012926402779 
0.3797986240376903 0.5000028495867239 0.49999097721210284 0.4999800829288702 0.5000014722451588 0.5000012980827981 
0.39209477230348977 0.5000028496617204 0.49999097727206177 0.4999800827701623 0.5000014802529467 0.5000014499291326 
0.40474624205675935 0.5000028496881467 0.49999097398476006 0.49998008292912643 0.5000014722735692 0.5000014491531646 
0.4173949281483278 0.5000028501961876 0.49999097702822864 0.4999800825428208 0.5000014737432159 0.5000014604066437 
0.4202149353228304 0.5000028496141704 0.49999097665166553 0.49998008293348334 0.500001480180739 0.5000012864575211 
0.7797853155953747 0.5000028496138023 0.49999097665164277 0.4999800827727425 0.5000014801810154 0.5000013019262521 
0.7841865354169298 0.5000028505097119 0.49999097651029484 0.4999800825226342 0.500001459616545 0.500001444920505 
0.7968387760455281 0.500002850501196 0.4999909772349104 0.4999800825227655 0.5000014800602746 0.5000012968454801 
0.8094765769780439 0.5000028503843305 0.49999097651068913 0.4999800825225561 0.5000014600990376 0.5000013093973523 
0.8202006622713393 0.5000028496206981 0.49999097723691316 0.4999800825422852 0.5000014737484503 0.5000012968353593 
