6.333362423066592E-5 120.91665616055133 
1.5506228054787838 120.90671323780221 
3.1386541706126447 120.87591400709367 
4.770604739418175 120.82251059911496 
6.445062950730937 120.74476759103942 
8.15404129760977 120.64140809676371 
9.904986927685428 120.51028574779578 
11.705075525275367 120.34878040096878 
13.535527295951612 120.1566778746548 
15.424963888407625 119.92876313084501 
17.33964392004074 119.66693146303703 
19.30785867789723 119.36517218320995 
21.325864880847117 119.02119653295736 
23.367801520686115 118.63719311052006 
25.61744124982505 118.1718428428057 
27.592319990037307 117.7263845304883 
29.76525879918241 117.19584935342507 
31.972382982857887 116.61305442981273 
34.225752337889716 115.97170178090191 
36.87969370244773 115.15522536761694 
38.797937481772266 114.52317575151983 
41.16629558830338 113.69333245441196 
43.73729747719214 112.7292621569245 
45.90610687575097 111.86360931315035 
48.35533213149828 110.82689020046308 
50.80669467980371 109.7247351911419 
53.2598200084867 108.5551901555914 
55.7184072324261 107.31401042051563 
58.19500273799396 105.99141188501022 
60.6635943674915 104.59811688299872 
63.13306578846375 103.12639691758127 
65.60689150636817 101.57053472304182 
68.04661224068056 99.95247020268921 
70.53197388671038 98.21445105837235 
72.88999151499316 96.47739048086467 
75.5012566688901 94.44785851712778 
77.6231394396134 92.71184369103737 
79.93479564065231 90.72632574363497 
82.19364259835321 88.68507683633807 
84.40965752964696 86.57856231643446 
86.57443288008103 84.41389286453594 
88.67422073574257 82.20535453339893 
90.72988428809676 79.93075649661763 
92.70820206294148 77.62748873504684 
94.6475678228404 75.25075177215065 
96.47393066256294 72.89457071392908 
98.25702001226898 70.47265963025363 
99.94616450481003 68.05587364680923 
101.57439752108948 65.60091085709634 
103.14450132866244 63.10348312664335 
104.4867138228721 60.855273983034856 
105.9976325361477 58.183671539228335 
107.31441242109723 55.717632969892584 
108.5526639876557 53.264968583827454 
109.69203066761146 50.87726550305936 
110.83676335531135 48.332697275982035 
111.85469513100833 45.92782287679431 
112.79694892156843 43.56243853410977 
113.69320420604838 41.166649783711954 
114.55307290248254 38.70957537420848 
115.27232614986255 36.51203309941426 
115.97488755493117 34.214955701769924 
116.75631500345996 31.445200649158515 
117.1933095778764 29.77525696340888 
117.72620577708227 27.593082654627224 
118.20544463812945 25.461944052941536 
118.62116655777706 23.449020907601298 
119.02328166237574 21.314224343657944 
119.36866846141393 19.286231534492448 
119.66561643406327 17.348716970100615 
119.93342295941466 15.388690467065707 
120.15550259662268 13.54595632674224 
120.35029873251563 11.689453881480482 
120.5098202206121 9.910649194112365 
120.65349008015265 7.973272134545091 
120.73900120268618 6.552200060342491 
120.82248265842713 4.771312325459742 
120.87575207671793 3.144884249194129 
120.90667127401574 1.5538914022887331 
120.9166561593882 5.341311526664988E-4 
