0.9999996665518324 0.3987994273395476 0.30564933444253006 0.7985144684925342 2.532675849143205E-4 0.09779279810044057 0.5994421757982366 0.9064380944759259 0.6051110033661409 0.49880580361715854 2.4610971070209174E-4 
0.9918358295083721 0.3987994273395476 0.30564933444253006 0.7985144684925342 2.532675849142758E-4 0.09779279810044057 0.5994421757982366 0.9064380944759259 0.6051110033661409 0.49880580361715854 2.4610971070209174E-4 
0.9834732962634657 0.3987994273395476 0.30564933444253006 0.7985144684925342 2.532675849142758E-4 0.09779279810044057 0.5994421757982366 0.9064380944759259 0.6051110033661409 0.49880580361715854 2.4610971070209174E-4 
0.9748764987165489 0.3987994273395476 0.30564933444253006 0.7985144684925342 2.532675849142758E-4 0.09779279810044057 0.5994421757982366 0.9064380944759259 0.6051110033661409 0.49880580361715854 2.4610971070209174E-4 
0.9660509976721164 0.3987994273395476 0.30564933444253006 0.7985144684925342 2.532675849142758E-4 0.09779279810044057 0.5994421757982366 0.9064380944759259 0.6051110033661409 0.49880580361715854 2.4610971070209174E-4 
0.9570368010163578 0.3987994273395476 0.30564933444253006 0.7985144684925342 2.532675849142758E-4 0.09779279810044057 0.5994421757982366 0.9064380944759259 0.6051110033661409 0.49880580361715854 2.4610971070209174E-4 
0.9477922711271441 0.3987994273395476 0.30564933444253006 0.7985144684925342 2.532675849142758E-4 0.09779279810044057 0.5994421757982366 0.9064380944759259 0.6051110033661409 0.49880580361715854 2.4610971070209174E-4 
0.9382767425966788 0.3987994273395476 0.30564933444253006 0.7985144684925342 2.532675849142758E-4 0.09779279810044057 0.5994421757982366 0.9064380944759259 0.6051110033661409 0.49880580361715854 2.4610971070209174E-4 
0.9285864902535949 0.3987994273395476 0.30564933444253006 0.7985144684925342 2.532675849142758E-4 0.09779279810044057 0.5994421757982366 0.9064380944759259 0.6051110033661409 0.49880580361715854 2.4610971070209174E-4 
0.9185664919016444 0.3987994273395476 0.30564933444253006 0.7985144684925342 2.532675849142758E-4 0.09779279810044057 0.5994421757982366 0.9064380944759259 0.6051110033661409 0.49880580361715854 2.4610971070209174E-4 
0.9083918748508951 0.3987994273395476 0.30564933444253006 0.7985144684925342 2.532675849142758E-4 0.09779279810044057 0.5994421757982366 0.9064380944759259 0.6051110033661409 0.49880580361715854 2.4610971070209174E-4 
0.897908127311776 0.3987994273395476 0.30564933444253006 0.7985144684925342 2.532675849142758E-4 0.09779279810044057 0.5994421757982366 0.9064380944759259 0.6051110033661409 0.49880580361715854 2.4610971070209174E-4 
0.8871300616853386 0.3987994273395476 0.30564933444253006 0.7985144684925342 2.532675849142758E-4 0.09779279810044057 0.5994421757982366 0.9064380944759259 0.6051110033661409 0.49880580361715854 2.4610971070209174E-4 
0.8761907865789166 0.3987994273395476 0.30564933444253006 0.7985144684925342 2.532675849142758E-4 0.09779279810044057 0.5994421757982366 0.9064380944759259 0.6051110033661409 0.49880580361715854 2.4610971070209174E-4 
0.8640956226734853 0.3987994273395476 0.30564933444253006 0.7985144684925342 2.532675849142758E-4 0.09779279810044057 0.5994421757982366 0.9064380944759259 0.6051110033661409 0.49880580361715854 2.4610971070209174E-4 
0.8534366406415782 0.3987994273395476 0.30564933444253006 0.7985144684925342 2.532675849142758E-4 0.09779279810044057 0.5994421757982366 0.9064380944759259 0.6051110033661409 0.49880580361715854 2.4610971070209174E-4 
0.841660008531052 0.3987994273395476 0.30564933444253006 0.7985144684925342 2.532675849142758E-4 0.09779279810044057 0.5994421757982366 0.9064380944759259 0.6051110033661409 0.49880580361715854 2.4610971070209174E-4 
0.8296411577662348 0.3987994273395476 0.30564933444253006 0.7985144684925342 2.532675849143205E-4 0.09779279810044057 0.5994421757982366 0.9064380944759259 0.6051110033661409 0.49880580361715854 2.4610971070209174E-4 
0.8173059159597188 0.3987994273395476 0.30564933444253006 0.7985144684925342 2.532675849142758E-4 0.09779279810044057 0.5994421757982366 0.9064380944759259 0.6051110033661409 0.49880580361715854 2.4610971070209174E-4 
0.8026864398297358 0.3987994273395476 0.30564933444253006 0.7985144684925342 2.532675849143205E-4 0.09779279810044057 0.5994421757982366 0.9064380944759259 0.6051110033661409 0.49880580361715854 2.4610971070209174E-4 
0.7920527579584185 0.3987994273395476 0.30564933444253006 0.7985144684925342 2.532675849142758E-4 0.09779279810044057 0.5994421757982366 0.9064380944759259 0.6051110033661409 0.49880580361715854 2.4610971070209174E-4 
0.7788399585172389 0.3987994273395476 0.30564933444253006 0.7985144684925342 2.532675849142758E-4 0.09779279810044057 0.5994421757982366 0.9064380944759259 0.6051110033661409 0.49880580361715854 2.4610971070209174E-4 
0.7643830947789039 0.3987994273395476 0.30564933444253006 0.7985144684925342 2.532675849142758E-4 0.09779279810044057 0.5994421757982366 0.9064380944759259 0.6051110033661409 0.49880580361715854 2.4610971070209174E-4 
0.7520882786361517 0.3987994273395476 0.30564933444253006 0.7985144684925342 2.532675849142758E-4 0.09779279810044057 0.5994421757982366 0.9064380944759259 0.6051110033661409 0.49880580361715854 2.4610971070209174E-4 
0.7380853250928531 0.3987994273395476 0.30564933444253006 0.7985144684925342 2.532675849142758E-4 0.09779279810044057 0.5994421757982366 0.9064380944759259 0.6051110033661409 0.49880580361715854 2.4610971070209174E-4 
0.7239342472534891 0.3987994273395476 0.30564933444253006 0.7985144684925342 2.532675849143205E-4 0.09779279810044057 0.5994421757982366 0.9064380944759259 0.6051110033661409 0.49880580361715854 2.4610971070209174E-4 
0.709625626415957 0.3987994273395476 0.30564933444253006 0.7985144684925342 2.532675849142758E-4 0.09779279810044057 0.5994421757982366 0.9064380944759259 0.6051110033661409 0.49880580361715854 2.4610971070209174E-4 
0.6951250161946796 0.3987994273395476 0.30564933444253006 0.7985144684925342 2.532675849142758E-4 0.09779279810044057 0.5994421757982366 0.9064380944759259 0.6051110033661409 0.49880580361715854 2.4610971070209174E-4 
0.6803426556819708 0.3987994273395476 0.30564933444253006 0.7985144684925342 2.532675849143205E-4 0.09779279810044057 0.5994421757982366 0.9064380944759259 0.6051110033661409 0.49880580361715854 2.4610971070209174E-4 
0.6654180554623192 0.3987994273395476 0.30564933444253006 0.7985144684925342 2.532675849143205E-4 0.09779279810044057 0.5994421757982366 0.9064380944759259 0.6051110033661409 0.49880580361715854 2.4610971070209174E-4 
0.65028223687823 0.3987994273395476 0.30564933444253006 0.7985144684925342 2.532675849143205E-4 0.09779279810044057 0.5994421757982366 0.9064380944759259 0.6051110033661409 0.49880580361715854 2.4610971070209174E-4 
0.6348954923254805 0.3987994273395476 0.30564933444253006 0.7985144684925342 2.532675849143205E-4 0.09779279810044057 0.5994421757982366 0.9064380944759259 0.6051110033661409 0.49880580361715854 2.4610971070209174E-4 
0.6194818815042021 0.3987994273395476 0.30564933444253006 0.7985144684925342 2.532675849143205E-4 0.09779279810044057 0.5994421757982366 0.9064380944759259 0.6051110033661409 0.49880580361715854 2.4610971070209174E-4 
0.6035140559583343 0.3987994273395476 0.30564933444253006 0.7985144684925342 2.532675849143205E-4 0.09779279810044057 0.5994421757982366 0.9064380944759259 0.6051110033661409 0.49880580361715854 2.4610971070209174E-4 
0.588093920847167 0.3987994273395476 0.30564933444253006 0.7985144684925342 2.532675849143205E-4 0.09779279810044057 0.5994421757982366 0.9064380944759259 0.6051110033661409 0.49880580361715854 2.4610971070209174E-4 
0.570681039162193 0.3987994273395476 0.30564933444253006 0.7985144684925342 2.532675849143205E-4 0.09779279810044057 0.5994421757982366 0.9064380944759259 0.6051110033661409 0.49880580361715854 2.4610971070209174E-4 
0.5562465787624641 0.3987994273395476 0.30564933444253006 0.7985144684925342 2.532675849143205E-4 0.09779279810044057 0.5994421757982366 0.9064380944759259 0.6051110033661409 0.49880580361715854 2.4610971070209174E-4 
0.5402022826996454 0.3987994273395476 0.30564933444253006 0.7985144684925342 2.532675849143205E-4 0.09779279810044057 0.5994421757982366 0.9064380944759259 0.6051110033661409 0.49880580361715854 2.4610971070209174E-4 
0.5241726364331559 0.3987994273395476 0.30564933444253006 0.7985144684925342 2.532675849142758E-4 0.09779279810044057 0.5994421757982366 0.9064380944759259 0.6051110033661409 0.49880580361715854 2.4610971070209174E-4 
0.5080747879949887 0.3987994273395476 0.30564933444253006 0.7985144684925342 2.532675849143205E-4 0.09779279810044057 0.5994421757982366 0.9064380944759259 0.6051110033661409 0.49880580361715854 2.4610971070209174E-4 
0.49195635553711514 0.3987994273395476 0.30564933444253006 0.7985144684925342 2.532675849143205E-4 0.09779279810044057 0.5994421757982366 0.9064380944759259 0.6051110033661409 0.49880580361715854 2.4610971070209174E-4 
0.4759114420393463 0.3987994273395476 0.30564933444253006 0.7985144684925342 2.532675849143205E-4 0.09779279810044057 0.5994421757982366 0.9064380944759259 0.6051110033661409 0.49880580361715854 2.4610971070209174E-4 
0.4597693754876932 0.3987994273395476 0.30564933444253006 0.7985144684925342 2.532675849143205E-4 0.09779279810044057 0.5994421757982366 0.9064380944759259 0.6051110033661409 0.49880580361715854 2.4610971070209174E-4 
0.44378328691313795 0.3987994273395476 0.30564933444253006 0.7985144684925342 2.532675849143205E-4 0.09779279810044057 0.5994421757982366 0.9064380944759259 0.6051110033661409 0.49880580361715854 2.4610971070209174E-4 
0.42763223281763396 0.3987994273395476 0.30564933444253006 0.7985144684925342 2.532675849143205E-4 0.09779279810044057 0.5994421757982366 0.9064380944759259 0.6051110033661409 0.49880580361715854 2.4610971070209174E-4 
0.411936296189611 0.3987994273395476 0.30564933444253006 0.7985144684925342 2.532675849142758E-4 0.09779279810044057 0.5994421757982366 0.9064380944759259 0.6051110033661409 0.49880580361715854 2.4610971070209174E-4 
0.39610155614971704 0.3987994273395476 0.30564933444253006 0.7985144684925342 2.532675849142758E-4 0.09779279810044057 0.5994421757982366 0.9064380944759259 0.6051110033661409 0.49880580361715854 2.4610971070209174E-4 
0.3805771083359822 0.3987994273395476 0.30564933444253006 0.7985144684925342 2.532675849142758E-4 0.09779279810044057 0.5994421757982366 0.9064380944759259 0.6051110033661409 0.49880580361715854 2.4610971070209174E-4 
0.3650670231108153 0.3987994273395476 0.30564933444253006 0.7985144684925342 2.532675849142758E-4 0.09779279810044057 0.5994421757982366 0.9064380944759259 0.6051110033661409 0.49880580361715854 2.4610971070209174E-4 
0.3495351594926092 0.3987994273395476 0.30564933444253006 0.7985144684925342 2.532675849142758E-4 0.09779279810044057 0.5994421757982366 0.9064380944759259 0.6051110033661409 0.49880580361715854 2.4610971070209174E-4 
0.335749193243551 0.3987994273395476 0.30564933444253006 0.7985144684925342 2.532675849142758E-4 0.09779279810044057 0.5994421757982366 0.9064380944759259 0.6051110033661409 0.49880580361715854 2.4610971070209174E-4 
0.3195892873560136 0.3987994273395476 0.30564933444253006 0.7985144684925342 2.532675849142758E-4 0.09779279810044057 0.5994421757982366 0.9064380944759259 0.6051110033661409 0.49880580361715854 2.4610971070209174E-4 
0.30487039065003085 0.3987994273395476 0.30564933444253006 0.7985144684925342 2.532675849142758E-4 0.09779279810044057 0.5994421757982366 0.9064380944759259 0.6051110033661409 0.49880580361715854 2.4610971070209174E-4 
0.2904045676539331 0.3987994273395476 0.30564933444253006 0.7985144684925342 2.532675849142758E-4 0.09779279810044057 0.5994421757982366 0.9064380944759259 0.6051110033661409 0.49880580361715854 2.4610971070209174E-4 
0.27647526365796576 0.3987994273395476 0.30564933444253006 0.7985144684925342 2.532675849142758E-4 0.09779279810044057 0.5994421757982366 0.9064380944759259 0.6051110033661409 0.49880580361715854 2.4610971070209174E-4 
0.26178465993820565 0.3987994273395476 0.30564933444253006 0.7985144684925342 2.532675849142758E-4 0.09779279810044057 0.5994421757982366 0.9064380944759259 0.6051110033661409 0.49880580361715854 2.4610971070209174E-4 
0.24803531282080907 0.3987994273395476 0.30564933444253006 0.7985144684925342 2.532675849142758E-4 0.09779279810044057 0.5994421757982366 0.9064380944759259 0.6051110033661409 0.49880580361715854 2.4610971070209174E-4 
0.23462971497209706 0.3987994273395476 0.30564933444253006 0.7985144684925342 2.532675849142758E-4 0.09779279810044057 0.5994421757982366 0.9064380944759259 0.6051110033661409 0.49880580361715854 2.4610971070209174E-4 
0.22116202478224492 0.3987994273395476 0.30564933444253006 0.7985144684925342 2.532675849142758E-4 0.09779279810044057 0.5994421757982366 0.9064380944759259 0.6051110033661409 0.49880580361715854 2.4610971070209174E-4 
0.20745611245181617 0.3987994273395476 0.30564933444253006 0.7985144684925342 2.532675849142758E-4 0.09779279810044057 0.5994421757982366 0.9064380944759259 0.6051110033661409 0.49880580361715854 2.4610971070209174E-4 
0.19528203391182183 0.3987994273395476 0.30564933444253006 0.7985144684925342 2.532675849142758E-4 0.09779279810044057 0.5994421757982366 0.9064380944759259 0.6051110033661409 0.49880580361715854 2.4610971070209174E-4 
0.1826348173613132 0.3987994273395476 0.30564933444253006 0.7985144684925342 2.532675849142758E-4 0.09779279810044057 0.5994421757982366 0.9064380944759259 0.6051110033661409 0.49880580361715854 2.4610971070209174E-4 
0.16748259393090525 0.3987994273395476 0.30564933444253006 0.7985144684925342 2.532675849142758E-4 0.09779279810044057 0.5994421757982366 0.9064380944759259 0.6051110033661409 0.49880580361715854 2.4610971070209174E-4 
0.15839430310229413 0.3987994273395476 0.30564933444253006 0.7985144684925342 2.532675849142758E-4 0.09779279810044057 0.5994421757982366 0.9064380944759259 0.6051110033661409 0.49880580361715854 2.4610971070209174E-4 
0.14656748356327332 0.3987994273395476 0.30564933444253006 0.7985144684925342 2.532675849142758E-4 0.09779279810044057 0.5994421757982366 0.9064380944759259 0.6051110033661409 0.49880580361715854 2.4610971070209174E-4 
0.13506679621320913 0.3987994273395476 0.30564933444253006 0.7985144684925342 2.532675849142758E-4 0.09779279810044057 0.5994421757982366 0.9064380944759259 0.6051110033661409 0.49880580361715854 2.4610971070209174E-4 
0.1242450746962127 0.3987994273395476 0.30564933444253006 0.7985144684925342 2.532675849142758E-4 0.09779279810044057 0.5994421757982366 0.9064380944759259 0.6051110033661409 0.49880580361715854 2.4610971070209174E-4 
0.11280767603337787 0.3987994273395476 0.30564933444253006 0.7985144684925342 2.532675849142758E-4 0.09779279810044057 0.5994421757982366 0.9064380944759259 0.6051110033661409 0.49880580361715854 2.4610971070209174E-4 
0.10197652861269224 0.3987994273395476 0.30564933444253006 0.7985144684925342 2.532675849142758E-4 0.09779279810044057 0.5994421757982366 0.9064380944759259 0.6051110033661409 0.49880580361715854 2.4610971070209174E-4 
0.09165639341108422 0.3987994273395476 0.30564933444253006 0.7985144684925342 2.532675849142758E-4 0.09779279810044057 0.5994421757982366 0.9064380944759259 0.6051110033661409 0.49880580361715854 2.4610971070209174E-4 
0.08124096105758985 0.3987994273395476 0.30564933444253006 0.7985144684925342 2.532675849142758E-4 0.09779279810044057 0.5994421757982366 0.9064380944759259 0.6051110033661409 0.49880580361715854 2.4610971070209174E-4 
0.0714687655989446 0.3987994273395476 0.30564933444253006 0.7985144684925342 2.532675849142758E-4 0.09779279810044057 0.5994421757982366 0.9064380944759259 0.6051110033661409 0.49880580361715854 2.4610971070209174E-4 
0.061640622709922814 0.3987994273395476 0.30564933444253006 0.7985144684925342 2.532675849142758E-4 0.09779279810044057 0.5994421757982366 0.9064380944759259 0.6051110033661409 0.49880580361715854 2.4610971070209174E-4 
0.05223764098951233 0.3987994273395476 0.30564933444253006 0.7985144684925342 2.532675849142758E-4 0.09779279810044057 0.5994421757982366 0.9064380944759259 0.6051110033661409 0.49880580361715854 2.4610971070209174E-4 
0.042009335451663604 0.3987994273395476 0.30564933444253006 0.7985144684925342 2.532675849142758E-4 0.09779279810044057 0.5994421757982366 0.9064380944759259 0.6051110033661409 0.49880580361715854 2.4610971070209174E-4 
0.034513889965662556 0.3987994273395476 0.30564933444253006 0.7985144684925342 2.532675849142758E-4 0.09779279810044057 0.5994421757982366 0.9064380944759259 0.6051110033661409 0.49880580361715854 2.4610971070209174E-4 
0.02512722958966302 0.3987994273395476 0.30564933444253006 0.7985144684925342 2.532675849142758E-4 0.09779279810044057 0.5994421757982366 0.9064380944759259 0.6051110033661409 0.49880580361715854 2.4610971070209174E-4 
0.01655951584717449 0.3987994273395476 0.30564933444253006 0.7985144684925342 2.532675849142758E-4 0.09779279810044057 0.5994421757982366 0.9064380944759259 0.6051110033661409 0.49880580361715854 2.4610971070209174E-4 
0.0081813808984149 0.3987994273395476 0.30564933444253006 0.7985144684925342 2.532675849142758E-4 0.09779279810044057 0.5994421757982366 0.9064380944759259 0.6051110033661409 0.49880580361715854 2.4610971070209174E-4 
2.81217214917473E-6 0.3987994273395476 0.30564933444253006 0.7985144684925342 2.532675849142758E-4 0.09779279810044057 0.5994421757982366 0.9064380944759259 0.6051110033661409 0.49880580361715854 2.4610971070209174E-4 
