1.0955836828305803 120.91070563419848 
3.1134260205719726 120.87557908436388 
8.05474544956031 120.64708913317664 
7.673605512960283 120.67193053480725 
9.639206172265547 120.53084561610956 
11.784742785873322 120.34001361989573 
13.586095102668143 120.14997736340668 
16.784876431452393 119.74500809531375 
16.908991885313544 119.72754500944335 
17.361089173723254 119.66282473378234 
22.860820196494146 118.73492300292044 
22.935627827807604 118.72049535236188 
24.769785257236574 118.3514122386221 
24.738843036919683 118.35788391890306 
31.858587331357597 116.64317148387273 
34.44868061835447 115.9046480699566 
36.26139123359684 115.35038164813287 
38.82094555055169 114.51433633884878 
38.7439309351415 114.54041582017618 
43.78909357746783 112.70809342824342 
46.03575348494979 111.80925025076779 
46.067146450024374 111.79631952134153 
51.23244840843633 109.52550054961078 
55.70248449208841 107.32116409159254 
58.519548363612984 105.81144314243447 
62.08807821750359 103.75774469321814 
68.35701449676783 99.73924809048118 
62.453131710813224 103.53842465518633 
68.07561612756693 99.93152420241589 
71.45789094121902 97.5416263079447 
72.72709331853196 96.59901106120822 
77.20807081669874 93.05650348755596 
77.52376663600259 92.7936670637199 
79.79024466150283 90.85216506734115 
81.61990693302624 89.21204981845231 
86.6963821059483 84.28722542773187 
86.52160084504423 84.46663026175912 
89.35278869287153 81.46580996573304 
90.9818808139246 79.64230285549696 
92.4020387087771 77.99014221699778 
93.91758479901915 76.1582976837385 
98.23587331156874 70.50044138357785 
100.35830198641358 67.44486832198352 
102.18944847143477 64.63679804623568 
103.18175862222076 63.04065139409375 
104.83705839813356 60.247740430593865 
105.52866996324683 59.027949789519276 
106.94367347708909 56.423840207767064 
109.75571884833134 50.73737498779303 
111.73539127071336 46.214731181155564 
112.5435848462283 44.210186049435386 
113.21018629217951 42.47414225450457 
114.52382330541667 38.79294956658469 
114.58947675048627 38.598586225607384 
116.01268779135452 34.08306488553494 
117.08299250805987 30.20218379394901 
117.19346722583987 29.770627809165862 
118.05949419959892 26.12575108778216 
118.95237150985675 21.700975847802383 
119.0217040571012 21.31743427126491 
119.23991054566305 20.06097638770742 
119.88019171834893 15.790461492236018 
120.37824284758865 11.38761122856116 
120.34942684400073 11.688220518385124 
120.69116408935061 7.364913531286523 
120.7489293367265 6.347842515383731 
120.84372445239161 4.170527669292074 
120.86622425890026 3.4575820978120317 
120.86965972551482 3.335325831780069 
120.91398791455853 0.6376261944717796 
