0.9942316840861257 0.8017166374560319 8.132353252638832E-6 8.410937885451711E-4 0.09859253974389634 0.09776400569237093 0.7025736544359443 0.29920076281928887 0.5010211205666926 0.897884854566943 0.4996583194176649 
0.9836060316918016 0.8017166374560319 8.132353252638832E-6 8.410937885451711E-4 0.09859253974389634 0.09776400569237093 0.7025736544359443 0.29920076281928887 0.5010211205666926 0.897884854566943 0.4996583194176649 
0.9575604196824675 0.8017166374560319 8.132353252638832E-6 8.410937885451711E-4 0.09859253974389634 0.09776400569237093 0.7025736544359443 0.29920076281928887 0.5010211205666926 0.897884854566943 0.4996583194176649 
0.9595713761189341 0.8017166374560319 8.132353252638832E-6 8.410937885451711E-4 0.09859253974389634 0.09776400569237093 0.7025736544359443 0.29920076281928887 0.5010211205666926 0.897884854566943 0.4996583194176649 
0.949195769624338 0.8017166374560319 8.132353252638832E-6 8.410937885451711E-4 0.09859253974389634 0.09776400569237093 0.7025736544359443 0.29920076281928887 0.5010211205666926 0.897884854566943 0.4996583194176649 
0.9378547970183392 0.8017166374560319 8.132353252638832E-6 8.410937885451711E-4 0.09859253974389634 0.09776400569237093 0.7025736544359443 0.29920076281928887 0.5010211205666926 0.897884854566943 0.4996583194176649 
0.9283179755382703 0.8017166374560319 8.132353252638832E-6 8.410937885451711E-4 0.09859253974389634 0.09776400569237093 0.7025736544359443 0.29920076281928887 0.5010211205666926 0.897884854566943 0.4996583194176649 
0.9113414909263043 0.8017166374560319 8.132353252638832E-6 8.410937885451711E-4 0.09859253974389634 0.09776400569237093 0.7025736544359443 0.29920076281928887 0.5010211205666926 0.897884854566943 0.4996583194176649 
0.9106815877859654 0.8017166374560319 8.132353252638832E-6 8.410937885451711E-4 0.09859253974389634 0.09776400569237093 0.7025736544359443 0.29920076281928887 0.5010211205666926 0.897884854566943 0.4996583194176649 
0.9082770321559674 0.8017166374560319 8.132353252638832E-6 8.410937885451711E-4 0.09859253974389634 0.09776400569237093 0.7025736544359443 0.29920076281928887 0.5010211205666926 0.897884854566943 0.4996583194176649 
0.8789091659036767 0.8017166374560319 8.132353252638832E-6 8.410937885451711E-4 0.09859253974389634 0.09776400569237093 0.7025736544359443 0.29920076281928887 0.5010211205666926 0.897884854566943 0.4996583194176649 
0.8785080462663785 0.8017166374560319 8.132353252638832E-6 8.410937885451711E-4 0.09859253974389634 0.09776400569237093 0.7025736544359443 0.29920076281928887 0.5010211205666926 0.897884854566943 0.4996583194176649 
0.8686575532201576 0.8017166374560319 8.132353252638832E-6 8.410937885451711E-4 0.09859253974389634 0.09776400569237093 0.7025736544359443 0.29920076281928887 0.5010211205666926 0.897884854566943 0.4996583194176649 
0.8688239888393939 0.8017166374560319 8.132353252638832E-6 8.410937885451711E-4 0.09859253974389634 0.09776400569237093 0.7025736544359443 0.29920076281928887 0.5010211205666926 0.897884854566943 0.4996583194176649 
0.8302608942864613 0.8017166374560319 8.132353252638832E-6 8.410937885451711E-4 0.09859253974389634 0.09776400569237093 0.7025736544359443 0.29920076281928887 0.5010211205666926 0.897884854566943 0.4996583194176649 
0.8160802717949658 0.8017166374560319 8.132353252638832E-6 8.410937885451711E-4 0.09859253974389634 0.09776400569237093 0.7025736544359443 0.29920076281928887 0.5010211205666926 0.897884854566943 0.4996583194176649 
0.8061000885645474 0.8017166374560319 8.132353252638832E-6 8.410937885451711E-4 0.09859253974389634 0.09776400569237093 0.7025736544359443 0.29920076281928887 0.5010211205666926 0.897884854566943 0.4996583194176649 
0.7919230929768641 0.8017166374560319 8.132353252638832E-6 8.410937885451711E-4 0.09859253974389634 0.09776400569237093 0.7025736544359443 0.29920076281928887 0.5010211205666926 0.897884854566943 0.4996583194176649 
0.792351191714146 0.8017166374560319 8.132353252638832E-6 8.410937885451711E-4 0.09859253974389634 0.09776400569237093 0.7025736544359443 0.29920076281928887 0.5010211205666926 0.897884854566943 0.4996583194176649 
0.7640885398237777 0.8017166374560319 8.132353252638832E-6 8.410937885451711E-4 0.09859253974389634 0.09776400569237093 0.7025736544359443 0.29920076281928887 0.5010211205666926 0.897884854566943 0.4996583194176649 
0.7513481398211229 0.8017166374560319 8.132353252638832E-6 8.410937885451711E-4 0.09859253974389634 0.09776400569237093 0.7025736544359443 0.29920076281928887 0.5010211205666926 0.897884854566943 0.4996583194176649 
0.7511693841472926 0.8017166374560319 8.132353252638832E-6 8.410937885451711E-4 0.09859253974389634 0.09776400569237093 0.7025736544359443 0.29920076281928887 0.5010211205666926 0.897884854566943 0.4996583194176649 
0.7214593761684593 0.8017166374560319 8.132353252638832E-6 8.410937885451711E-4 0.09859253974389634 0.09776400569237093 0.7025736544359443 0.29920076281928887 0.5010211205666926 0.897884854566943 0.4996583194176649 
0.6952167739505543 0.8017166374560319 8.132353252638832E-6 8.410937885451711E-4 0.09859253974389634 0.09776400569237093 0.7025736544359443 0.29920076281928887 0.5010211205666926 0.897884854566943 0.4996583194176649 
0.6783888079334172 0.8017166374560319 8.132353252638832E-6 8.410937885451711E-4 0.09859253974389634 0.09776400569237093 0.7025736544359443 0.29920076281928887 0.5010211205666926 0.897884854566943 0.4996583194176649 
0.6567102667755066 0.8017166374560319 8.132353252638832E-6 8.410937885451711E-4 0.09859253974389634 0.09776400569237093 0.7025736544359443 0.29920076281928887 0.5010211205666926 0.897884854566943 0.4996583194176649 
0.6174992005963028 0.8017166374560319 8.132353252638832E-6 8.410937885451711E-4 0.09859253974389634 0.09776400569237093 0.7025736544359443 0.29920076281928887 0.5010211205666926 0.897884854566943 0.4996583194176649 
0.6544680639185659 0.8017166374560319 8.132353252638832E-6 8.410937885451711E-4 0.09859253974389634 0.09776400569237093 0.7025736544359443 0.29920076281928887 0.5010211205666926 0.897884854566943 0.4996583194176649 
0.6192935908827283 0.8017166374560319 8.132353252638832E-6 8.410937885451711E-4 0.09859253974389634 0.09776400569237093 0.7025736544359443 0.29920076281928887 0.5010211205666926 0.897884854566943 0.4996583194176649 
0.5974879682290879 0.8017166374560319 8.132353252638832E-6 8.410937885451711E-4 0.09859253974389634 0.09776400569237093 0.7025736544359443 0.29920076281928887 0.5010211205666926 0.897884854566943 0.4996583194176649 
0.589164231080278 0.8017166374560319 8.132353252638832E-6 8.410937885451711E-4 0.09859253974389634 0.09776400569237093 0.7025736544359443 0.29920076281928887 0.5010211205666926 0.897884854566943 0.4996583194176649 
0.5590870857815246 0.8017166374560319 8.132353252638832E-6 8.410937885451711E-4 0.09859253974389634 0.09776400569237093 0.7025736544359443 0.29920076281928887 0.5010211205666926 0.897884854566943 0.4996583194176649 
0.5569242897321754 0.8017166374560319 8.132353252638832E-6 8.410937885451711E-4 0.09859253974389634 0.09776400569237093 0.7025736544359443 0.29920076281928887 0.5010211205666926 0.897884854566943 0.4996583194176649 
0.5412113115800083 0.8017166374560319 8.132353252638832E-6 8.410937885451711E-4 0.09859253974389634 0.09776400569237093 0.7025736544359443 0.29920076281928887 0.5010211205666926 0.897884854566943 0.4996583194176649 
0.528274159200205 0.8017166374560319 8.132353252638832E-6 8.410937885451711E-4 0.09859253974389634 0.09776400569237093 0.7025736544359443 0.29920076281928887 0.5010211205666926 0.897884854566943 0.4996583194176649 
0.491030629689015 0.8017166374560319 8.132353252638832E-6 8.410937885451711E-4 0.09859253974389634 0.09776400569237093 0.7025736544359443 0.29920076281928887 0.5010211205666926 0.897884854566943 0.4996583194176649 
0.49234934523823604 0.8017166374560319 8.132353252638832E-6 8.410937885451711E-4 0.09859253974389634 0.09776400569237093 0.7025736544359443 0.29920076281928887 0.5010211205666926 0.897884854566943 0.4996583194176649 
0.47062706734914517 0.8017166374560319 8.132353252638832E-6 8.410937885451711E-4 0.09859253974389634 0.09776400569237093 0.7025736544359443 0.29920076281928887 0.5010211205666926 0.897884854566943 0.4996583194176649 
0.4577527695674474 0.8017166374560319 8.132353252638832E-6 8.410937885451711E-4 0.09859253974389634 0.09776400569237093 0.7025736544359443 0.29920076281928887 0.5010211205666926 0.897884854566943 0.4996583194176649 
0.44628208362668614 0.8017166374560319 8.132353252638832E-6 8.410937885451711E-4 0.09859253974389634 0.09776400569237093 0.7025736544359443 0.29920076281928887 0.5010211205666926 0.897884854566943 0.4996583194176649 
0.4337643374627195 0.8017166374560319 8.132353252638832E-6 8.410937885451711E-4 0.09859253974389634 0.09776400569237093 0.7025736544359443 0.29920076281928887 0.5010211205666926 0.897884854566943 0.4996583194176649 
0.3962853053972329 0.8017166374560319 8.132353252638832E-6 8.410937885451711E-4 0.09859253974389634 0.09776400569237093 0.7025736544359443 0.29920076281928887 0.5010211205666926 0.897884854566943 0.4996583194176649 
0.376696767642809 0.8017166374560319 8.132353252638832E-6 8.410937885451711E-4 0.09859253974389634 0.09776400569237093 0.7025736544359443 0.29920076281928887 0.5010211205666926 0.897884854566943 0.4996583194176649 
0.3590460306031111 0.8017166374560319 8.132353252638832E-6 8.410937885451711E-4 0.09859253974389634 0.09776400569237093 0.7025736544359443 0.29920076281928887 0.5010211205666926 0.897884854566943 0.4996583194176649 
0.3491506019904406 0.8017166374560319 8.132353252638832E-6 8.410937885451711E-4 0.09859253974389634 0.09776400569237093 0.7025736544359443 0.29920076281928887 0.5010211205666926 0.897884854566943 0.4996583194176649 
0.33205680690923833 0.8017166374560319 8.132353252638832E-6 8.410937885451711E-4 0.09859253974389634 0.09776400569237093 0.7025736544359443 0.29920076281928887 0.5010211205666926 0.897884854566943 0.4996583194176649 
0.3246741011466079 0.8017166374560319 8.132353252638832E-6 8.410937885451711E-4 0.09859253974389634 0.09776400569237093 0.7025736544359443 0.29920076281928887 0.5010211205666926 0.897884854566943 0.4996583194176649 
0.3090697677117191 0.8017166374560319 8.132353252638832E-6 8.410937885451711E-4 0.09859253974389634 0.09776400569237093 0.7025736544359443 0.29920076281928887 0.5010211205666926 0.897884854566943 0.4996583194176649 
0.27566602295404136 0.8017166374560319 8.132353252638832E-6 8.410937885451711E-4 0.09859253974389634 0.09776400569237093 0.7025736544359443 0.29920076281928887 0.5010211205666926 0.897884854566943 0.4996583194176649 
0.24967126028702488 0.8017166374560319 8.132353252638832E-6 8.410937885451711E-4 0.09859253974389634 0.09776400569237093 0.7025736544359443 0.29920076281928887 0.5010211205666926 0.897884854566943 0.4996583194176649 
0.23829169088896088 0.8017166374560319 8.132353252638832E-6 8.410937885451711E-4 0.09859253974389634 0.09776400569237093 0.7025736544359443 0.29920076281928887 0.5010211205666926 0.897884854566943 0.4996583194176649 
0.22850068704365303 0.8017166374560319 8.132353252638832E-6 8.410937885451711E-4 0.09859253974389634 0.09776400569237093 0.7025736544359443 0.29920076281928887 0.5010211205666926 0.897884854566943 0.4996583194176649 
0.20792127534255303 0.8017166374560319 8.132353252638832E-6 8.410937885451711E-4 0.09859253974389634 0.09776400569237093 0.7025736544359443 0.29920076281928887 0.5010211205666926 0.897884854566943 0.4996583194176649 
0.20684115021514368 0.8017166374560319 8.132353252638832E-6 8.410937885451711E-4 0.09859253974389634 0.09776400569237093 0.7025736544359443 0.29920076281928887 0.5010211205666926 0.897884854566943 0.4996583194176649 
0.18191247841570068 0.8017166374560319 8.132353252638832E-6 8.410937885451711E-4 0.09859253974389634 0.09776400569237093 0.7025736544359443 0.29920076281928887 0.5010211205666926 0.897884854566943 0.4996583194176649 
0.16071588322552208 0.8017166374560319 8.132353252638832E-6 8.410937885451711E-4 0.09859253974389634 0.09776400569237093 0.7025736544359443 0.29920076281928887 0.5010211205666926 0.897884854566943 0.4996583194176649 
0.1583704767569603 0.8017166374560319 8.132353252638832E-6 8.410937885451711E-4 0.09859253974389634 0.09776400569237093 0.7025736544359443 0.29920076281928887 0.5010211205666926 0.897884854566943 0.4996583194176649 
0.13864519947847345 0.8017166374560319 8.132353252638832E-6 8.410937885451711E-4 0.09859253974389634 0.09776400569237093 0.7025736544359443 0.29920076281928887 0.5010211205666926 0.897884854566943 0.4996583194176649 
0.11487784752344422 0.8017166374560319 8.132353252638832E-6 8.410937885451711E-4 0.09859253974389634 0.09776400569237093 0.7025736544359443 0.29920076281928887 0.5010211205666926 0.897884854566943 0.4996583194176649 
0.1128257757660324 0.8017166374560319 8.132353252638832E-6 8.410937885451711E-4 0.09859253974389634 0.09776400569237093 0.7025736544359443 0.29920076281928887 0.5010211205666926 0.897884854566943 0.4996583194176649 
0.10611148804023787 0.8017166374560319 8.132353252638832E-6 8.410937885451711E-4 0.09859253974389634 0.09776400569237093 0.7025736544359443 0.29920076281928887 0.5010211205666926 0.897884854566943 0.4996583194176649 
0.08337475278534881 0.8017166374560319 8.132353252638832E-6 8.410937885451711E-4 0.09859253974389634 0.09776400569237093 0.7025736544359443 0.29920076281928887 0.5010211205666926 0.897884854566943 0.4996583194176649 
0.06004464296637446 0.8017166374560319 8.132353252638832E-6 8.410937885451711E-4 0.09859253974389634 0.09776400569237093 0.7025736544359443 0.29920076281928887 0.5010211205666926 0.897884854566943 0.4996583194176649 
0.06163460325992579 0.8017166374560319 8.132353252638832E-6 8.410937885451711E-4 0.09859253974389634 0.09776400569237093 0.7025736544359443 0.29920076281928887 0.5010211205666926 0.897884854566943 0.4996583194176649 
0.03880021161480198 0.8017166374560319 8.132353252638832E-6 8.410937885451711E-4 0.09859253974389634 0.09776400569237093 0.7025736544359443 0.29920076281928887 0.5010211205666926 0.897884854566943 0.4996583194176649 
0.03343669738217092 0.8017166374560319 8.132353252638832E-6 8.410937885451711E-4 0.09859253974389634 0.09776400569237093 0.7025736544359443 0.29920076281928887 0.5010211205666926 0.897884854566943 0.4996583194176649 
0.021962141895430803 0.8017166374560319 8.132353252638832E-6 8.410937885451711E-4 0.09859253974389634 0.09776400569237093 0.7025736544359443 0.29920076281928887 0.5010211205666926 0.897884854566943 0.4996583194176649 
0.01820661645180579 0.8017166374560319 8.132353252638832E-6 8.410937885451711E-4 0.09859253974389634 0.09776400569237093 0.7025736544359443 0.29920076281928887 0.5010211205666926 0.897884854566943 0.4996583194176649 
0.01756268433603395 0.8017166374560319 8.132353252638832E-6 8.410937885451711E-4 0.09859253974389634 0.09776400569237093 0.7025736544359443 0.29920076281928887 0.5010211205666926 0.897884854566943 0.4996583194176649 
0.003357111010098274 0.8017166374560319 8.132353252638832E-6 8.410937885451711E-4 0.09859253974389634 0.09776400569237093 0.7025736544359443 0.29920076281928887 0.5010211205666926 0.897884854566943 0.4996583194176649 
