2.5744603613692323E-8 0.6667308368461324 
0.008407935146972028 0.6583213721289537 
0.01682700673233801 0.6499392301864425 
0.025261025065819915 0.6414683769645767 
0.03366723364324532 0.6330673079508149 
0.04209303163185358 0.6246354603499733 
0.04443873305316895 0.6222894043466941 
0.22224582886469949 0.44448230756092066 
0.22737325285346752 0.43938894928196115 
0.23568143607342545 0.4310808459913553 
0.24410569204824248 0.42262435452621677 
0.25258422940671527 0.41414612670316353 
0.26104651345371443 0.40569061579736776 
0.26941460953823937 0.39732082597475965 
0.27788715393683244 0.38884333300128343 
0.28631012119744825 0.3804259553915431 
0.2946026609793161 0.3721332567231269 
0.30309628533273736 0.36363454626181524 
0.3111198967310293 0.35561089719960687 
0.4889440912803748 0.17778456784464017 
0.49662833773799014 0.17010171300655555 
0.5051025431524003 0.16162696976822669 
0.5134610730039583 0.15326995439410107 
0.5218352262204223 0.14489489413119905 
0.5302601833600515 0.13647007562840524 
0.5387959179457537 0.12793978194887312 
0.5470886913510281 0.11964138928969204 
0.5555890225525641 0.1111418905209009 
0.5639343528884762 0.10279985346033026 
0.5723405562374124 0.09439017431720816 
0.5778293773547323 0.08889903579890614 
