3.8613187206687494E-8 0.5000019759274483 0.5011486290896757 0.500002931360396 0.5001566419769821 0.4994124669384528 
0.012610717805888209 0.50000212445169 0.501148629199364 0.5000029043995142 0.5001565877987589 0.4994124664993376 
0.02523674085553274 0.5000077428892971 0.5011486290924114 0.5000030212586214 0.500157602544728 0.4994124671106605 
0.03788797222515207 0.5000021090647039 0.5011486290907857 0.5000030216550866 0.5001565896332897 0.499412466495467 
0.05049570937595661 0.5000076887082734 0.50114862919517 0.5000030222821019 0.5001565803602863 0.499412466460721 
0.06313369255712102 0.5000020471742956 0.5011486291953388 0.5000029052685727 0.5001565635595656 0.4994124667883206 
0.06665195386304403 0.5000018096352671 0.5011486291834711 0.5000029042389316 0.5001565557080305 0.49941246694413977 
0.3333380079865478 0.5000018069114062 0.5011486291834658 0.5000029042404198 0.5001565557080063 0.49941246694414326 
0.3410110113099735 0.5000077753010604 0.5011486291110656 0.5000029034468859 0.5001574680028483 0.49941246567935293 
0.35347145813885034 0.5000077711702892 0.5011486291388066 0.5000030380701663 0.5001574680222701 0.4994124656759427 
0.36612373073992127 0.5000018084515409 0.5011486292035093 0.5000029033343923 0.5001566187187211 0.4994124673146604 
0.37884015193255843 0.50000225294445 0.5011486291832022 0.5000029360797412 0.5001566207678074 0.49941246685249474 
0.391528388027433 0.5000077736035078 0.5011486297689256 0.500002931380449 0.5001566543622057 0.4994124656629909 
0.40408023211027716 0.5000074794305848 0.5011486297650674 0.5000029292889678 0.5001566184603554 0.49941246685249474 
0.4167908313492573 0.5000022338361437 0.5011486298105055 0.5000029292889678 0.5001566208017543 0.49941246685249474 
0.4294204727336868 0.5000075120363284 0.5011486297824397 0.5000029297844844 0.50015663751634 0.49941246685991814 
0.4418580927730881 0.500007412691398 0.501148629783392 0.5000029283526253 0.5001566330153713 0.4994124657619838 
0.4546006738699224 0.5000018400617271 0.501148629762937 0.5000029293125069 0.5001566374130998 0.49941246685248103 
0.46663495906174823 0.5000018062513992 0.5011486297622643 0.5000029293943378 0.5001566366048622 0.49941246685578244 
0.7333479438577656 0.5000024756527196 0.5011486291473727 0.5000029315317884 0.5001565604035026 0.4994124661926891 
0.7448716870994477 0.500002213413234 0.5011486291474145 0.5000029315309305 0.5001566093308986 0.4994124661925623 
0.7575823979049385 0.5000019481231464 0.5011486291149895 0.5000029315616946 0.5001565928608684 0.4994124654349127 
0.7701172615406211 0.5000019432745343 0.5011486298313964 0.5000029359598237 0.5001566365492115 0.49941246543358603 
0.7826783435930806 0.5000022136461577 0.5011486291472527 0.5000029314711126 0.500156608733715 0.49941246543358603 
0.7953144112051348 0.5000023165083044 0.5011486298303416 0.5000029375772178 0.5001566104216485 0.49941246645026877 
0.8081101972354365 0.500007788999289 0.5011486298342058 0.5000029359405697 0.5001566098187571 0.499412466461103 
0.8205549850477453 0.5000019405037613 0.5011486298509874 0.500002908591031 0.5001566093604439 0.49941246623832997 
0.833303228721518 0.5000019352465233 0.5011486297697727 0.5000029301052433 0.5001566365555167 0.4994124662446303 
0.8458158401332272 0.5000076749661516 0.5011486291574385 0.500003477422097 0.5001565601322873 0.4994124662236282 
0.8584283429703479 0.500001932970304 0.5011486291651742 0.5000029300720592 0.5001566377205781 0.4994124669397526 
0.866663795864928 0.5000019351920652 0.5011486297625857 0.5000029257814798 0.5001565558540711 0.49941246624459545 
