4.7128952106578384E-4 1.2998683553106707 
0.006453875413967178 1.2985579623578334 
0.027635990419224873 1.2946834305122825 
0.040221817426637885 1.2865952811435846 
0.05416634326040726 1.2855484292066914 
0.06795680533588408 1.276338755412254 
0.0823643079453497 1.268811590017343 
0.09671682073386423 1.2641773188716248 
0.11062993969486723 1.2561147563036024 
0.14892900634379555 0.9867582483732282 
0.14948372743440877 0.9861057481106551 
0.15908545461419343 0.9838383073767969 
0.17494414010402123 0.9808379754212665 
0.18768780221572146 0.9775184230560635 
0.20220380416860728 0.9742426297414561 
0.21485674611653155 0.9707116956755717 
0.22956728564101558 0.9682764917307506 
0.256466066324077 0.9626205380451417 
0.2573430532834087 0.9580513924623064 
0.2724218971707219 0.9534589660317628 
0.2869451077151266 0.948430217080691 
0.30060505679157035 0.9422505202787053 
0.31637574257030343 0.9362662273073805 
0.34515941888403684 0.9253643782790067 
0.36122593113280305 0.9165298008214491 
0.3768541556709266 0.9099780293623236 
0.3942271161552739 0.9057028787971718 
0.4074339611759311 0.8937829017211069 
0.42321317829706667 0.8854004495519522 
0.438409972660545 0.8770448903267718 
0.4541550301760438 0.8681231459632955 
0.47034896792103253 0.8596735987186002 
0.4854463216351561 0.8498088656305918 
0.5009485921784225 0.8396162730057526 
0.5170246103145392 0.8289216959282558 
0.5326673551555208 0.8193735849695898 
0.549247643236831 0.809879203457197 
0.5634660784839007 0.7968456151628976 
0.5800538841217118 0.7873615035464965 
0.5924047928274838 0.771490589584473 
0.6039436443516455 0.754594578474377 
0.6151251310036521 0.7373233638804708 
0.6276098036606448 0.7230747020649434 
0.6373915542904093 0.7045095832782841 
0.647758294341081 0.6881697942264722 
0.663565323873641 0.677044034818676 
0.6677729506853055 0.6543139226426791 
0.6777889397800495 0.6379143108020434 
0.6887606522677099 0.6203304020856802 
0.6971498044973972 0.6050423769683232 
0.7066315780681635 0.5886891371011507 
0.7158694690595528 0.5727784077878899 
0.7251229716555622 0.5566800047014029 
0.7342511969960526 0.5410436729635814 
0.7429347070307483 0.5251906180404985 
0.7520774155035412 0.5096041823528539 
0.7589884952569854 0.4964454290070694 
0.7719963908592489 0.47957235829115913 
0.7771204300526162 0.4629884522820921 
0.7850785822968138 0.4481525173836414 
0.7929769038518042 0.4338660748379629 
0.8024909968415723 0.419458342831794 
0.8085659681921326 0.4043667611021835 
0.8199536978031754 0.3916506077511575 
0.8245003110745637 0.3740767592701412 
0.8324516186003055 0.35813439777588474 
0.8379212651367343 0.34685041343673606 
0.8466657399374271 0.3350756085942655 
0.8516013774243549 0.32018667464208744 
0.8591626682124969 0.3043709751912935 
0.8651137931890779 0.29226013054282735 
0.870193574765005 0.28186208629624093 
0.8781493109634684 0.2658951750925784 
0.8867004310804594 0.2528360053771305 
0.8918448562444687 0.24016865492487666 
0.897608358192664 0.22614508771706762 
0.9066102823917463 0.20664254741619603 
0.9083670123579553 0.20248842294160296 
0.9144270879327497 0.18970078846277108 
0.9213192194244965 0.1776013441236585 
0.9261312202125863 0.16529247497355756 
0.9338892824795599 0.15371039424105895 
0.9349334838181732 0.1456512001440528 
0.961455612321394 0.08805047549542189 
0.9629680625990148 0.08464709582005367 
0.964602371887012 0.08260768991752282 
0.9642601720017182 0.0826171390987825 
1.2341453737722536 0.025455127825805897 
1.2426508116681678 0.012645966495048384 
1.2515007916792908 2.2981478532593114E-5 
