3.594570002869793E-4 0.9528411029972335 0.9271366194853287 0.9617878101846475 0.9653135298087033 0.9691408863935472 0.9729824089028679 0.9772576940873132 0.9796895057972856 0.9832376442200266 0.9858795669662278 0.9891333802426758 0.9919556243325248 0.9949209713003971 0.9975364800286977 
0.004768932661114621 0.9528051304524788 0.9267274128938428 0.9649741718322893 0.965309929966055 0.9693315656748481 0.9729818861037773 0.9771446943416571 0.9797148570063209 0.9832435558532158 0.9858795256721713 0.9933113143685436 0.9935730556560854 0.9947824933062985 0.9976761527523584 
0.019344741485878628 0.9528419075858574 0.9183033009916869 0.9619295887536734 0.9653138503944788 0.9693284912309282 0.9729818867750405 0.9761560420059578 0.9796901180001701 0.9831779276693702 0.9858795640405026 0.9891498361377115 0.9919594482971783 0.9947803013179204 0.9975336920693488 
0.027632504662926233 0.9528202496235297 0.930148147214659 0.9618849241114112 0.9653095094088898 0.96933160457516 0.9729824079645945 0.9761556521725606 0.9796894810061726 0.983177926988251 0.9717793098671889 0.9890530465319173 0.9920153921613089 0.9947859681370802 0.9975229393645381 
0.036366340806943016 0.9528412167190001 0.9133157482945683 0.9606165686969115 0.9653140180718278 0.9691408687464738 0.9729828922858335 0.9762752197404962 0.9795702707557372 0.9832435497069868 0.985879520601324 0.9891306295521146 0.991934246829484 0.9947802794752537 0.9975354147997781 
0.04496435588851632 0.9528205087374257 0.9113551629229318 0.9617881867162127 0.9653138460025824 0.9693277145999168 0.9729823987113984 0.9761556840292369 0.9796935252231186 0.9831747307502419 0.9858796119749746 0.9891375766473163 0.9919780271740912 0.994885510086043 0.997423492043234 
0.05368747830346744 0.9528204603329846 0.9113551629229318 0.9617881867162127 0.970918556653174 0.9693280637017728 0.9729823895410363 0.9761556838094928 0.9796935252231186 0.982897220956969 0.9858089256844813 0.9891375766473163 0.9920167341053039 0.994885510086043 0.9974274482304423 
0.06207046593078703 0.9528412390162636 0.9070080791800732 0.9606168904647858 0.9653146666486839 0.9693374633692567 0.972982884116656 0.9761357971378962 0.9795711075512532 0.9831768030719574 0.9858795773820297 0.9890547969239217 0.9919346567324389 0.994780102394821 0.9975354411208407 
0.07018409410561229 0.9532636789981171 0.9114518432996136 0.9619264891613253 0.9653144902009709 0.9691382961406021 0.9729926073830657 0.97712743999771 0.9796934584726478 0.9776011152233689 0.9858774385726132 0.98905152477058 0.9933433838827638 0.9993009852716901 0.9976740467877447 
0.11064419067336044 0.9620777463799999 0.9310711597522047 0.9658310945965709 0.9714704741282145 0.9693247775535647 0.9729987793499897 0.9761553624363739 0.979700864369615 0.9831746456075839 0.9857699056454879 0.9891404217390901 0.9919344726899999 0.9947753814252666 0.9974226899991827 
0.11104247315595044 0.9620777463799999 0.9310711597522047 0.9658582683823076 0.9714704739230549 0.9693247775535647 0.9729987793499897 0.9761553624363739 0.979700864369615 0.9831746456075839 0.9857698117133835 0.9891404217390901 0.9919344743258195 0.9947753814252666 0.9974226899991827 
0.11705669301594307 0.9620741098996256 0.9310711040392059 0.9615782920276863 0.9714704739230549 0.9691341017930718 0.9733186193029123 0.9773125354425743 0.979690047292238 0.98317488160105 0.9857666259868898 0.993387570371348 0.9919388147493303 0.9947753814832877 0.9974124717399233 
0.1267193422981545 0.9621456932850992 0.9309381720625849 0.9666426544589721 0.9714704782669188 0.9691402485300785 0.9733042213357254 0.9772561579029082 0.9795838685920908 0.9876625308789995 0.9857665878737529 0.9892979438955384 0.9919314367683294 0.9947753255400785 0.9974195937383763 
0.13441104792170674 0.9627399463185964 0.9284509895872587 0.9665092256951235 0.96530504427331 0.9691389775477669 0.9732871826235747 0.9777822508386432 0.9795925601446761 0.9832369434136703 0.9859344727498003 0.9891360281035281 0.9919342560654618 0.998900885836619 0.9976441114237367 
0.14294977520815427 0.9620777779689392 0.9285137853231055 0.965830328234384 0.9713938679295212 0.9693263969817856 0.9733219848590011 0.9773135240800189 0.9797013273163053 0.9831743781208669 0.9821749350809698 0.9891493320341058 0.9951760918656054 0.9947773213382513 0.9974164729016226 
0.15033378724303462 0.9627366446607362 0.9282936345640954 0.9621580382094465 0.9714704739230549 0.9691388487808797 0.9730011673989537 0.9777887188727514 0.979553208362113 0.9879290423469778 0.9820122685476274 0.9892955311017542 0.9919342812919323 0.9947759095081306 0.9976828896275401 
0.1585601223232081 0.9621533914718978 0.9283450409014476 0.9690446738372122 0.9655488290789741 0.9691387701158003 0.9730013474077044 0.9772028940004347 0.9795338704488276 0.983442016243753 0.9817220228844745 0.9892990562880255 0.9947597098186519 0.9947672823250441 0.9929627838985865 
0.1733343432046328 0.9627974790008742 0.928291784452145 0.9688608705661544 0.9653952293990773 0.9691789420849413 0.9733192750711754 0.9773997303942011 0.9795333505277115 0.9833202136301697 0.9864559644489955 0.9893372392891433 0.9917672017087282 0.9949198450754063 0.989457066800332 
0.17440813429775817 0.9627183867067697 0.9289252511693904 0.969044822176499 0.9655407934264779 0.9691338140828214 0.9730013478411462 0.9786573757897297 0.9795333505277115 0.9832342980249159 0.9866089960499351 0.9890677945010506 0.9918331667295607 0.9947478228220317 0.989457066800332 
0.18268877092814464 0.962813358776613 0.9282933414622692 0.9688819658110215 0.9653972663541869 0.9691480071998776 0.9730047740789142 0.9773281065152938 0.9795338631512405 0.9834442408290364 0.9864563518673481 0.9892981931137619 0.9938978215694734 0.994768676668599 0.9891633516102011 
0.19062799291408125 0.9625839989559691 0.9283325372488613 0.9690448257668229 0.9653839791749167 0.9691389055891665 0.9729817675472959 0.9772030009456041 0.9845230153135625 0.9833095719097548 0.9864176887514602 0.9890692441867656 0.991936688663469 0.9947693574812181 0.9893059626801899 
0.19821596828348287 0.9626324224227583 0.9278165543289216 0.9690448257668229 0.9653966719409619 0.9691333668733946 0.9729959444090752 0.9780621898400833 0.9840645663846169 0.9838356433399639 0.986457439391315 0.9890688859432106 0.9938180924254405 0.9947692826103136 0.989295163725693 
0.20669255588258975 0.962718868026996 0.9261284510821469 0.9692683999192551 0.9652946275834123 0.9691919466739671 0.9733265658572321 0.9780439963064355 0.9795520547103272 0.9838407446954585 0.9866081395206724 0.9891388251030073 0.9938181116308951 0.9954341903327871 0.9890070171112214 
0.22186504469106877 0.9563282889075656 0.9274499829199454 0.9667582206629983 0.9715964905192709 0.9691258591809433 0.9733063315317164 0.9902352557100259 0.9795679152109106 0.9833249588812945 0.9860040743749622 0.9890297908159446 0.991914440156941 0.9949889046645378 0.997612828415325 
0.2306613434454297 0.9522338922270559 0.9274499829199454 0.9667582206629983 0.971596496484632 0.9691287797460323 0.9733096770325356 0.9904643658133085 0.979568297618433 0.9833213019882971 0.9858870131100625 0.989030912601429 0.9921050292427368 0.994995733102139 0.9999621097992458 
0.23877385743389382 0.9530012251377986 0.923872000276179 0.9692738712343711 0.9653988250872896 0.9691288140360049 0.9733093119374197 0.9840697703427945 0.9795639085405594 0.9840582389813955 0.9905603598776882 0.9890965962045581 0.9918213315080623 0.9972024050055359 0.9895988200793936 
0.24712100793684216 0.9525642541106227 0.9235207227466153 0.969049336955348 0.9653697955537827 0.969365672744893 0.9732961061784154 0.9774583456938556 0.968660039200834 0.9833391020399928 0.985889387511635 0.9891402925117837 0.992790083759575 0.9954425111509697 0.98951106260681 
0.25504078286337317 0.9531910962650914 0.9086326665811559 0.9694153164375455 0.9653714634738984 0.9691288373894152 0.9733039957570297 0.9773320718378655 0.9795762345448459 0.9838948858398594 0.9867803165635848 0.9912151888291038 0.9919388771971653 0.9948369896671901 0.9988015075612975 
0.2633409162726059 0.9525377659700541 0.9024696268831871 0.961420665676645 0.9653646034284048 0.9691196562494798 0.9729983471404344 0.9772815831855256 0.9796268725761198 0.9841848847181658 0.9858650203076584 0.9891354022606819 0.9920516078089457 0.994853409652365 0.9988003958167299 
0.2713328930915291 0.9524874174857589 0.9064436935585232 0.969413061820481 0.9671706399251685 0.9691258579438525 0.9733063271484129 0.977334061472296 0.9795628730829788 0.9821406044127478 0.9866225250687368 0.9890774944156621 0.9919388725232421 0.9949154909136289 0.9988404613131722 
0.27961313303055196 0.9532042229794886 0.9001887370428304 0.9614217755538679 0.9653033841929891 0.9691191639252519 0.9730048976675889 0.9772803452809827 0.9795976782641962 0.9831462429873238 0.9858718861668653 0.989135896773086 0.9929758121678456 0.9947494319781296 0.9973904091942528 
0.2879175843621207 0.9532039932277916 0.8989364677146052 0.9615703241393913 0.9653051129141765 0.9691197993593389 0.9733063624662357 0.9772832826862193 0.9795976004933872 0.9831461371767567 0.9858468475183915 0.9891356103947688 0.9919413666949947 0.9949187989852735 0.9975380216238089 
0.2960485547876599 0.9524829677606652 0.9077937071730157 0.9688438813047444 0.9659890954435766 0.9691192517087066 0.9733277897470808 0.9773329191721959 0.9795876320102933 0.9758759118349161 0.985864854525843 0.9890883247666311 0.991963996986922 0.994841542803893 0.9975313029594809 
0.30438311316690075 0.9524962411554473 0.9040831156371235 0.96130996323717 0.9653537813803355 0.9692598537913613 0.972991861331602 0.9759907977040259 0.9843580717201583 0.9841243315267726 0.9858683044875772 0.9890898122589343 0.9968308290591539 0.9949142545912821 0.9974184267153057 
0.31302736680763843 0.9596007917513173 0.9002071767291532 0.9612724610572054 0.9653658416076292 0.9691262220061982 0.9730002735539323 0.9773436608652275 0.9795934764578449 0.9840763984382386 0.9858729484842074 0.9891359585209524 0.9929398112282332 0.9947571949425011 0.9973931729812481 
0.321205855959896 0.9532063272922113 0.8991857961798847 0.96721401321217 0.965307995079387 0.9691259602584488 0.9732865390756891 0.9771923087025187 0.9795935751441913 0.9831545117017383 0.9878793886458688 0.9891358817550654 0.9919607603104711 0.9947496670865076 0.9975409640271085 
0.32968248448669163 0.9532039164930651 0.8989380550489957 0.9615705096972291 0.9653055693378371 0.9691199116453797 0.9729915052828984 0.9772321225593227 0.9795973030205192 0.9831521224693883 0.985841912274907 0.9891358970450022 0.9966732668767655 0.9947494975147957 0.9975380221878173 
0.33816680444947095 0.9532066507803644 0.8991975627185208 0.9615637135947889 0.9652878529156005 0.9691259924965527 0.9729919128343435 0.9771217447551427 0.9803472115008971 0.9842045417164148 0.9857990770295875 0.9891358825584109 0.9967150679016634 0.994759327512298 0.9975401021243983 
0.3465953076182671 0.9530612802640668 0.8997786844518457 0.9672617234620041 0.9653262227821122 0.9691250988348801 0.9732875127340647 0.9771901718236414 0.9795188909121194 0.9831531923857537 0.9862246902313607 0.9932632910444876 0.9919269818567918 0.9947732078191063 0.9975469709573794 
0.35521770500084604 0.9532156332896823 0.899258769532244 0.9613791007167259 0.9653627829553009 0.9691245040339828 0.9729916239770279 0.9771996979026476 0.9795603151203628 0.9841342261182477 0.9862258748265164 0.9892236425181427 0.9968855843749144 0.9947638241722884 0.9975303302079448 
0.3639395281975005 0.953215844588552 0.8982814503839266 0.9614078553530881 0.965362783312436 0.9691396221855727 0.9728785852988527 0.9771897563644621 0.9795949459696416 0.9793259255555866 0.9883822176802602 0.989132465161134 0.9919270224825245 0.9947733897804228 0.9975328994384864 
0.37276974132804186 0.9532156255832912 0.8997668341957273 0.9613873554248643 0.9653262227821122 0.969159238727718 0.9729929483700936 0.9771901718236414 0.9795188909121194 0.983252462237626 0.9859634563416602 0.9932632910444876 0.9919269818567918 0.9947732078191063 0.9974075769949626 
0.3812817338861847 0.95321539264458 0.8998229757547335 0.9614046866508753 0.9653257730379603 0.9691383982231212 0.9729913002903308 0.9771263354804339 0.9794976263679955 0.9793912415508466 0.9884087538165018 0.9891105199846884 0.9918389920549284 0.9947675120634554 0.9973488010669275 
0.390279148097529 0.9532035970651311 0.9452235386433668 0.9614081322011393 0.9657832710206816 0.9691403480115685 0.9729916276127545 0.9840396004706927 0.9916794134890826 0.9831869809066772 0.9862245502734601 0.9890605000415116 0.9968199107257458 0.9947672950431367 0.9804247992555923 
0.39894494219858323 0.9532043086831178 0.9000622633421398 0.9613874775480467 0.9653257812728646 0.9691592166425936 0.9729957069470285 0.9771913983304695 0.9795202781374182 0.9832629689532397 0.986007631044442 0.9891336833514185 0.9919264979029148 0.9947827185586974 0.997389440534343 
0.4078589784826192 0.953203563689663 0.8996688647603187 0.9613909079038567 0.9653260883966123 0.9691264598701451 0.9729912830311019 0.9771913995270237 0.9797993261743758 0.9831356332366012 0.9859953040397359 0.9891341824476528 0.9919251125471648 0.9947666833064094 0.9973837129022037 
0.4168535611834925 0.9532034349741608 0.9092648245830232 0.9613910370802043 0.9653257825835673 0.9691258413099789 0.9729913039091681 0.9771267295244408 0.9797967198794423 0.9746772159253311 0.9859963515179291 0.9891340807539784 0.991840559799653 0.9947668799762708 0.9973492174824654 
0.4258654168708976 0.9532029392179737 0.9102342380756607 0.9613911170577059 0.96532607445284 0.9691225428862805 0.9729925284386814 0.9771911761309633 0.9798034189076178 0.9746769947139394 0.9859963517284037 0.9891341746574139 0.991843338154056 0.99476747975633 0.9973822039004886 
0.435777821752568 0.953203654166934 0.9088754423981752 0.9613789349458054 0.9653261561858497 0.9691200286020693 0.9731062225680024 0.9771912109098099 0.9798032864342764 0.9768940137345763 0.9859191980556906 0.9891240199264527 0.9935970744308916 0.9947732339803886 0.9973822240842173 
0.4441717188521409 0.953207074092505 0.9101963655646034 0.96134759357295 0.9653257238686334 0.965617157253658 0.973810114334924 0.9771911824053094 0.9798321465070616 0.9772189363859621 0.9859194492217465 0.9891192826957762 0.9919252987386282 0.9947812949436786 0.9973819985527145 
0.4534814729415154 0.9532033837364186 0.9101969405773186 0.9613910403068653 0.9653260884792555 0.9691258469374909 0.9729925293366543 0.9771904552458233 0.9797979352118631 0.9772511984067046 0.9859963015952817 0.9891341757111273 0.9919246072578976 0.9947663084645363 0.9973820905174879 
0.46271221676827595 0.9531786707643815 0.9129855900825509 0.9613930924487536 0.9653835295345939 0.9691270817308791 0.9738169049863152 0.9772605051314486 0.9798421546286095 0.9795362673828947 0.9917101965902648 0.98887731444012 0.9917979278094609 0.9949536184003305 0.9975426755733138 
0.47219796746481113 0.9532078511963507 0.9091756463329228 0.9613828660167234 0.9653224770742458 0.9691231114645704 0.9730016150594715 0.977119111543945 0.9795496625984801 0.9832461001951526 0.9858668936873296 0.9891342055167601 0.9918949936850886 0.9947733701424237 0.9974329853717201 
0.4816315131223969 0.9532026354488276 0.9102017928773244 0.9613489174433164 0.9653258233162689 0.969145085224025 0.973103223621464 0.9771188109181955 0.9795534189923434 0.9831575196517996 0.9859193720528232 0.9891260518634764 0.9918949086323503 0.9947733557622336 0.9974268150057466 
0.491201218869726 0.9532034304822566 0.9113032448826488 0.9613904529659743 0.9654962918816186 0.9691450552581342 0.9730013258524737 0.9771188274337289 0.9795532742450282 0.9833791872320826 0.9858699065765566 0.9891341561495628 0.9918975028654387 0.9947734069775757 0.9974267617214048 
0.5009859537992021 0.95319787815919 0.9140275832079348 0.961349186364898 0.960011886079736 0.96926132121695 0.9729917737919898 0.9771225084250762 0.9795634713389606 0.9831932490856089 0.9859923755286765 0.9890847983210262 0.991793135381444 0.9947862139765896 0.9974190490222807 
0.5091494595123549 0.9532530193208977 0.980278765017719 0.9619595312719602 0.965331993089832 0.9689880222948574 0.9729935713775054 0.9773321669692151 0.9795626152301702 0.983431283351644 0.9938323431018096 0.9886175792748108 0.9978298743559973 0.9981136567450085 0.9974395607726935 
0.5210760711061563 0.9527554874164987 0.9140036899197362 0.9619536470097 0.9653096189133934 0.9691230202856972 0.9729918763088947 0.9771030543949119 0.979563338051713 0.9832423932390331 0.9858436786317919 0.9891375114675475 0.9918921234588517 0.9947857178824842 0.9974412946502825 
0.5307390544579964 0.9532391997904011 0.9685567234385747 0.9619751839086859 0.9877292776799218 0.9691258654848655 0.9729935960867453 0.9771247376598532 0.9794386484229417 0.9833823522274988 0.9859664247280858 0.9891254931976348 0.991696834141049 0.9950042434329598 0.9974299918667725 
0.5406082686853396 0.9528747044211267 0.9279053090738301 0.9619080924944776 0.9653831872526816 0.9777949437778344 0.9729926720276966 0.977360375041342 0.9795590678136827 0.9832195821175326 0.9859995926193158 0.9886177697033806 0.9927188980288608 0.9974410321109255 0.9899703841449827 
0.5503765401385131 0.952875743104587 0.927907128150234 0.9619080907086873 0.9657100695398371 0.9777940495594566 0.9729926727660689 0.9773603773433993 0.979434601158501 0.9831997226389018 0.985276879542319 0.9886178256674398 0.9916927357986182 0.9947423566173615 0.9899703841449827 
0.5608715708878483 0.9527657092336886 0.9559350749030867 0.9611769547659705 0.9872004775563552 0.9779595473644221 0.9729936085024026 0.9771218592002381 0.9794345189381665 0.9831999881453337 0.9852787098035048 0.9886080169878019 0.991721157497525 0.9947415036121116 0.9973053676026241 
0.5709797543907063 0.9528747044211267 0.92790719551905 0.9619750732080817 0.9655433917510005 0.9615952804410278 0.9729927920994235 0.9772810071889219 0.9796326910535581 0.9832203716245491 0.9859048835242962 0.9891050784822181 0.992789969914912 0.9949967219311442 0.9902111875481887 
0.5814398203487466 0.9527724124111213 0.925575630230049 0.9619080923805462 0.9653762580540085 0.9776189109767829 0.9729925863829817 0.9772318336420106 0.9794339002838957 0.9832076436021734 0.9857433526059418 0.9862333252495449 0.9918754154448306 0.9946819408013159 0.9995912096837021 
0.5930817337715094 0.9529328415495383 0.9267191084722755 0.9619304043314055 0.9657184678479316 0.9690307106523095 0.9729926640832959 0.97723116815573 0.9794335388795515 0.9832457806050379 0.9859982213739904 0.9886167420235639 0.997840914431631 0.9984868586041789 0.9975264038726731 
0.6050198594280264 0.9527677856241984 0.9261834238012853 0.9619073234015484 0.9655368846454261 0.9616055290761888 0.9729927857727511 0.9772818782265525 0.9794339058988023 0.9832076196778442 0.985743634364831 0.9891247538229997 0.9929670759570162 0.9946813353176179 0.9995912383668258 
0.6136162313023998 0.952767630093533 0.9771475185074278 0.9619080924944776 0.9653135867503716 0.9690310998944791 0.9729925570504698 0.9772322455237047 0.9812013000248567 0.9832197485465678 0.9773371718474512 0.9888984812413752 0.9922741383962904 0.9984966704165622 0.9975291727655801 
0.6235525449047605 0.9526869366994285 0.9768015168663734 0.9618937587408506 0.9653752364389405 0.9775580180012545 0.9729925846442253 0.9773072410434969 0.9794339060969584 0.9832074094143122 0.9860301949703764 0.9838778811474066 0.989794432392366 0.9946819408013159 0.9995910594913604 
0.6347822658909852 0.9528628427315795 0.9765703107744781 0.9616353237345947 0.9653075567410718 0.9748481507208513 0.9729926383597884 0.977191061194502 0.97943385230991 0.9832062954753705 0.9858838454965283 0.9888744074805994 0.9978130418840802 0.9974558721260591 0.9993921035150038 
0.6476541774300878 0.9540749772787078 0.9767980034176168 0.9616180020162404 0.9653079578360308 0.9693777841710299 0.972992570230823 0.9772486471479953 0.9794341125998289 0.9832379791638547 0.9860262457107456 0.9889008212099847 0.9978418787587434 0.9984861894886706 0.9975264036626111 
0.6577973182668794 0.9539970008424777 0.9767980033724912 0.9616449690203305 0.9653135949694929 0.962583289487261 0.9729926403318813 0.9772480946461307 0.9794397274370644 0.9832385771430128 0.9859208073898108 0.9889011779951239 0.9898579308991788 0.9985895505877196 0.997525939813837 
0.6666754971893379 0.9540257467240265 0.9767980033724912 0.9616449690203305 0.9649553494185168 0.9744614918735018 0.9729926410893273 0.9772478318176597 0.9794397274370644 0.9832369742015963 0.9860226175585085 0.9890955092523288 0.9898579308991788 0.9985895505877196 0.997525939813837 
0.6806766581834965 0.9527601585373497 0.9765703107744781 0.961614052417061 0.9653075193856478 0.9748481507208513 0.9729926383566687 0.9754338016504563 0.9794411138700567 0.9832385881158595 0.985877744767511 0.988874005106061 0.9929251776648191 0.9974562363601683 0.9989049170443939 
0.6929037207221224 0.9527160785195614 0.9762935696380084 0.9616178123575714 0.9657275708337433 0.9748481507208513 0.9732531255117254 0.9754333648986957 0.9795606194274306 0.983238536445941 0.985877744767511 0.988874005106061 0.9929251776648191 0.9974562363601683 0.9975225780587426 
0.7043205479528296 0.9528346699683415 0.9765515537935501 0.9616258325543847 0.9653077516724291 0.9722783320674991 0.9729254635009923 0.9755153848363914 0.9794383386456444 0.9832378462922885 0.9858617071610427 0.9888811409335139 0.9928134650741696 0.9973862319870489 0.9975279903589218 
0.7173261326480738 0.9527160785195614 0.9751347471815391 0.9616174031360517 0.9657275708337433 0.9748413061514548 0.9729407484629641 0.9772510314561468 0.979444943211002 0.9832405431622478 0.9858840555197147 0.988874005106061 0.992834712591248 0.9974562363601683 0.9975187898600791 
0.7362626500602251 0.9553177542455439 0.9362292719273706 0.9614199526774626 0.9657263989174798 0.9746416290354805 0.9729899833378919 0.975435337578884 0.9795534360780481 0.9832387777513326 0.9858658170607604 0.9888744156887372 0.9928398494091365 0.9973863322888096 0.9951706932024971 
0.7403629278346446 0.9541172603193723 0.9739112811397279 0.9616174805363773 0.9653079905169033 0.9747804002468797 0.9730186329827906 0.9754290339615684 0.979555457281643 0.9833234441550107 0.9858813835917591 0.9891952268477924 0.9928175794452101 0.9974076734619746 0.9988166034073389 
0.7533450920477835 0.952394456489723 0.9365909599006144 0.9614127319771612 0.9653149015296271 0.9746362025267484 0.9729925795658395 0.9755860180968473 0.9795548321118998 0.9833262385400575 0.9858647481152433 0.989127015972218 0.9919713661292343 0.9973674829585419 0.9975401414962295 
0.7661716791767182 0.9531752798265158 0.9365171550186961 0.9614090531588857 0.9652720174271142 0.9677063914088592 0.9729924671340582 0.9753064271386047 0.979558077349686 0.9833260946835789 0.9858633144790615 0.9892007224799677 0.9927561470727014 0.9974593754879816 0.9951774134254348 
0.779150793044575 0.9524565003134908 0.9365906390445576 0.9614118766282335 0.9653149015420665 0.9691661388141415 0.972992611451513 0.9756029128296357 0.9797128648596259 0.9833262405200995 0.9858971500408347 0.9891271248355917 0.9919600283679503 0.9972454332985629 0.9975401351001599 
0.7922580436089238 0.9532025856878206 0.9365909598609258 0.9614089743611248 0.9653149015402835 0.9692293148218545 0.9729926128051545 0.9771259015906163 0.979551227906982 0.9833292836926291 0.9858972320288928 0.9891336680901165 0.9919659156978606 0.9949158077603525 0.9975401135266722 
0.8008379376640014 0.9532618592270741 0.9526291279678254 0.9614092472241521 0.9653149075752598 0.969161185466856 0.9729926749936966 0.97710951145548 0.9801128081330627 0.983324081267971 0.9962927196540861 0.9848723646400572 0.99196540801765 0.995094269866337 0.997539812550792 
0.8706704261352232 0.953261856784211 0.9526290812932875 0.9558927742968536 0.9578321248425465 0.9691611906455994 0.9729926756678786 0.9771217438228769 0.9800989754744052 0.9833242412718805 0.9912930648879108 0.9888654343509817 0.9919653977140247 0.995094414549741 0.997532975404147 
0.8751093836227442 0.953261856784211 0.953322933379386 0.9559970227736557 0.9578321248425465 0.9691614044659913 0.9729914372921906 0.9755417169411511 0.9795627445155215 0.9833242426142788 0.9912930648879108 0.9888671284164188 0.9919298190206074 0.994859557866793 0.9975333822969671 
0.877867286145476 0.953261872520039 0.9533266071506331 0.9559956215756287 0.9580058892950043 0.9691614044659913 0.9729914264905979 0.9755417169521122 0.9795627462427524 0.983324064047783 0.9912930648879108 0.9888671107543878 0.9919293645459055 0.9948772152790286 0.997533382287671 
0.8778181307577781 0.9532618560512683 0.9530127722328082 0.9614827060558871 0.9654942455205014 0.9691615577902292 0.9730507770976012 0.9770632355433767 0.9795534837533912 0.9833076876617833 0.9943596970529939 0.9888674814978852 0.9920513437940222 0.9946551917668113 0.997525802277751 
0.9669803878288168 0.9532982949878172 0.937059120786961 0.9612738634133671 0.9654962626368635 0.9691614045917822 0.9729914808174954 0.9755188047886098 0.9795535502577901 0.9833240437190317 0.9763464810874903 0.9888673596982636 0.991927371982841 0.9968596226406675 0.9975403816413857 
0.9833766408363757 0.9533065293113634 0.9368086850881621 0.961431424976007 0.9654942455205014 0.9691615569981247 0.9730504918820735 0.9771139126415354 0.9795534801933523 0.983307526097791 0.9943700004005329 0.9888283996031142 0.9920513437940222 0.9946551917668113 0.9975255781858313 
0.9999693958982481 0.9533272709464573 0.9368149262072865 0.9613745943168135 0.9653151898395574 0.9691840596045698 0.9729884860619845 0.9771163371379057 0.9795534459714149 0.9833281664458713 0.9937822612046668 0.9888690269838939 0.9920837094352541 0.9946559137046533 0.9975256862255198 
