0.0010998591935099096 1.0006337354366241 
0.0048274063771131595 1.0005268112373549 
0.011605823664463739 1.000423682568972 
0.018233841491170303 1.0004161767618505 
0.022008844301358126 1.0000473382962753 
0.02505645951675379 0.9999791109044877 
0.02888071962838159 0.9997429310808862 
0.03271388434833958 0.9996163777538095 
0.039596018356449436 0.9992006462155816 
0.04314238301247275 0.9990087731002367 
0.05014069536058739 0.9988068486406134 
0.10054935185233978 0.990539940227479 
0.1076546785355931 0.9892195808394715 
0.11561045034054575 0.9870667186434672 
0.12371897788472852 0.9864030701552523 
0.12777122049155742 0.9851520108484171 
0.13194572478011063 0.9830347066768174 
0.1359398452400597 0.982247633990047 
0.1396475226807559 0.981318602106364 
0.14406089279306755 0.9802797911660623 
0.14823988333352436 0.9787202696845375 
0.20043313481056607 0.9604214571614876 
0.20374921553004 0.9592744090822876 
0.20781250416792155 0.9582355950536009 
0.2169397282345885 0.9537521967163162 
0.22038924498598209 0.9522505787606627 
0.22554126597270524 0.9498668274341834 
0.2340232047971312 0.9463599767740634 
0.23830934091102213 0.9439725810800389 
0.24739406315895324 0.9394724630189694 
0.3004721155796619 0.9104027202346056 
0.3055065137060815 0.907466538127041 
0.31007654247836997 0.9052056843232461 
0.31419541664962714 0.9023149567259128 
0.31866521803981335 0.8991870107317927 
0.3230192643275653 0.8966538683806626 
0.3282090238592464 0.8935564611756239 
0.33202126123600906 0.8906390774853888 
0.3368404636079621 0.8871814659271711 
0.3412041062255224 0.8848356000602449 
0.34512404970643534 0.881631916955272 
0.35007545625357306 0.8781395351985504 
0.4003226822123569 0.8402891724731967 
0.40350475931721663 0.8378331483505077 
0.4081401583341425 0.8342504515675961 
0.41224867835308804 0.8308822316031355 
0.4152112124940027 0.8281379112657716 
0.42084852305294934 0.8236989519495019 
0.4255564459436234 0.8194539453547175 
0.4299993811757588 0.8157485309481682 
0.4341935714039847 0.8121300875221383 
0.43857240175346524 0.8082186632180973 
0.442762930440776 0.8047415835246162 
0.44667769169996946 0.8014943242950577 
0.50030666352588 0.7502432802907963 
0.5025624122423272 0.747986197586745 
0.5069780701719139 0.743936564818392 
0.5108220929612055 0.7397359259331322 
0.5148905785112966 0.7354527157605262 
0.5192240898455545 0.7311113896438133 
0.522822158719665 0.7272403065085693 
0.5274905708391863 0.722327025768009 
0.5314124825971732 0.718189496843644 
0.5357221910802843 0.7135961733036081 
0.5392977161676664 0.7097501296742389 
0.5435388557660121 0.7051469667609693 
0.5475486133816528 0.7007550318292961 
0.5502697153813146 0.6977779760510059 
0.6002722310593109 0.640268474270903 
0.6018309353287048 0.6384039297595644 
0.6057480075587706 0.633707219997525 
0.6097728423751793 0.6288154338562791 
0.6131634610921856 0.6246724296741701 
0.6169953284210267 0.6199512302427199 
0.6206645296167947 0.61541074546394 
0.6242335605741972 0.6109282114672238 
0.6281276769513231 0.6060097898635679 
0.6314913129761908 0.6018446593373459 
0.6351895224679335 0.5970973454792023 
0.638902093169825 0.5925579768203735 
0.6424629027138756 0.5879172460545655 
0.6458797068842844 0.583411392726716 
0.6495283473328918 0.5787311339501982 
0.6502161965145301 0.5777493340235322 
0.7002305390192154 0.5102230046268422 
0.7007263350586359 0.5097230000493186 
0.7039515624581183 0.5051030896966423 
0.7074367670167137 0.5002247575713479 
0.7103890169724528 0.49593052615692845 
0.7136916640299421 0.4913237994989015 
0.716979546175315 0.4866877457946419 
0.7199571999097152 0.4825353758005966 
0.7232396080999286 0.47755634763168275 
0.7265059470812205 0.47320077308456965 
0.7298178544140321 0.46851734519064747 
0.7329997950426851 0.46403980247896537 
0.7357560216654209 0.4594777363109128 
0.7388343851946676 0.4548669860373624 
0.7419610371360554 0.45024812979082607 
0.74503528658455 0.44581659784521854 
0.7482998936117197 0.4412414501893338 
0.7502571621856501 0.4377598247242004 
0.8017285472004703 0.3616732922891056 
0.8026549155672936 0.35712157041412396 
0.8069272696403214 0.3526822162548623 
0.8084166929291052 0.34792445020965224 
0.8122852838421414 0.3440554366465586 
0.8141279399784813 0.33917351186736155 
0.8166051486070383 0.3348137181032017 
0.8193745299709286 0.3304233878656023 
0.8215533312822882 0.32625337558149103 
0.8245500641227992 0.3219456496160842 
0.827101260111302 0.3176749223990517 
0.8295226869991689 0.31356800597884915 
0.8321995776908683 0.30907544731938286 
0.8348094376744605 0.30481889548579866 
0.8374603997668829 0.3006373440826987 
0.8400493855778203 0.2964153855362939 
0.8424592498621788 0.29199174699940644 
0.846087052357691 0.28791967244684613 
0.8482923212052093 0.28398152216719796 
0.8497332185788434 0.2794140192199197 
0.8503930115662376 0.2780295655673547 
0.9016859738671757 0.1899259528190277 
0.903626310174768 0.18600361629130346 
0.9059161188133233 0.18197966475276395 
0.9074923571098049 0.17817916371795706 
0.9103147354704731 0.17436122628781192 
0.9116263120809541 0.17035251937881224 
0.9142205356577131 0.16625361706561548 
0.9163636205778615 0.16253612807962192 
0.9203531200629781 0.15901843424160622 
0.9207000384008508 0.1548971877308567 
0.9234218199404363 0.15121682421923888 
0.9245472673231403 0.14708630855555693 
0.926520233127072 0.1433381097581229 
0.9285080491838306 0.13952055696911614 
0.9305989082707419 0.13568460020830442 
0.9322142044822762 0.13224055928817724 
0.936552768884667 0.12442090016393703 
0.9387466143727858 0.1207768934803165 
0.9424847913071609 0.1131773906413055 
0.9444471702667516 0.1096204348492964 
0.9468648822139062 0.10585446288854494 
0.9491348619972252 0.1022254819920374 
0.9502537636324253 0.09845768712390768 
0.9504204705931291 0.09793176542227688 
