4.6590668784390736E-4 0.5001082671945225 0.5000225756817652 0.5000092272855139 0.5001721353854529 0.4999518437339377 0.4998786284133826 0.4999880491587237 0.4997502351189258 0.4999949827628561 0.49995109332009496 0.5000210284075367 0.5000217370002421 0.4999706555676687 0.49988986556036635 0.4999286496017182 0.4998662584881909 0.49991805910260817 0.4999860500926282 0.49999560971704954 0.49974226494299295 0.500068190941897 0.49992926106301144 0.5000066948845285 0.5000747375464925 0.5000900803217326 0.5000549267401264 0.49982871839138004 0.49985427639817315 0.5000991886420559 
0.004282257411222186 0.5001053822393702 0.5000229533594871 0.49996847554867324 0.5001354957607668 0.49995205314386865 0.49989656778873154 0.4999924925955718 0.4998072023394783 0.5000168996210003 0.49993593908487866 0.49995350078736417 0.5000315255403615 0.4999035029915984 0.49989140928539294 0.49993147780045555 0.4998675191821406 0.4999181540125368 0.499984666022023 0.4999885018327836 0.49974191554632563 0.4999705965051034 0.4999505712332762 0.5000066332494297 0.49997824588385587 0.5000427346832647 0.5000548914473826 0.4998393626220992 0.4998399765790292 0.5001009140825602 
0.011059821445094226 0.5001053822393702 0.5000243930839001 0.49996908082538827 0.5001354957607668 0.49995205314386865 0.49989656778873154 0.4999924925955718 0.4998052986668738 0.5000169125348438 0.49993593908487866 0.4999533973778545 0.5000315255403615 0.49990526122990214 0.4998914518704096 0.4999314854365824 0.4998675191821406 0.4999181540125368 0.499984666022023 0.4999895378628566 0.49974191554632563 0.4999705965051034 0.4999503795988373 0.5000066332494297 0.49997824588385587 0.5000427346832647 0.5000548914473826 0.4998393626220992 0.4998399765790292 0.5001009351705827 
0.017511028606463534 0.5002039912169594 0.5000253608374756 0.5001562761094791 0.5001966036789325 0.49995152505115215 0.4998786134795341 0.49999131196213675 0.49980537744835657 0.5000058300681202 0.49991082472224724 0.5000207539442346 0.5000317427496148 0.49990003992642745 0.49988910831719946 0.4999286478780727 0.49986725595387466 0.4999179520661151 0.4999828748070286 0.5000200032078589 0.4997439470427087 0.5000502593180546 0.4999300422753416 0.5000066942655601 0.5000618248266915 0.5000900859938089 0.5000541338410963 0.4998429678750587 0.4998537554816242 0.5000991829688731 
0.021499286677443878 0.49990553891867934 0.4999772170262156 0.4999832535853377 0.5001385278316699 0.4999562817671484 0.4998783387609596 0.49998028774017295 0.49984732059140796 0.5000162586584271 0.499933101319561 0.4999469871636285 0.5000318223971495 0.4999605600558765 0.499953723519782 0.49990525069430414 0.4999133051686888 0.4999180410316189 0.5000060314504844 0.4999882314965464 0.49973872313898865 0.4999803562955716 0.4999541447156981 0.4999990735201877 0.5001019315440314 0.5000412103228876 0.5000508001102162 0.4998414865340599 0.4998343453643223 0.5001226975783098 
0.024478167908127686 0.5001082677907944 0.5000225743289611 0.5000061433652594 0.5001379174343288 0.4999453582114993 0.49987741225727217 0.4999907760711414 0.49980934967325225 0.5000136002724401 0.4999511296613272 0.49994733926383206 0.5000215582904948 0.4999605952811579 0.4998893329530953 0.4999286765575622 0.4999117574196527 0.4999180589729672 0.4999839594138144 0.4999883880705972 0.49974225814185114 0.5000384438257864 0.49994860405403213 0.4999947253540657 0.5000746001431201 0.5000901646095751 0.5001351621216039 0.4998276707621644 0.49985419368318196 0.5001182957375557 
0.028334920810176432 0.5001012905235382 0.5000332458623754 0.49997198197089576 0.5001211097338033 0.4999522149537246 0.49987907360292766 0.49998528538117587 0.49980538748307574 0.5000163852207469 0.4999350722979915 0.5000405051210126 0.5000316482559318 0.49990309917814424 0.4999549601108555 0.4999314861242289 0.4998657489927299 0.49991808285824557 0.4999912699491581 0.49998841099956065 0.49974188103943884 0.49996938269025953 0.49995401064236106 0.49999970333922633 0.5000981997002825 0.5000422175581474 0.5001409693281496 0.4998414728381691 0.49989866302594843 0.5000999693001036 
0.03206908066014327 0.5001053825138777 0.49994616440083656 0.5001794027508539 0.5001351903101257 0.4999453582114993 0.49987900670523405 0.4999910373852522 0.4998104047492449 0.5000595985239303 0.4999359306047122 0.4999473829677013 0.5000315179521091 0.4999593558323595 0.4998893329530953 0.49992864963876554 0.4998584099504329 0.4999181340810495 0.49998468488247505 0.5000167964178605 0.49974277750756735 0.5000411567773793 0.49994674504867276 0.49999466099974516 0.5001043258967304 0.5000424511256167 0.5000588444928097 0.4998276707621644 0.49985804361072556 0.5001182668279849 
0.038883449496148303 0.499873223782032 0.5000334362282978 0.4999684986112632 0.5001968938701951 0.4999517797837493 0.4998693821274296 0.49997539006410696 0.49973137364888787 0.4999921523985785 0.49993641975044806 0.5000316265896867 0.5000315796905894 0.49990309917814424 0.4998704754257853 0.49993232981234503 0.49986745447147574 0.49991710935236217 0.5000106920902055 0.5000166321056191 0.4997387229464743 0.500051291256693 0.49994817764089344 0.4999996956613323 0.5000982517100636 0.5000421496032834 0.5000593935104097 0.4998385673417801 0.49984006741275017 0.5000992764961094 
0.0423408613706292 0.49988208105621423 0.5000225415768923 0.4999690821028983 0.5001966561870405 0.499950928420174 0.4998977051733622 0.4999458958962578 0.4997268179530921 0.4999917275204222 0.49993605928149965 0.5000210153343208 0.500031168954901 0.4999030967820376 0.4998915498430544 0.49992990806761844 0.49992103878199035 0.49991728068449715 0.4999829347219212 0.5002877300872589 0.49974194601879124 0.49996483978958767 0.5000508420599523 0.5000066087233966 0.5000757053913217 0.5000903582286015 0.5000547987392853 0.49983834176637765 0.49986398580530805 0.5000400704574164 
0.04893883695724609 0.5002065195663332 0.5000217395185265 0.5000101593265613 0.5001968806255983 0.49994611326048666 0.4998775679281143 0.49997465812580705 0.4997240526959053 0.5000611392347247 0.49993614077457754 0.4999615290155955 0.5000262616803265 0.4999032005474488 0.4998636504986107 0.49989439547864056 0.499919501199988 0.49991812118270196 0.49998494470534993 0.5000236401263206 0.49974279633908947 0.49994042015959606 0.500065654000936 0.4999952783786182 0.49964472110098435 0.5000744339976081 0.500054223584086 0.4996570157872299 0.499832387969739 0.5001198480729847 
0.10000784296945715 0.500105379272743 0.5000312546378155 0.49997270193821736 0.5001356041343209 0.49994503809186197 0.4998961695486268 0.49999248530695395 0.49980530912651655 0.5000059223757036 0.4999523425392417 0.5000264166184699 0.5000260310762493 0.4999654068984589 0.4998706453818934 0.4999314736603604 0.4998665036524138 0.4999182270420518 0.4999847782693563 0.500017754244602 0.4997418518267394 0.5000744115343121 0.4999566416349773 0.5000006204495149 0.5000724900388916 0.500040195650092 0.500054974825438 0.49984306349979857 0.49985379340669067 0.5000994966532157 
0.10698854824133344 0.5001052512272597 0.4999367307082157 0.4999790309861122 0.5001723418679422 0.49994516194248045 0.49986955947208894 0.49998538112348334 0.49980531765904723 0.5000164109479523 0.49991284951354037 0.500040436477772 0.5000261623556915 0.499903409195589 0.49987046697189014 0.49992863408102145 0.49986574663334427 0.4999238168433864 0.5000756842637027 0.4999884705666868 0.49971499441037204 0.5000434821796887 0.5000473979669847 0.49999940267489845 0.500093923345561 0.5000626492962725 0.5001410526288539 0.4998413187980292 0.49990246582650033 0.5001008160035384 
0.11525907689125449 0.49990237952643357 0.4999875906061304 0.4999726745364293 0.5001416857589954 0.49995383366922247 0.4998929890575014 0.4999689720769393 0.4999409431052814 0.5000068280557087 0.49995134080542947 0.49996065131397016 0.5000316881480286 0.4999597602757892 0.49996813708045107 0.4999314892174854 0.4999200771521574 0.4999278588212366 0.5000106568087213 0.5000265326066187 0.5000961703185071 0.5001070833199387 0.49995406063813397 0.4999935902540362 0.5000730498880678 0.5000405920506769 0.5000581917728006 0.49983546330277073 0.4998349895027808 0.5001309103859177 
0.12234709586329418 0.5002027969687802 0.500034320447197 0.4999740493215543 0.5001196765553936 0.4999538021856876 0.49999961646652374 0.4999885840979045 0.5005502679602903 0.5000171000691439 0.49995123771971073 0.4999482961067527 0.500031761659065 0.4999523105379747 0.49987669155606695 0.49992717047734603 0.4998147644893919 0.49991216087278467 0.5000739351497859 0.5002652758539076 0.4997143697246376 0.4999560177360653 0.4999489562298971 0.5000152630534828 0.5001031697095055 0.500054765345692 0.5001327315802341 0.49984106568913306 0.4998326348534748 0.5001201522850247 
0.1265933367369464 0.5001006768519709 0.5000296717711517 0.4999740493215543 0.5001723375798987 0.49995402932073946 0.49999961646652374 0.4999885840979045 0.5005502679602903 0.5000171000691439 0.49995123771971073 0.4999482961067527 0.500031761659065 0.4999523105379747 0.49987669155606695 0.49992775203885204 0.49981418134891453 0.49991216087278467 0.500076867375253 0.5000260046499864 0.49971514131542855 0.49998025555356324 0.4999489562298971 0.5000152630534828 0.5001031697095055 0.500054765345692 0.5001327315802341 0.49984106568913306 0.4998536085774345 0.5000991023529361 
0.13159402950257 0.49990237952643357 0.4999886942133898 0.49997420723394637 0.5001416857589954 0.49995383366922247 0.49989494720172817 0.49996905834607064 0.4999409431052814 0.5000068280557087 0.49995134080542947 0.4999561846877718 0.5000318359915981 0.49995739467340633 0.49996213665455586 0.4999314892174854 0.4999200771521574 0.4999278588212366 0.5000106568087213 0.5000271641713538 0.5000961703185071 0.5001057787074216 0.4999541863103122 0.49999358965784174 0.5000730498880678 0.5000399868043376 0.5000581917728006 0.49983546330277073 0.4998349895027808 0.5001309103859177 
0.13536777637051495 0.4998750216215716 0.5000242510973355 0.49997590685964016 0.5001416734718828 0.49994777908338084 0.49989292363231674 0.4999657501192617 0.4998045562289133 0.5000060576256562 0.49991227760580775 0.500025532136255 0.500025706428675 0.4999642807206417 0.49995425503486746 0.4999365878818267 0.4998578047881225 0.49992787547035095 0.49998412207083237 0.5000170940283912 0.4997136478039161 0.5000365434199074 0.4999672119780675 0.49999390154542644 0.5000724311172566 0.5000544747973961 0.5000618288646584 0.4998183647843433 0.49986319264378015 0.5000930470097797 
0.13900619760248947 0.5001052603471714 0.49993670557941894 0.4999778750942317 0.5001731499243063 0.4999540635725913 0.4998838432214053 0.4999853313449175 0.49979623707335763 0.5000038053209385 0.4999494812376163 0.5000404780777445 0.5000313609600943 0.49990036182413594 0.49995183766080037 0.49989457722010633 0.4999225121498083 0.4999235999671032 0.5000773184715807 0.5000234133546477 0.4997155535741837 0.5001104212715318 0.4999499136649762 0.5000029150109104 0.5000280456840592 0.4998470642343167 0.5000521128434701 0.4998180074456893 0.49990283615375336 0.5000992669931773 
0.14325819204033863 0.5002112118506278 0.4999607770521946 0.49997282837598006 0.5001368703663222 0.49995401495692515 0.49989616320563657 0.499989329674928 0.49967557602768203 0.5000596365513631 0.49993301999561607 0.5000373388308026 0.500031809144437 0.4999285618814377 0.4998701509482978 0.4999278305519917 0.49991126699433225 0.4999182439583223 0.49998296392528097 0.5000215984911414 0.49971708423122096 0.500076842850455 0.500057895809967 0.49999644159511386 0.5000933849578856 0.5000326687323444 0.5000556006203364 0.49982156776507514 0.4998536551897241 0.5001191276136788 
0.1477033376855386 0.500106505941563 0.4999322597373475 0.5002124050225961 0.5001448049871253 0.4999471708119211 0.49994664078553097 0.4999844351924782 0.49995807509397533 0.50000384839481 0.49991193011134416 0.5000454743540121 0.5000332957589788 0.49990153903875456 0.499952504722691 0.4999448679142007 0.4999251914759518 0.4999305152459856 0.5000073559764285 0.5000172841271664 0.4997168876175595 0.5000433000082241 0.5000481405512037 0.500011845686691 0.5000196984344065 0.50005225285858 0.5000492458353264 0.49984464935085887 0.49985422212082325 0.5000994963750185 
0.20000834112821714 0.5001080538994722 0.49996164197581444 0.49995440080805464 0.5001424175910101 0.4999539688174776 0.4998922787834921 0.49994411698098495 0.4999332736024064 0.49999228079385793 0.49988652833596997 0.5000390251560777 0.5000313402718248 0.49992888203954855 0.49995562792355985 0.49994925352903086 0.499911307212604 0.4999181049275261 0.5000080483755229 0.4999939034960378 0.499744209082397 0.49997978084184547 0.49994949714974113 0.5000031999940601 0.5000905291559311 0.5000795898483952 0.5000520274707625 0.5001050590185152 0.49989221810028794 0.500101397242916 
0.20318902611442424 0.5001233909225005 0.5001517390325906 0.5002098782380514 0.5002129147846865 0.49995462104276267 0.49989290983847057 0.4999839811360085 0.4999307668982877 0.4999801559778714 0.4999371054539424 0.4999734128456268 0.5000314409181362 0.4999559941958265 0.4999870952781402 0.49989469893501615 0.49985415956144175 0.49992402071937836 0.5000168928960835 0.49999249553471403 0.4998187402915882 0.5001113710908582 0.4999431233469152 0.4999993144650158 0.5000185862225173 0.5000792731274212 0.5000741573791015 0.5001014461340788 0.4998954115865525 0.500094718520901 
0.2068075474372926 0.5001113946649365 0.499972613159521 0.5000114923374126 0.5001085890171961 0.49994458003074116 0.49989164729508906 0.49996924708520224 0.4999109587040111 0.4999977143554454 0.4999326170907163 0.5000583611663222 0.5000326400021214 0.4999598402061988 0.499965316993996 0.49987039798895233 0.5004923824658524 0.49993411937156035 0.4999839499234935 0.4999921600218773 0.49971324796328437 0.4999766383562466 0.49996860988832376 0.5000070573546962 0.5001885091313826 0.5000757300821216 0.5000513941795314 0.4998372714249261 0.49985493674006287 0.5000956069191466 
0.21637108506574465 0.5001037671695094 0.49999891166767607 0.5000120589886168 0.5001084762741027 0.4999548748843974 0.4998916461759677 0.4999444702590955 0.5001237514163304 0.5000195741626314 0.49993723827882747 0.49995165765702376 0.500034641202144 0.49990765291457906 0.4999650641413878 0.4998953148416798 0.4999000858682892 0.4999341358020323 0.5000816105560506 0.5000080689361207 0.49971662793337607 0.5001148764500467 0.4999551989830685 0.5000822152476124 0.49987378103023206 0.5000757508540169 0.5000519711421709 0.49983730318529973 0.49985506672042007 0.5000967312008252 
0.21981849533428874 0.500136101119346 0.5001496359990075 0.5000153166086383 0.5001090448100787 0.4999558597451861 0.49988266572137613 0.5000028454822547 0.49994511165233063 0.49998188889437667 0.49993294362716784 0.4999516461524977 0.5000312596188161 0.49986739551373455 0.49996577968905986 0.4999337763554073 0.49992136510671253 0.4999169420603905 0.5000066904626169 0.4999943093271875 0.49971289791924095 0.4999807470804839 0.5000864848953235 0.500011288214725 0.500117915641734 0.5000859982036949 0.500052801601102 0.49983867205372867 0.4998549563687201 0.5001059650624191 
0.2250340947421175 0.5001346780215981 0.4999911311143292 0.49993524699926095 0.5001078253546831 0.49995407494749394 0.4998933169401754 0.4999687137030436 0.4999397165791319 0.49999845057849385 0.49993821147152717 0.500028914140513 0.5000313361529573 0.4999490252471927 0.4998886003249303 0.4998906921963893 0.49991148089006754 0.49993108502795097 0.5000095846779818 0.49999228564466297 0.49971324796328437 0.49998070899160757 0.49996303100899314 0.500007060739521 0.5001885091313826 0.5000796200114772 0.5000603934455494 0.5000936284579885 0.49989226626596556 0.5000970971942746 
0.23325522706835708 0.49986088036704535 0.4998786670802364 0.49997164406770217 0.5001108804639155 0.4999438701007175 0.4998929515905769 0.49998023883619946 0.4997427945345632 0.49999920589261854 0.49995317939347156 0.499955111322785 0.5000324681831693 0.49986763784937915 0.4998729767500492 0.4998726259936185 0.499892838337654 0.4999117297026121 0.49998232371265827 0.49998196773302134 0.4997451602457048 0.49997730587187045 0.4999587062814991 0.5000867750151871 0.5001763886675857 0.49986132828172625 0.50005902752641 0.4998354882485442 0.4998541052219377 0.5000928241891072 
0.23779181333963256 0.5001061602583237 0.4999049200770548 0.500004080743309 0.5001416751855065 0.49994500169992095 0.4998825284199944 0.49996909226260755 0.4999369388404989 0.5000026439386519 0.4998673122740046 0.5000404881271864 0.5000313551544644 0.4999651436375026 0.4999554745856167 0.49992931295477117 0.49991171422705744 0.49992440133083144 0.5000170669294164 0.4999931118991895 0.4997134379712697 0.499979514555399 0.4999562280366312 0.500012991199536 0.5001770989402988 0.5000796292156048 0.5000536746113735 0.5001114780759401 0.4998925777700212 0.5000918967398292 
0.2469414971334662 0.5001068370010602 0.5001506136018771 0.5000124843756488 0.5001083378376018 0.49994500129820413 0.4998811018445348 0.49994447150584226 0.49993056901953337 0.5000192859040484 0.49993700249333634 0.49997650733231647 0.500034601105087 0.4999653708502012 0.49996541605596145 0.4998956627383286 0.49986959806532244 0.4999244026166336 0.5000170671157951 0.49999246918674994 0.4998193598603741 0.499977608817142 0.4999436823671938 0.5001049124619327 0.500105828338022 0.5000781321359553 0.5000560015038904 0.4998388122705297 0.4998551561873585 0.5000308142618194 
0.30004337091501254 0.49993095619006966 0.4999607939512642 0.4999802687875893 0.5001439426916873 0.49995461739833064 0.49987965729342937 0.49994447150584226 0.5001482378547905 0.49998349576310697 0.49993716855560766 0.49997475189348 0.5000346078561551 0.49994829636323534 0.49996541605596145 0.49989470961365085 0.49986959806532244 0.4999239303524363 0.4999824848178603 0.4999869204027004 0.4998228085536056 0.4999715800868667 0.49994366394421497 0.5000028979642295 0.5001030138921027 0.5000781321359553 0.5000604742664922 0.4998388122705297 0.49985470044960584 0.5000308142618194 
0.3050093015481501 0.49989089912982604 0.49997327888042364 0.499981038566911 0.5001439471712713 0.4999543557915234 0.49988096861596015 0.4999801939817227 0.5001348152398843 0.4999831195378026 0.49993737566701074 0.49997476321588147 0.5000345122556294 0.4999482998800678 0.49983879114436025 0.49989471057894114 0.49986537335236203 0.49992423039792017 0.49998223912249373 0.49998691538261675 0.4998152970580245 0.49997158468049874 0.5000624673871918 0.5000030464916833 0.5001025241876248 0.5000779856800863 0.49996311162603024 0.49984137850057925 0.4998548892607608 0.5001005410066028 
0.3092409147807122 0.49992985109583543 0.4999604771904178 0.5002052010588263 0.5001407959428954 0.49995099455054703 0.4998995821528697 0.49994371111931746 0.49987928585805413 0.49999864617995277 0.49995776255623015 0.4999685769728149 0.5000314440944482 0.4998706712969761 0.499957732450018 0.4998945387548247 0.4999139005249245 0.4999271768027743 0.49998252100432666 0.5002812314665936 0.49973493319746887 0.49997876657434187 0.5001464853233198 0.5000046891507037 0.50020566171077 0.5000895952999216 0.5000362905562927 0.499842102590874 0.49985495751821446 0.5000957872772649 
0.3135603603444027 0.49991131095846314 0.4999871230343047 0.49997123750702754 0.5001361699884351 0.4999517866164656 0.4998793425861696 0.49994514247934285 0.4998325412821185 0.5000170891053412 0.4999576828394555 0.4999685399163144 0.5000336075146978 0.4999499901674774 0.4998490908235935 0.49993216733410867 0.4999176232262466 0.4999294248340041 0.49998351539080466 0.5002635542769354 0.49974186781158897 0.49997855389252827 0.499967319699642 0.5000047147199023 0.5000593269606033 0.5000358786151727 0.5000376578887972 0.4998355383819076 0.4998610849109919 0.5000994946060836 
0.31821647948939563 0.4999297970641279 0.4999701292442248 0.49997692264316274 0.5001336681448822 0.4999545344386576 0.49987881071691326 0.4999452074566293 0.5001545190438449 0.4999842704193334 0.4999526639209238 0.5001065753776874 0.5000334872277475 0.49996376896605127 0.4999623659216953 0.49989470961154847 0.4998695980695069 0.49991025601522737 0.5000050522761632 0.499986822026014 0.4998235390274172 0.4999715919129717 0.49994431228628394 0.5000031577400927 0.5001071496299615 0.5000392132308753 0.5000609125008859 0.4998389199091622 0.4998631404813815 0.500094145293437 
0.32241436997835987 0.4998832809074807 0.49998376598101985 0.5000195671993577 0.5001440470924604 0.49995099061970183 0.49988083694278723 0.49998063786336505 0.49971256638888284 0.49998136821610184 0.49995220153908987 0.49996615028563907 0.5000310732678248 0.49994804862532227 0.499838603913684 0.49989470706891553 0.49986745728164483 0.49992391901897765 0.4999981598588676 0.49997786025234425 0.4998211582227124 0.4999691189304973 0.4999436515793495 0.5000028998663492 0.5000579936794238 0.5000508290066968 0.5000649204557198 0.49983912708878186 0.49985488882117285 0.5001001507045812 
0.3274373466816823 0.5001621079761776 0.4999602107606865 0.5000371788869372 0.5001427596609159 0.49995094982647087 0.4998809716077794 0.49994234059068593 0.500134044484829 0.4999982243526436 0.49995776255623015 0.49996727682084324 0.5000346428844656 0.4998706712969761 0.4999549694977381 0.4998945387548247 0.4999139005249245 0.4999271009666136 0.49998252100432666 0.5002631278268436 0.49973492073076686 0.4999723008055089 0.4999369113486508 0.5000030184224227 0.5002189596910276 0.5000896705001225 0.49996059763038764 0.4998420999649396 0.49986054521857015 0.5001005438405708 
0.33149394691159373 0.49987508109528994 0.499988494856155 0.49999376010230545 0.5001350627597843 0.4999510191387171 0.4998805017212141 0.4999475617770533 0.49971467580396545 0.4999967325654474 0.4999375322989954 0.4999473224641703 0.5000347869200495 0.4999494774079455 0.49985097740408746 0.4999322460682276 0.49991337760809634 0.4999289674015554 0.4999972148023864 0.49997974507253645 0.5001258260031812 0.4999785740038151 0.49996720700399855 0.5000049490139507 0.500053917474489 0.5000336769575664 0.5000656472048679 0.49983882927915074 0.4998580792594846 0.5001003817583807 
0.3364562138455252 0.49987508109528994 0.499988494856155 0.49999376010230545 0.5001356868313034 0.4999517024707407 0.4998995658352943 0.4999475617770533 0.4998688835816318 0.49999141116487145 0.4999375322989954 0.4999473224641703 0.500034539499459 0.4999495904720651 0.4998512217870703 0.4999322460682276 0.49991337760809634 0.4999289674015554 0.4999972148023864 0.49997974507253645 0.5001258260031812 0.4999785496912383 0.499966888678246 0.5000049490139507 0.500053917474489 0.5000336769575664 0.5000390803992636 0.4998388495392043 0.49985802522566863 0.5000934457923315 
0.34045731965714804 0.4999296714072964 0.4999958609068383 0.500179271968523 0.5001338252248636 0.4999509491751276 0.49987932811463115 0.4999411614525323 0.4998799397380771 0.5000170891053412 0.4999576619080674 0.49996770917317296 0.5000314436759478 0.49995004483553773 0.49983425058375003 0.4999257963818635 0.4998512467665981 0.49992945907527764 0.4999824510570386 0.5002830905328417 0.4998236242140997 0.4999768727970431 0.49994585822934023 0.5000044817353148 0.5002055666303836 0.5000903323665257 0.5000322272761529 0.4998424770395671 0.4998547442440674 0.5000958045002705 
0.34468463508647024 0.4998964563272961 0.49997616903268133 0.49998111506038345 0.5001355597134599 0.49994973097909634 0.4998815826277349 0.49994724004034635 0.4998484658935034 0.4999845739850844 0.4999099390968526 0.49997241498608935 0.5000337869621014 0.4999625629974735 0.49996179236351973 0.4999324694188669 0.4999217361087113 0.49990811074003827 0.5000021694943935 0.49998681563651737 0.5001294189340946 0.4999774255193841 0.4999670144832783 0.5000029731953554 0.5001999916403395 0.5000930198301958 0.5000513576962572 0.4998388495440129 0.4998551535102889 0.5000341675853114 
0.34966812406669856 0.49989342270887877 0.5000148297492449 0.4999801045445307 0.5001353506825255 0.4999489346950797 0.4998993209586474 0.4999458960648582 0.4998863352249636 0.5000161569002044 0.4999367577520409 0.4999674129503714 0.5000345053244225 0.49994803943089955 0.4999599637341642 0.49993804038863376 0.49986926618551375 0.4999233217275369 0.5000021632569142 0.49998040665861976 0.49982367639836045 0.49996503705975476 0.4999432493461161 0.5000029827048581 0.5000675637895975 0.5000929656886084 0.5000661739113988 0.4998388025384201 0.4998548604745117 0.5000957885748404 
0.4000186163292181 0.5001058801701074 0.499975599531846 0.49997771531163016 0.5001448802169012 0.4999473396014459 0.4998999841335947 0.4999926841270977 0.49993465029406503 0.4999901795077486 0.49995777671829594 0.5000398608451737 0.500033762902792 0.4999625365348043 0.4999619500367257 0.4999449657578677 0.4999103323797371 0.4999305146872557 0.4999967554870422 0.5000185748909178 0.5001193202143249 0.49997781001035524 0.4999654521502226 0.5000035666237111 0.5000502735733472 0.5000520613161433 0.5000391055935535 0.4998388490788696 0.49985403619925933 0.5000994019882055 
0.40314539857473053 0.49988951771374707 0.49997592919203304 0.49998006186969973 0.50013532745254 0.49994891299950084 0.4998998447577546 0.49996543894168416 0.49985263070266694 0.5000161863208146 0.49995777671829594 0.4999477666558493 0.5000345047051757 0.4999625630921314 0.4999617018580789 0.49993245710613776 0.4999123486970685 0.49992893312162245 0.5000018953035973 0.4999844508471621 0.5001196630022104 0.4999784033906447 0.4999669074978321 0.4999937516795837 0.5000500038547688 0.5000936467890938 0.5000662734432681 0.49983880286711413 0.4998548601964511 0.5000995403453108 
0.4076837041428839 0.4998964563272961 0.49997616903268133 0.49998108000257224 0.5001355597134599 0.4999496591118333 0.4998815826277349 0.49994743998916935 0.4998484658935034 0.49996504360747257 0.4999093254000804 0.49997241498608935 0.5000337390374305 0.4999625629974735 0.49996179236351973 0.4999324694188669 0.4999104890984213 0.4999289599430381 0.5000021694943935 0.499984321307019 0.5001294189340946 0.4999774255193841 0.4999670531223761 0.5000029348280322 0.5001999916403395 0.5000936467890938 0.5000512236373615 0.4998388490788696 0.4998549109254168 0.5000999162722901 
0.411792984591323 0.49989126191855265 0.4999862726351157 0.4999825689137582 0.5001370165926113 0.4999486814060901 0.4998800902460611 0.49996832982921185 0.4998483316310107 0.49999309924286256 0.4999135925594251 0.4999473297201613 0.5000236395115594 0.4999625622737435 0.49983719508028124 0.4999325773562313 0.49981925105900976 0.49992383930248885 0.5000015288397016 0.4999842233535891 0.5001031371960879 0.499967414076748 0.4999463139182138 0.5000094124533071 0.4999774078168443 0.5000384441069419 0.5000662116580825 0.4998388556518825 0.49985476333215695 0.5000922425267852 
0.414917100740953 0.49988957302588694 0.4999723122265727 0.49997618724592047 0.5001327291893245 0.4999545451672012 0.4998991032007577 0.4999924107200611 0.4999415578203906 0.4999901764380655 0.49995724022747917 0.49994712280730114 0.5000237637511785 0.4999629360120807 0.4999621916994403 0.4999312145924482 0.49991042613312775 0.49993024527054 0.500010347216733 0.4999873383630673 0.5000654451641647 0.4999772916722295 0.4999667932062579 0.5000038229018946 0.5000709507276775 0.5000928363336339 0.5000362124176184 0.4998415221044595 0.49985786083035766 0.5000994190831445 
0.4204072854467458 0.4998894900221417 0.49997510622032154 0.49998030914365704 0.500135629381922 0.4999496591118333 0.4998815826277349 0.49995081409772046 0.49985373977942454 0.49996504360747257 0.49996022464363826 0.49997241498608935 0.5000337390374305 0.4999625629974735 0.49996179236351973 0.4999324691446039 0.49991421510148176 0.4999289598624574 0.49999676622251776 0.499984321307019 0.5001292631743055 0.49997742718504523 0.49996705341617986 0.5000029348280322 0.5001999916403395 0.5000936467890938 0.5000512236373615 0.4998388490788696 0.49985510118223464 0.5000999162722901 
0.42525807242569136 0.499867793264167 0.4999863126790644 0.49997770419814347 0.5001355631717764 0.4999489241723353 0.4999228127415956 0.4999513385219925 0.4999363364119966 0.4999901795077486 0.49995777671829594 0.4999473018340445 0.500033762978809 0.49996256317629134 0.4999589662631271 0.49996305977295064 0.49993904982785875 0.4999289745367623 0.49999659595112106 0.4999844502379871 0.5000931856900284 0.4999791328717934 0.4999670693096397 0.5000035397905134 0.5000500038547688 0.5000937790394461 0.5000346125764207 0.4998388490788696 0.4998579349083581 0.5001069291199818 
0.4296509292350493 0.4998909607509984 0.49997551875094126 0.49997754431591285 0.5001442332567857 0.49995804892245027 0.4998990758923547 0.49996822312676964 0.5001278436801134 0.49999340237633194 0.4999512218883869 0.49994013035095264 0.5000338236405781 0.49996256448809195 0.49996200482492964 0.49993246344011943 0.499919118837829 0.49993458297438487 0.49999680059235047 0.49998244079439197 0.5001182694716232 0.499981189364758 0.49994518316412123 0.5000038128353318 0.500050058800388 0.5000928182390277 0.5000583173638392 0.4998421278125767 0.49985507523847283 0.5000991794714371 
0.43384339365968977 0.4998897186975883 0.4999864442357667 0.4999840797835586 0.5001340820689643 0.4999496257427008 0.4998999871354334 0.49996848757943096 0.4998484656208624 0.4999909617700486 0.4999575699533063 0.49994727625202207 0.5000338080742938 0.49996258767706153 0.4999663833075921 0.49993428942829266 0.49991048382486075 0.49992397456902743 0.499997241134989 0.49998437460701667 0.5001288771472056 0.49997753234812514 0.4999671765504402 0.5000029345051532 0.5000767665700757 0.5000370723972956 0.5000376533536514 0.4998388397987614 0.4998548087269725 0.5000980026478323 
0.4382716762939015 0.49989103094583504 0.4999726990543727 0.49997754431591285 0.5001335333948644 0.49995441444919525 0.49989907196134514 0.4999901466043843 0.49992964455711225 0.4999934811968419 0.4999577709497678 0.4999566279807817 0.500023543791793 0.4999629471105046 0.49996218893814554 0.49993246069592623 0.49992082178614516 0.49992760542582526 0.4999968865762705 0.4999833056087232 0.5001224748947185 0.4999784350597175 0.4999457779310477 0.5000039213669203 0.5000518490379349 0.5000401486463155 0.5000558936886027 0.49984151101008323 0.4998549099616887 0.5000925614164704 
0.44234884565969507 0.4998895903699516 0.499973058102281 0.4999825689137582 0.5001371736893717 0.4999489180365958 0.4998996723719715 0.4999668622861261 0.4998498726739482 0.5000079355909997 0.49995910995935827 0.4999472948184612 0.5000339267468232 0.49996255466828987 0.4999588431926156 0.49993219134121425 0.49981713893095836 0.499923877987278 0.4999967995315431 0.4999844636996322 0.5001197621159995 0.4999775420693626 0.49994601956853363 0.5000094124533071 0.5000500025937626 0.5000910261973336 0.5000382173118583 0.4998388844773915 0.4998548611683754 0.5001065963865173 
0.44614130414273306 0.49989636746091354 0.49998696886086447 0.4999825509175868 0.5001370165926113 0.4999486814060901 0.4998800902460611 0.49999307903341095 0.49987359520452956 0.49999309924286256 0.49991417612185796 0.4999473297201613 0.5000313238292667 0.4999634767383186 0.4998331149574247 0.4999325773562313 0.4998610987548233 0.49992383930248885 0.5000015288397016 0.499984062325391 0.49973070384058643 0.49997021094987537 0.4999463139182138 0.5000094124533071 0.4999774078168443 0.5000384441069419 0.5000662613087167 0.4998388556518825 0.49985476333215695 0.5000922425267852 
0.5000316911153785 0.4999012539197331 0.49997272637215473 0.499976079225918 0.5001331849413886 0.499954473558828 0.4998991032007577 0.4999910434177264 0.4999415578203906 0.49999011732102006 0.4999570414290217 0.4999566122818831 0.5000237637511785 0.4999629360120807 0.4999621839103377 0.4999312145924482 0.4999208879129592 0.49992797144296 0.5000103508767649 0.4999874660526124 0.5000798381906899 0.49997728377770306 0.49995395816284705 0.5000038115273456 0.5000709507276775 0.5000402620070085 0.5000551105794695 0.4998415114160128 0.4998635346409008 0.5000926514727194 
0.5022854955827617 0.49990126168266485 0.4999713684279712 0.49997682750791306 0.5001435777752804 0.49995448431813455 0.49989474766344116 0.4999900705159974 0.49994156137368834 0.4999900473086094 0.49995723086810706 0.4999566122818831 0.5000237637511785 0.4999629346936293 0.4999621839103377 0.49993361814182813 0.49992192817611497 0.49993024527054 0.5000103033953299 0.4999874660526124 0.500065263863608 0.49997728557759674 0.49995476689953827 0.5000038115273456 0.5000708991657431 0.500040459076211 0.5000551387486684 0.4998415114160128 0.4998629517123929 0.5000926416817936 
0.5064996300811649 0.49990240977402445 0.49997135945278437 0.49997682947480065 0.5001356017300771 0.49983970440934455 0.49989487940899924 0.4999682582838942 0.4999399361652113 0.49998800456948306 0.49995723680053966 0.49994847457091796 0.5000322699497687 0.4999632387109982 0.49996234065557815 0.4999502218758199 0.4999215094146286 0.49993047636042504 0.5000032285576296 0.5000010059942503 0.4997130153274994 0.49997450242103875 0.49995455110318837 0.5000037092886459 0.500070899173283 0.500039599855431 0.5000581896165276 0.4998421202868865 0.49986294620081234 0.5001045442488673 
0.5104880835655972 0.49990240976613426 0.49998762051805634 0.4999761696481937 0.5001359452697832 0.49983470101792676 0.49989480042744644 0.4999912674663359 0.49994117801420146 0.49999044745775145 0.49995133559165406 0.4999570763427992 0.5000322345900923 0.4999629915733091 0.499962209736582 0.4999332704945479 0.4999181534769352 0.4999271975825292 0.5000030300672323 0.5000010132846134 0.5000920983717314 0.4999692924356625 0.49995452533774165 0.5000095283196297 0.5000707375585127 0.5000398219721243 0.5000582562588765 0.49984212002493056 0.4998628805282248 0.5000926142644586 
0.5146121735672061 0.49990126163666915 0.4999730347865039 0.4999760550343882 0.5001439509448249 0.4999580620905128 0.4998991091210308 0.4999900705159974 0.49993987126237127 0.49999229499584696 0.49995764304738843 0.49996478931031196 0.5000238764177579 0.4999629648537338 0.49996218114808655 0.49993095118765374 0.49992080601196454 0.4999275763656062 0.5000099501067283 0.4999865442791519 0.5000656321520306 0.49997731198722867 0.4999541030989442 0.5000038115273456 0.5000715433949413 0.50003847345107 0.5000551108674604 0.4998415220337396 0.49985774298248564 0.5000926601277738 
0.5188781576821349 0.4999012616991091 0.4999729894490621 0.4999760746283373 0.5001439185171684 0.49995805657930004 0.49989545361313503 0.4999900705159974 0.49994098402669107 0.49999107725711067 0.49995722014717187 0.49994823462455057 0.5000237530449916 0.49996233757580527 0.49996219398207725 0.4999311835987433 0.49988201526138415 0.4999275398037304 0.5000099688327967 0.4999996334349632 0.4998302473253464 0.49997733066963385 0.4999541193446424 0.5000038115273456 0.5000712715355073 0.5000396844541023 0.5000551105794695 0.49984154378969725 0.4998575567176801 0.5000926393487074 
0.5225369686280764 0.49990126163666915 0.499972989320991 0.4999760550343882 0.5001442232163779 0.49995805655728665 0.4998986596464046 0.49999051850623955 0.49993987126237127 0.49999089581962364 0.49995723425083005 0.4999481923350024 0.5000238812538021 0.4999629648537338 0.4999621853336349 0.4999312491229496 0.49992223359300375 0.49993027287430153 0.5000099501067283 0.49999868369566414 0.5000829059399269 0.49997731198722867 0.49995420179190303 0.5000038429952491 0.5000709479262416 0.5000396070830266 0.5000551332815807 0.4998414729937071 0.4998576653115748 0.5000926416817936 
0.527211538618593 0.4999016659747503 0.4999890643282301 0.49997619009812555 0.5001354227298855 0.4999539960342416 0.4998925939130339 0.49999235291333627 0.4999409534575319 0.4999921278805933 0.49995132900753975 0.49994632342740025 0.5000317987158074 0.49996411643748184 0.49996234363461717 0.4999387296593496 0.4999219616474911 0.4999302542474952 0.5000106731391114 0.4999994041014427 0.5000717144328737 0.49997886649579554 0.4999544882646672 0.49999362565892186 0.5000708532499821 0.5000406107524707 0.5000583381475795 0.49983740115183994 0.4998630918444091 0.5000926688201945 
0.5311270463689376 0.49990132657279385 0.4999726241418372 0.49997616269578254 0.5001330887634577 0.49995376474120456 0.4998949065881065 0.4999928709501504 0.4999414963648425 0.4999909061855869 0.49995145327323626 0.49995602503055886 0.5000315929996124 0.4999639730234089 0.49996218564918926 0.49994868549344634 0.4999222087614995 0.4999302167306231 0.5000102118597192 0.49999973705204365 0.5001057048217293 0.49997756952557537 0.4999651493625435 0.49999346235624537 0.500070942376489 0.5000402433056242 0.5000581865807642 0.49983581260129284 0.49986275442989664 0.5000926540362716 
0.5354351827983614 0.499901335229726 0.49997272304585755 0.499976910784884 0.5001366988550647 0.49995829215482956 0.4998947267394129 0.4999922411733651 0.499940659885271 0.4999923259406607 0.49995131402065524 0.49995542154269973 0.500023929684101 0.4999629706015083 0.4999621931349584 0.4999335055180105 0.49992199969039236 0.49993026025365 0.5000096827169647 0.49999905285171325 0.5001057833064553 0.4999774776622074 0.49996756955666793 0.49999432117367365 0.5000708414839742 0.5000397938730149 0.5000581983041349 0.49983936389740097 0.49986294601886283 0.5000928090526173 
0.5390127941914034 0.4999023778808136 0.4999718099777047 0.4999760550343882 0.5001356664930022 0.49995793720909365 0.4998947174314889 0.4999942223384289 0.4999398008231413 0.4999920341367271 0.4999572302498083 0.49995709355339496 0.5000239754681871 0.49996292665367786 0.4999621940239922 0.49993348075385824 0.4999219042434519 0.49993046881670905 0.5000101948283724 0.49999868369566414 0.500095944725893 0.49997731198722867 0.4999545417700832 0.5000038429952491 0.5000715357196699 0.5000395934552917 0.5000580906152629 0.49984150941965144 0.49985756570178635 0.5000928023021481 
0.5432602211361472 0.4999015546945469 0.49998906787087366 0.49997616031309494 0.5001354714966234 0.4999577639689134 0.49989892925463913 0.4999686824616384 0.4999419595019478 0.4999900727463493 0.4999572272311505 0.49995657082281086 0.5000231717880433 0.4999640504398631 0.4999623412945782 0.4999304782817259 0.4999218011709054 0.4999305671651714 0.500004530559853 0.4999993901659039 0.5000842554389427 0.4999774696518705 0.4999646089168552 0.5000038116294425 0.5000708987140965 0.5000397297902069 0.500058493334088 0.4998360040289192 0.4998629647562425 0.5000926351188739 
0.5472791325870848 0.4999023960303712 0.4999873186891406 0.49997590347816 0.5001354156775712 0.49995825847556963 0.4999090662734803 0.4999924298527857 0.49994120172014567 0.4999913826973514 0.49995135456176243 0.499955794082827 0.5000317609490313 0.49996301153163675 0.4999621549318062 0.499933305755022 0.499921961577378 0.49993025224013576 0.5000112418962616 0.4999855799017177 0.5000806099237722 0.49997886686985143 0.4999673460999858 0.500003706768178 0.5000708362269933 0.5000397244656188 0.5000583400422927 0.4998420068428019 0.4998629464807543 0.50009279101425 
0.5499960663403977 0.49990242893264053 0.49997180997034246 0.4999761631042572 0.5001354700046489 0.4999538095578364 0.4998945618677455 0.4999940042715384 0.499941201898957 0.4999922609606796 0.49995135394955736 0.4999557933574015 0.5000320511861708 0.4999630129717326 0.4999621612127936 0.49993350052255264 0.49992195788766647 0.49993025523845364 0.5000031660604811 0.49999937949148365 0.5000713356488117 0.4999774707010797 0.49996777645183793 0.500003706768178 0.5000711445087447 0.5000397297964568 0.500058198196023 0.4998421413355282 0.4998629465881556 0.5000927899290138 
0.600001707629769 0.4999021208867888 0.4999874962662674 0.4999759047335236 0.5001355662549655 0.49995821979016747 0.4999095091546285 0.4999924298491664 0.4999406467214401 0.4999913939937654 0.49995136485728864 0.4999557875268784 0.5000317630600111 0.4999628556001785 0.4999617118507721 0.49993327750739536 0.49992196157710195 0.4999302552757214 0.5000098348404938 0.499985510068964 0.5000806284507409 0.49997886649579554 0.4999677868804934 0.4999941133576236 0.500070844912079 0.5000401767797829 0.500058198155788 0.4998405739971977 0.49986294658823505 0.5000925642722972 
0.601556628398713 0.49990163851965536 0.4999891574221806 0.49997276941758284 0.5001428580167401 0.4999582364435621 0.4998953156021249 0.4999923823419149 0.4999505971640977 0.49999240213439067 0.4999511209433261 0.49995568213654545 0.5000322551281059 0.4999623113738966 0.49996156132305364 0.49994663384645655 0.49992434777254646 0.49992800497284207 0.500009246009668 0.4999892932982339 0.5000758607803792 0.4999785081832312 0.49995399725088335 0.5000038622868359 0.5000731824134691 0.5000327003089662 0.5000581533212339 0.4998422009191565 0.4998629644349635 0.5000928098636379 
0.6054595368267649 0.4999023918718107 0.49998751443864364 0.4999761032191309 0.5001355353845139 0.4999582378976813 0.4998949552441294 0.4999680371195069 0.49994111596583013 0.5000053943542132 0.4999513648626276 0.4999564257513317 0.5000318074216016 0.4999630264766836 0.49996192417219626 0.49993098186988544 0.4999218105607324 0.49992901074929524 0.5000040454625101 0.49999997923253625 0.5000983174420469 0.49997759394228264 0.4999575194546962 0.49999433916155595 0.5000712814430578 0.5000405102227543 0.500058186852659 0.4998415226074917 0.49985759654550327 0.50009281570443 
0.6094851997746072 0.4999005726004613 0.49998748395590664 0.4999759058602422 0.5001355155477626 0.49995837672415805 0.4998949552441294 0.49999232346192246 0.4999406478078974 0.4999908261687323 0.49995136486259717 0.4999554723852375 0.5000317990834271 0.499962927405102 0.49996214971689124 0.4999333608503647 0.4999219647841211 0.499928978197947 0.5000097064474944 0.4999999793983356 0.5000939618513935 0.49997757320034714 0.4999575194546962 0.49999410155273477 0.5000708405037395 0.5000397204070415 0.5000583423823978 0.49983744150304515 0.49985777738036846 0.5000925725467227 
0.6128751194172756 0.4999025793116786 0.49998669155119707 0.5000220910608393 0.5001347279593198 0.499953751288165 0.4998829632588032 0.49996904455004215 0.49993005831218923 0.4999914256971775 0.4999577676649272 0.4999577681575543 0.5000315567790302 0.49996299905864083 0.49996155532111275 0.4999330435260068 0.4999202825590365 0.49992794843106864 0.5000095806346232 0.49999994430552513 0.5000799387886444 0.49994942490169386 0.5000057845285075 0.5000040163664602 0.5000712745033956 0.5000404687340356 0.5000582005103891 0.4998391376595804 0.4998628605946481 0.5000928262103603 
0.6167112868500554 0.49990286678781587 0.49997497055413526 0.49997616299531183 0.500141650318269 0.4999537224555614 0.4998945663170521 0.4999676568133937 0.4999409657256571 0.4999924077248122 0.49995116112398696 0.500022974815587 0.500031795448561 0.49996120694720925 0.49996248435091606 0.49994816566758055 0.4999243350606469 0.49993021370934176 0.5000032770956058 0.4999991536765641 0.5000800290944921 0.4999772951929039 0.49995275071936157 0.5000037055976339 0.500070964792762 0.5000404745431143 0.5000581788811413 0.4998355044556435 0.4998578661559117 0.5000931013127118 
0.6203810888054362 0.4999016616126896 0.49998392404112496 0.5000226449332961 0.5000869158721566 0.49995424697490837 0.4999101680091111 0.49996902698573376 0.49993700658903173 0.4999915386285436 0.4999511292656396 0.4999575274129656 0.5000317958487486 0.4999623912686853 0.49996155021238264 0.4999465509811998 0.4999243545344109 0.4999279338536672 0.5000092428636485 0.499999014897565 0.49985395503996966 0.499951260612077 0.4999540295291514 0.5000049215313729 0.5000733147399367 0.5000327675581986 0.5000561680018101 0.4998355021921202 0.49986841787421166 0.5000926730517573 
0.6239685712274047 0.4999028467803854 0.4999867021652458 0.5000220910608393 0.5000863913379225 0.49995376924995144 0.4998844595646707 0.49996904703022366 0.4999370042800042 0.49999153749187364 0.4999577676649272 0.4999577961344442 0.500031801981272 0.49996296012903296 0.49996155519138474 0.4999330435260068 0.4999204046911884 0.49992793370401817 0.5000092746113806 0.4999991298319827 0.5000809572947027 0.49994942490169386 0.5000054641609042 0.5000049246571723 0.5000708571488348 0.5000413167497837 0.5000581845465558 0.49983904901083676 0.4998628765640379 0.5000928080254836 
0.6278820359806052 0.4999025225643492 0.4999743807636042 0.49997616054729294 0.5001425751980209 0.49995368004856916 0.49990550825564484 0.4999677013533793 0.49993593038408995 0.4999914101476061 0.4999512853309073 0.49995655266777933 0.5000318098085046 0.499961142505465 0.4999619385112837 0.4999481819891559 0.4999219556310526 0.49992787623635115 0.5000042509154355 0.4999854124242033 0.5000760800525427 0.49997759434132316 0.49995267169292956 0.5000037795256514 0.5000708426908659 0.5000364691259376 0.5000583852991611 0.49991388068258896 0.49985766960557354 0.5000928107640407 
0.6312146806149772 0.49990575256202613 0.49997437866191163 0.4999761662518699 0.5001330661207292 0.499957713835148 0.4999117041490824 0.49996803750767516 0.4999406086214469 0.5000050909579284 0.49995136075735525 0.4999450786452781 0.5000315478342078 0.4999611098813602 0.4999619301205073 0.49994899224414174 0.4999208607629329 0.4999290066910181 0.5000101319207839 0.4999835712312006 0.5000760604239515 0.49997765636337255 0.4999542102979088 0.4999934664024914 0.5000733472196308 0.5000402284611121 0.5000563446339901 0.4998357668062491 0.4998575188928107 0.5000928104590255 
0.634941486151921 0.49990423964843234 0.4999729201891809 0.4999726263336474 0.5001414656496167 0.49995863976537747 0.49990539087429814 0.4999677106825995 0.4999410605260204 0.49999267321458646 0.49995133424305 0.4999551950628874 0.5000318125673744 0.4999641203006323 0.4999623112298646 0.49994787507779387 0.499923239264977 0.49992791369991146 0.5000098499598872 0.5000132928599558 0.5000998453309703 0.49997849227468505 0.49996503467016273 0.5000038538782297 0.5000720234598205 0.5000406165032324 0.5000582506727751 0.4999087240710252 0.4998632767697665 0.5000927235403636 
0.6385710853299638 0.49988373596622465 0.49997493103938584 0.4999759146017805 0.5001416724838356 0.4999540087381401 0.4999060086125559 0.4999676570275049 0.4999292326240058 0.5000054031656681 0.49995136449279914 0.4999556017112428 0.500031795448561 0.49996120353328805 0.49996195351394557 0.4999391474121804 0.4999218370955301 0.49992898857025586 0.5000094894347433 0.49999739001367427 0.4998418675527434 0.4999788281110686 0.49996693123495545 0.4999939244360882 0.5000712275354318 0.5000404715436633 0.5000568667690904 0.4998354619702648 0.4998576833200092 0.500093101631038 
0.6421670878900819 0.4999015613415933 0.49998747609615424 0.49997591483392234 0.5001377737129318 0.49995425404285526 0.4998958454459447 0.4999676572408032 0.4999300297791851 0.5000044493038585 0.49995111420373844 0.4999574304850552 0.500031794467707 0.49996023695755476 0.4999619395399958 0.4999382156306344 0.49992197094953494 0.49992787055621013 0.5000091819540824 0.4999977725138022 0.5001023223546297 0.4999776293180859 0.49995253072620444 0.5000010935271654 0.5000712626883589 0.5000404658273445 0.500058133619689 0.49983918040507125 0.49985793086059904 0.5000931017142395 
0.6456300948201249 0.4999039186605555 0.4999740383109306 0.4999758924709116 0.5001425326236937 0.49995429793724133 0.4999110733811685 0.49996805244694326 0.4999365184190025 0.4999923962939001 0.49995112450736856 0.5000207710215573 0.500031807857315 0.49996117144757357 0.49996194067431965 0.49994817334649416 0.499920884174923 0.49992900541366725 0.5000100981959672 0.4999999201546617 0.5000974723751271 0.49997764210342416 0.4999527439263465 0.5000009956406096 0.5000713188756859 0.5000406099577885 0.5000582780802245 0.49990898203452055 0.4998575551146059 0.5000930954433709 
0.6492594195318538 0.49990233570683035 0.499975218244466 0.49997616019850444 0.5001355486790147 0.49995364984444784 0.4998948010546488 0.49996794691187035 0.49994083553207236 0.4999926921471154 0.4999510207365811 0.49995922119820196 0.5000317782348455 0.4999627324721711 0.49996193201042355 0.4999524749659759 0.49991787397897386 0.49992891599903666 0.5000093934825177 0.4999843267136176 0.4998557828390975 0.4999925631057787 0.4999539623234768 0.5000004559045346 0.5000709987423112 0.5000406031524944 0.5000387085190952 0.4999081241004107 0.49986324069984095 0.500093143871329 
0.6499855922971374 0.4999039186605555 0.4999864889301974 0.4999761529337341 0.5001326174876337 0.49995429793724133 0.4999110733811685 0.49996792513511634 0.4999365184190025 0.5000049814824739 0.49995112450614576 0.5000223262648533 0.5000318078756354 0.4999611324234783 0.4999619409047093 0.4999479948090402 0.499920884174923 0.4999290155788795 0.5000100981959672 0.4999999201545706 0.5000796966272674 0.49997764210342416 0.49995273101266635 0.5000034620362478 0.5000713188756859 0.5000406099577885 0.5000403365248828 0.49990898203452055 0.4998630983169439 0.5000930954433709 
0.7000031393260491 0.49990264625724967 0.49998653097331913 0.4999761824496969 0.5001326693451909 0.49994781261466364 0.4999111081897461 0.49996791809970087 0.49994079475899184 0.5000047863073571 0.4999510191802738 0.5000223216653062 0.5000318072713884 0.4999611293092083 0.49996159353594255 0.49994798934035817 0.49992088942907703 0.49992793399995544 0.5000096700695229 0.5000086483338481 0.5000798982638252 0.49999290648174954 0.49996849311756064 0.5000034806842033 0.5000711696460007 0.5000402613067407 0.5000370644166291 0.4999094465679776 0.4998638190767771 0.5000931097561615 
0.7004179834579776 0.49986588469618376 0.4999738038022103 0.49997591503158717 0.5001427006712255 0.49995383524707027 0.4999107095182293 0.4999679538747028 0.49993649845753063 0.49999161524491736 0.49995142163904627 0.49995334942170244 0.5000256503801576 0.4999612779850349 0.4999616928858963 0.49993968997823124 0.499921992473761 0.4999287302460911 0.4999971948975113 0.4999860307821138 0.4998568999355469 0.49997760556185067 0.49996745968511186 0.5000029084791687 0.5000192523211235 0.5000401578290594 0.5000371790856951 0.4998406147461427 0.4998634770912682 0.5000930808940371 
0.7036812172504296 0.4998870354258802 0.4999746438629966 0.4999756712950871 0.5001425385639754 0.4999482985984936 0.499892942944292 0.4999679431767549 0.49993898735092196 0.5000041925569668 0.49995061999780427 0.500025567631565 0.5000317945917268 0.49996124837483397 0.499961938497756 0.49994792479476713 0.49992445232410604 0.49992791517313284 0.5000091576375519 0.500000104856611 0.49986538660403296 0.4999777415378535 0.4999526767294399 0.4999936714837018 0.5000714102565914 0.5000452381218695 0.5000395951017916 0.49992302856397425 0.4998631418381933 0.5000930467097962 
0.7071503673715904 0.49988746655717814 0.4999738267212233 0.4999856170433709 0.5001416724452706 0.4999472016121745 0.4998929087552565 0.4999676887941377 0.499929344859706 0.500004788995853 0.49995189935284884 0.5000257500629088 0.5000318083417218 0.4999596485400341 0.4999619244597086 0.4999396768179444 0.49992183117369116 0.49992816621057473 0.49999698273488785 0.49998057346678343 0.49984425669116206 0.4999811484621518 0.49996739446663635 0.49999336116551185 0.5000718752766358 0.5000403628656451 0.5000371148378484 0.4999136472111655 0.4998632165694558 0.5000930415121629 
0.7101481276337721 0.499889157178988 0.4999738016168326 0.4999761613308335 0.5001359436568987 0.4999543899746192 0.49991118466315265 0.49996736201645553 0.49994080653389267 0.5000030680851579 0.49993245964814964 0.5000220187588946 0.5000315087446169 0.4999611694375159 0.4999623287792049 0.4999482874369131 0.49992075960821436 0.49992902489071306 0.5000096630327776 0.49998414669621694 0.5000748065702048 0.499978082609913 0.4999674288955165 0.5000034816472192 0.5000704412386081 0.5000406975502775 0.5000389564110452 0.49990567053630786 0.4998629118182335 0.5000955408447716 
0.7134116632582038 0.49990314734580177 0.49998106677157506 0.49997630550765637 0.5001335932856777 0.4999474892608266 0.49989304482408936 0.4999679240266737 0.49994153080499015 0.5000030578041902 0.4999504881331794 0.5000224381836861 0.5000317792349368 0.49987742363348514 0.4999617007506909 0.49994741714236335 0.49992084706460876 0.4999279325603677 0.49999709516748786 0.49998096609273246 0.4998571504710721 0.4999776534367321 0.49995406247733215 0.5000039415076358 0.5000730772071932 0.5000403575387464 0.5000374283991985 0.4999066926213925 0.49986344018229256 0.5000342132986985 
0.7166724293665379 0.4998670422698482 0.4999776687739928 0.49997616351932317 0.5001330448922213 0.4999475167783693 0.49989298116665337 0.4999679285690777 0.5001128895773349 0.5000030614606532 0.49993284075567235 0.4999539620367524 0.5000317734687687 0.4999602154398357 0.4999682133129132 0.4999395685935418 0.4999190123288916 0.49992376056701815 0.5000093816433475 0.4999803747668303 0.49986095256518065 0.49997697792244733 0.4999541220462126 0.5000034702301719 0.5000188060190868 0.5000328023696952 0.5000363660932692 0.49990353538332477 0.49985486378899696 0.5000961336315293 
0.7195990423533132 0.4998877503551679 0.4999730943868812 0.4999854808456813 0.5001428730075794 0.4999536224871142 0.49989379388523875 0.4999673518527195 0.4999411718990921 0.5000031733019082 0.4999336051724848 0.5000257801083005 0.5000318087102019 0.49996019804342084 0.4999617586345908 0.49994796417255244 0.49992189802974346 0.49992877730758967 0.49999741156759714 0.4999825032379907 0.49974885354604565 0.49999313049881444 0.49996829560553463 0.5000033075911154 0.500071187670701 0.5000404548595674 0.500037954982412 0.49992296056925545 0.49986303630517986 0.5000955961178108 
0.7229813001302374 0.4999034885538789 0.4999730926431207 0.49997590080707627 0.5001415691689959 0.49994772999818066 0.4998993971050442 0.49996793950382473 0.4999410161848334 0.5000035227369719 0.4999501007625811 0.5000273924748426 0.5000354129034988 0.4999602385016267 0.4999572321395406 0.49994463127344196 0.4999244608198825 0.49992791740027537 0.49999688721903446 0.4999845192673665 0.49985795685573814 0.49997849766339497 0.49996710730611044 0.5000037190645275 0.500044391162657 0.5000447173633198 0.5000389143642039 0.4999223031806244 0.49986314950371435 0.5000930363988063 
0.7260934605472174 0.49986868578097426 0.49997432519383733 0.4999759207264529 0.5001427336874845 0.499948899737826 0.499893057563906 0.49996754161575535 0.49990148903311565 0.5000048908237761 0.499932062225705 0.4999569125468108 0.5000357429716987 0.49995960873881146 0.4999574378187926 0.4998631822005696 0.499919194975015 0.499927944706222 0.5000095768443007 0.49998526650314973 0.49983586391097734 0.5001278840845158 0.49996934387296327 0.4999935173349617 0.5000187798365046 0.5000399173802161 0.5000379931585432 0.49983732442310747 0.4998573778014154 0.5000936247709963 
0.7293496285529941 0.49986704845071733 0.4999738038022103 0.4999759208574277 0.5001427006712255 0.49995383524707027 0.4998922891277607 0.49996789562497934 0.500108728737668 0.5000035746796049 0.49993283680100653 0.49995401489375363 0.5000256503801576 0.49996033427276393 0.49996191137609547 0.4999397518920222 0.499921992473761 0.4999287302460911 0.4999971948975113 0.4999860307821138 0.49971214007826686 0.49997760556185067 0.49996745968511186 0.5000029084791687 0.5000192523211235 0.5000452724369364 0.5000371790856951 0.4998308876183861 0.4998572332591639 0.5000930808940371 
0.7324609497114786 0.5001198320478334 0.4999886296403887 0.4999760585143317 0.5001416602144443 0.4999578531786707 0.4998771303919182 0.4999678994852685 0.4999016049779136 0.5000039107623198 0.4999455019900465 0.4999540288879117 0.5000356663787112 0.49993216251906675 0.4999574995736027 0.4998638243972869 0.49991926141191173 0.49992820090399503 0.49999719242347346 0.49998610825466555 0.49971276824440547 0.49997756540218347 0.49996709896289887 0.500003329510302 0.5000445809613567 0.500093334659769 0.5000382341366894 0.49983098745260623 0.4998161068269489 0.5000910672187687 
0.7354263577221056 0.49988116936053273 0.4999734285202885 0.49997586919437553 0.5001416684512157 0.499948786082706 0.49989286545621753 0.4999676795525962 0.49993068188978235 0.5000047637018082 0.49995189935284884 0.4999573142704813 0.5000317862364241 0.4999596485400341 0.49995747594555945 0.4999410437856091 0.49991922335156597 0.49993097851101964 0.5000095471505281 0.49998057346678343 0.49984419460709595 0.5001199250368885 0.49996739446663635 0.499993192423273 0.5000217616748112 0.5000398212061523 0.5000379790814888 0.4999091464528089 0.4998345573125105 0.5000936161322539 
0.7385343754443415 0.4998811933406419 0.4999736976963016 0.49998550215061255 0.500142640711248 0.4999541811882074 0.4999112077064265 0.4999676884202216 0.49992233556092197 0.5000049759814138 0.4999516699422228 0.5000205027211222 0.5000317864879947 0.49995964662889564 0.49996191462296047 0.4999484427188618 0.4999229941299346 0.49993097715628493 0.49999709461860725 0.4999814172414468 0.4998587277284018 0.5001175471818808 0.4999686290371115 0.5000033244090574 0.5000713613187225 0.5000398216531753 0.500050831897142 0.49991290382509784 0.4998632409755267 0.5000926841403527 
0.7416573228331678 0.49988507898629275 0.49998148081705585 0.4999763140849245 0.5001423537326487 0.49994773607899734 0.4998938063319866 0.49996751422684177 0.5001137082717259 0.5000030928961187 0.49995100335044634 0.4999555092494256 0.5000354793927876 0.49995958115450656 0.49995693566766825 0.4999397029614567 0.4999194759067016 0.49992561718925654 0.49999698389247904 0.5000129445852889 0.4998610142808944 0.49997851229098034 0.4999662891606261 0.5000036281604904 0.5000687656744485 0.5000328639207479 0.5000403933184677 0.49991172154373864 0.4998548994983537 0.5000961006826139 
0.7446761380934928 0.4999099588021791 0.49997434303780147 0.4999759207264529 0.5001426962020706 0.499948899737826 0.49989307712495423 0.49996754339939303 0.4999013411932926 0.5000048908237761 0.499932062225705 0.5000246421739074 0.5000357429716987 0.49995960873881146 0.4999622986047339 0.4998631822005696 0.499919194975015 0.499927944706222 0.5000095768443007 0.49998526650314973 0.49983586391097734 0.4999754506017798 0.49996934387296327 0.49999341360907584 0.5000187798365046 0.5000399173802161 0.5000378209300418 0.49983894224012476 0.4998572325362687 0.5000936247709963 
0.7478214789874335 0.49986888982103306 0.49997314542196303 0.4999854980547031 0.500212459337957 0.49995751451670395 0.4998933690916152 0.4999711128467829 0.49991202465429807 0.5000049780709194 0.49993283464956384 0.499941901880851 0.5000351634009399 0.4999594382788509 0.49996191108514815 0.49993972667814646 0.4999189075752042 0.4999308699130159 0.4999975003493954 0.4999860721816719 0.4997219172796763 0.49997814929781487 0.49996746550508747 0.5000029110262318 0.5000194088183294 0.5000405936990823 0.5000507842397 0.4998421143109174 0.4998573762128284 0.5000325449819167 
0.7499989349841262 0.49988372906564926 0.5000058955985424 0.4999848165748585 0.5001408383819416 0.4999548109363734 0.49989378354200625 0.4999675471873241 0.4999413621939591 0.5000035538658546 0.4999574968697514 0.49995630785936457 0.5000254219309761 0.4999611442692172 0.4999618718215172 0.49994090026484905 0.49992199118079167 0.49993026181985856 0.49999704612308227 0.5000161729760283 0.49986134326874887 0.4999764282806232 0.4999690868035604 0.5000033311258717 0.5000700263610447 0.5000406556862184 0.5000370769548514 0.49991028216209454 0.4998605439131125 0.5000330466076611 
0.8000212517152805 0.5001615634762708 0.4998461467183051 0.4993796321292888 0.5000868805540791 0.4999480138304679 0.49988056972807693 0.4999640931123653 0.49990446699079155 0.5000046817690977 0.4999386719216326 0.5000299618184164 0.5000318345750855 0.5002092492836983 0.5001397493142128 0.4998879103571919 0.49972552484165794 0.49992002004975533 0.4999968055165555 0.5000085310106576 0.49970527533198555 0.4999819677635563 0.5000842214139027 0.5000047849352584 0.5001025735341073 0.5000938262374924 0.5000584125286598 0.4998795670502898 0.4997099036068935 0.5001260730027913 
0.8021264704909311 0.5001044284365445 0.49998434326634855 0.5000128233522896 0.5000834973918367 0.4999476088339299 0.4998801790190907 0.4999468563937971 0.5001423893565008 0.5000055332965186 0.499939239226206 0.5000269468741592 0.5000355551709549 0.4999293057511414 0.4999586695112138 0.5000551702157469 0.4999113649095878 0.49992284523865504 0.5000614158187375 0.4999812821663846 0.4997146539710025 0.4999825815059709 0.4999425507077228 0.5000046540805771 0.5001319074159419 0.5000365603616169 0.5000527395809662 0.49983368331913836 0.49982224859290614 0.5000993853245072 
0.8054673697130308 0.5001033504296134 0.4999821413021616 0.5000242325989084 0.5000869778755909 0.49995575123539415 0.49988226020456145 0.49996339043819576 0.5001368424263757 0.5000047599908405 0.4999577585510023 0.500030008679657 0.5000317945845405 0.49997090203503974 0.49996761384734534 0.49986625059061823 0.4999125133014184 0.4999162409200842 0.5000664135506239 0.5000016313493355 0.4997466639416977 0.49998314371534797 0.5000620320394175 0.5000047173059328 0.5007045022102921 0.5000940527631179 0.5000467212039815 0.49984143867267633 0.4998208084477305 0.5000934915501253 
0.8078578832271697 0.5001061735952957 0.49998530097994054 0.5000128636228389 0.5001429908346358 0.4999558270182532 0.4998822871046567 0.4999635734137952 0.5001283639140627 0.5000046840995334 0.49995853693927916 0.5000262516758842 0.5000325642808291 0.4999321415516348 0.49996128678176266 0.49986989772333795 0.49985767261174 0.49992828492562363 0.5000664912364257 0.5000353750220737 0.49974501038188196 0.4999768786118283 0.49994382245757396 0.5000028535717158 0.49989273512639076 0.5000404438812867 0.5000508801260798 0.4998333068947669 0.49982019822224216 0.5001228244818178 
0.8108126667054995 0.4998679711614166 0.4998206736555653 0.5000228406252216 0.5000886087215014 0.49994816708206025 0.4998815154969012 0.4999640934626815 0.499862834893131 0.5000082407168217 0.4999111741558926 0.50003259760683 0.5000321920553029 0.49993315110620296 0.5001315511831649 0.49986431063106523 0.4998512130789478 0.4999334004913663 0.4998557912330687 0.5000101409518788 0.4997053720134915 0.49996423959423275 0.499943893846987 0.5000052180492734 0.5006256428689876 0.5000363987096497 0.5000594879356705 0.49984143877476167 0.49982636678816755 0.5001018058836786 
0.8133752046201876 0.49988319895806455 0.5002219229333861 0.500026986332887 0.5001405398884662 0.4999578935696536 0.4998829454105887 0.49996922969408275 0.5001505768350754 0.5001121238500024 0.4999684531394325 0.5000318096475138 0.5000318038394929 0.49993304556027085 0.5001144314606619 0.499854637601573 0.4998585686011421 0.4999278527987198 0.49999957896687885 0.5000368252527616 0.49974533057857135 0.5001062010854243 0.5001477427119357 0.5000029172552521 0.5001206896435519 0.500093949980877 0.5000585663864825 0.49984115638200505 0.49986305087139177 0.500095083868534 
0.8159754672879873 0.4998865718368331 0.500005527616236 0.4999658692544247 0.5001376187776293 0.49995693624357307 0.49988250279509866 0.499965788882855 0.4999346669250684 0.5000095853953023 0.4999337060528787 0.5000561428008784 0.5000315586358652 0.4999001147161818 0.49996752162306485 0.4999020169179597 0.49985000552987885 0.49993058489102216 0.5000617042171351 0.5000016612486842 0.499707069943277 0.49994938932071764 0.5000807786902725 0.5000041444608145 0.49979927221213355 0.5000408600287896 0.5000574680845489 0.49983374213108184 0.49985357250588025 0.5001228449787216 
0.8186929673374793 0.5001151583510618 0.500005527616236 0.4999658692544247 0.5001376187776293 0.49995693624357307 0.49989810279364594 0.499965788882855 0.4999346669250684 0.5000095853953023 0.4999337060528787 0.5000561428008784 0.5000319328306807 0.4999001147161818 0.5001273080225055 0.49990173412957895 0.499850165350696 0.4999200005686594 0.5000896907977955 0.5000422107672519 0.49970480508073917 0.49994938932071764 0.5000845787295528 0.5000073728510652 0.4997760761317448 0.5000408600287896 0.5000574680845489 0.49983374213108184 0.4998535773820071 0.5000987964600196 
0.8210980113908268 0.49988324278341423 0.49998488433650473 0.5000243216280047 0.5000875181705368 0.4999577195318798 0.49988269926020534 0.49994884364906317 0.499905838130898 0.5000024035583223 0.4999454359021793 0.500031834447008 0.5000275678257805 0.4999508564784834 0.4999287200990195 0.49986115463849967 0.499915203291061 0.49992293025876144 0.5000032378989822 0.500001721986748 0.4997500955419652 0.5001033634121202 0.5000058324142531 0.5000047384313058 0.5000786407768691 0.5000325691290859 0.5000418265673652 0.49983395653087437 0.49986882393317184 0.5000988525887283 
0.8238596657148805 0.5001100631276361 0.4999843102747242 0.500024120007599 0.5000867992256385 0.499948093754627 0.4998975453466708 0.4999640934156904 0.49986281005408734 0.5000079471880488 0.4999451882701458 0.5000314839031507 0.5000225821051563 0.4999277968666755 0.4999532684224 0.49988333962810844 0.4997274257554726 0.4999202560992047 0.4999968849904236 0.5000099446002532 0.49970551352846715 0.5001140246094823 0.49994406280281717 0.50000430388593 0.5001329998087461 0.5000457554906879 0.5000595006756847 0.49984020797734163 0.4998327386465588 0.5000988262824777 
0.8264336914117684 0.500106079326063 0.49984462780645755 0.5000192609139655 0.5000868685713213 0.4999480112702767 0.49988093302697845 0.49996446144271145 0.4998595380585245 0.5000049881837855 0.49993302549095314 0.5000299301345005 0.5000318435596016 0.5002286770014892 0.500136365113193 0.49990340675872863 0.49991421361739863 0.4999279864162964 0.499996217339565 0.5000018044920538 0.49974606604777133 0.49998197584871407 0.4999523345205528 0.5000046783592849 0.5001031190284831 0.5000938208809488 0.5000528153864855 0.4998589067903134 0.499819588146162 0.5001259343375276 
0.8288922759277065 0.5001058109007404 0.4999852453938084 0.5000239567512835 0.5000875597935613 0.4999690997918419 0.49988231259716154 0.4999622819911922 0.4998609703482432 0.5001104094757766 0.49994606118548707 0.500031512514407 0.5000318378081072 0.4999030828205709 0.5001417341986452 0.4999365433052542 0.4998524725087594 0.49992304043996477 0.49999619758756186 0.5000016742314013 0.4997076625314461 0.499959024578373 0.5000644643790949 0.5000047072656836 0.5000811034969749 0.5000912789020664 0.5000594204343027 0.49983306130897864 0.49982032205670573 0.5001255810900801 
0.8315870720202586 0.4998795994587214 0.4999764409786114 0.4999671230674086 0.5000888880577635 0.4999576671255368 0.49988292547225466 0.49996922969408275 0.49985116861120615 0.5001115164705174 0.49997027223065327 0.5000318208940486 0.500031803848451 0.4999634697061614 0.5001178291744169 0.499854637601573 0.49985106632523046 0.49992008484052325 0.5000888794484066 0.5000016579676362 0.4997444066149654 0.4999779577803975 0.49995651468066915 0.5000072217384705 0.5001229748122228 0.5000242790052684 0.5000585902063736 0.49984126576590887 0.49982056937462443 0.5001227163147111 
0.8341628619432718 0.49989184749174526 0.4999836453751651 0.5000239806595892 0.5001438755264923 0.49994611441286246 0.4998819415321584 0.4999871323698228 0.4998641367439596 0.5000046678831049 0.5001276458228268 0.5000314793203166 0.5000229457242679 0.4999038947983875 0.49995326828145276 0.4997805788948563 0.4998512701030746 0.4999319312658549 0.5000621749465939 0.5000017128656912 0.4997435176338082 0.4999911667131012 0.5000828545091744 0.4999969115138896 0.5000994371701738 0.5000396874165365 0.5000591768362737 0.49984025179665925 0.4998511236647777 0.5001236367003793 
0.8367210089185343 0.500161642789312 0.4999144448734349 0.5000253390799504 0.5000885553024296 0.4999558976433302 0.49987891021813213 0.49996338459917394 0.5001283662433698 0.4999938774481904 0.5001184146378675 0.5000272244016859 0.5000228037483586 0.4999628684743881 0.49998664513468594 0.4999011105435728 0.4997014108785403 0.49991997801931026 0.5000060295897553 0.5000083353117267 0.49973671543959114 0.4999813252730305 0.49995281716467654 0.5000038881067925 0.500113457124638 0.500117613108296 0.5001356164327838 0.49984219896090687 0.49986238451514364 0.5001219426343102 
0.8392662170164401 0.5001138164712534 0.4998444018052744 0.5000191656981636 0.5001604645906549 0.49995584261943016 0.4998809434253681 0.4999693072699107 0.4998592121355132 0.5000036401648517 0.4999666305115619 0.5000317597944708 0.5000180177437074 0.4999277649506299 0.5001287424332448 0.49990244239599524 0.49971836358947325 0.49992067766906084 0.49999624569693835 0.5000018340371319 0.49974613522905165 0.5001160262521375 0.4999438206881872 0.5000046764681132 0.5001346193572518 0.5000385418035677 0.500052811827719 0.49984149618116536 0.4998201200424165 0.500126609356724 
0.8418150032186897 0.5001069617667274 0.49984462780645755 0.5000192609139655 0.5000868545185104 0.4999480112702767 0.49988093302697845 0.49996290001561966 0.5001330281869979 0.5000049924845605 0.4999330302303864 0.5000299301345005 0.5000318435596016 0.5002014605639711 0.500136365113193 0.49990666319654437 0.49991421361739863 0.49991648513195686 0.4999960103695385 0.5000018044920538 0.49974606604777133 0.49998197584871407 0.4999523345205528 0.5000046436417234 0.5000577274328373 0.5000936183185042 0.5000528153864855 0.4998335462148418 0.499819588146162 0.5001259343375276 
0.8446811443278458 0.4998833818637238 0.4998227671572336 0.49998596710707865 0.5000875588311329 0.49996932721708587 0.49988049527996337 0.4999640477004326 0.5001609364771672 0.5000046921788623 0.5001217999024069 0.5000343957674995 0.5000321600800104 0.49989809698170884 0.5001132252445574 0.49986719128412493 0.49985138654687916 0.4999234236898416 0.5000617969053452 0.5000016028394845 0.49974473280940257 0.4999642753767432 0.500061928755321 0.5000078244352155 0.5006262117289964 0.5000365799960945 0.5000630993431233 0.499834308694042 0.49985365756861977 0.5001014469930255 
0.8469635477762608 0.49988739712757646 0.4999679876086607 0.5000220585877 0.5000854444611101 0.49996903971837764 0.4998810473292977 0.49996401717529776 0.4998644793121854 0.5000046723691233 0.49995957481960995 0.5000326471999422 0.5000318028746055 0.49992880572288945 0.50011279852176 0.49986712778736025 0.4998497476505215 0.49991490825227436 0.5000665278430843 0.5000017924952552 0.4997423223143242 0.4999639872847098 0.5000024176622545 0.5000077937795873 0.5006324736970186 0.5000402395622517 0.5000628145544037 0.49983388524055583 0.4998212303619161 0.5001014428143113 
0.8491920542898715 0.49988341529141106 0.4999167481602889 0.5000238745763759 0.5000869144570768 0.49995564597040393 0.49988103984812643 0.49996358296541793 0.500154973335326 0.5000050082065253 0.5001237351597809 0.5000341904241201 0.5000276295637529 0.49992853113988767 0.49994521197957076 0.49993145759211566 0.4998566319720337 0.49992801896464434 0.5000025766142338 0.5000016740877993 0.49974270942719917 0.5001108924963765 0.5000048357572314 0.500008089611882 0.5001137140089118 0.5000363778966697 0.5000474214008113 0.4998414363250874 0.499862394376966 0.5000944790037967 
0.8499494234966297 0.5001058040433151 0.4999840824549158 0.5000239565739363 0.5000875099331672 0.4999690997918419 0.4998809544053926 0.4999613280952453 0.4998612575583835 0.5000050069833606 0.49994516235041037 0.5000314801564291 0.500027517569515 0.49992881105255355 0.4999418482471083 0.4999313710349368 0.499913779329425 0.4999232151290663 0.5000032387642391 0.5000016742314013 0.49974493784251006 0.499959024578373 0.5000644643790949 0.50000783887629 0.500081594174975 0.5000394272302174 0.500053671207342 0.49983306130897864 0.49986237493128727 0.5000944640342948 
0.9006284378978416 0.499572564581828 0.4999923231830228 0.4999741075447295 0.5001370631317081 0.5001642182462537 0.4998803720352092 0.4999611470895522 0.49985883277839666 0.5001676995929438 0.4999378228924239 0.49994663261842986 0.5000230068248247 0.4999048845250637 0.4998367765860124 0.499940763660189 0.4999038581322621 0.4999258133436851 0.49999279324811235 0.5000016081015948 0.49971235705254874 0.5000612454063399 0.5000669936591069 0.4999945006971791 0.5001330242507311 0.5000340562528297 0.5000546802985182 0.49983667623469114 0.49983699596043346 0.5001228861381494 
0.9027197488748294 0.4995748514174988 0.4999942203471802 0.4999746611355718 0.5001371436933101 0.49997426206943935 0.49988023686977057 0.49996655163320386 0.4998603025479307 0.49999736356590685 0.499928977220891 0.4999470091627353 0.5000237119141293 0.49996553852000053 0.4998418356570732 0.4999164441447711 0.4999001677481796 0.4999233387193458 0.5000121043482219 0.5000016081015948 0.49971310005057357 0.5000617190040594 0.49995391620851876 0.49999563126506075 0.5000672738662713 0.5000755740537682 0.5000546802985182 0.49983669301904565 0.49983698124750225 0.5001041234040007 
0.9049684886361542 0.5002198857690158 0.4999255981839937 0.49999995462891017 0.5002075657079079 0.49995718030668485 0.4998823140366412 0.49999298107846507 0.49987695951437444 0.5001472934881296 0.49992692102819275 0.4999437456702289 0.5000233959259924 0.4999625606183797 0.4998732465953066 0.4999074131588172 0.49986555925963577 0.4999248009795143 0.5000753730651072 0.4999574263651075 0.4997123757232004 0.5001210783118472 0.500061122289066 0.5001388947083896 0.5001337416407057 0.4998115990029628 0.500162491423511 0.49983464997060273 0.49983710148794597 0.5000995425871855 
0.90688066067874 0.49984661638407274 0.49999256882581034 0.49999722450224454 0.5001598702160432 0.4999521256183627 0.4998744901466364 0.49998995740724306 0.49984504764903204 0.4999937895067562 0.49995123520475293 0.499945628689584 0.5000312752535139 0.49990442376732114 0.49995889641803115 0.4999399976631239 0.49991213908218707 0.49992474343403726 0.49999938073095457 0.49998798806014494 0.4997130205871261 0.500136691556533 0.4999559791261517 0.5000960494035338 0.5000680577746164 0.49994048459799023 0.5000558577208767 0.4998346394694098 0.4998512660525454 0.5001056581923558 
0.909238627480336 0.5001282300596487 0.4999923231830228 0.5000153986678908 0.5001377660693623 0.4999614219210059 0.4998804642849893 0.4999899138910323 0.5004689289251889 0.49999389040115666 0.499929261807169 0.4999455491706445 0.5000234688052458 0.499906831764556 0.499869289215518 0.49994018427848963 0.4999050668665872 0.4999247226711797 0.49999294830804863 0.5000016271711372 0.49971261923609994 0.5001361228484948 0.49994900066856857 0.4999945214417488 0.5001177878957547 0.4997859080751066 0.500038556439226 0.4998346693620286 0.49986119763463965 0.5000961183907664 
0.9111250095941684 0.5000787752105352 0.4999935490480685 0.500000159455917 0.5001021006596975 0.4998532432227376 0.49987420505043983 0.49996869390359133 0.49985225024069646 0.5000032666609188 0.4999282373127143 0.49994349302725016 0.5000241350440038 0.4999609452273649 0.4999641317232494 0.49994058493340693 0.4999209449381282 0.49992484727991254 0.5000003642468462 0.49999945571925236 0.4997439841176074 0.5001352977205192 0.49996212927237643 0.4999932327278869 0.5000069545080742 0.5000750335788157 0.5000399819754806 0.4998346444192925 0.4998614216959238 0.5001032659034723 
0.9134945767819902 0.500115384121106 0.4999923231830228 0.500015624895141 0.5002147142700941 0.5001642182462537 0.4998743922633825 0.4999899524198524 0.49983356947481067 0.5000117443004335 0.499929267931071 0.499945464939501 0.5000234537134056 0.49990358638399224 0.4998694837609787 0.49994018427848963 0.4998655455437658 0.4999247714804384 0.49999224358682004 0.5000016271711372 0.49971261923609994 0.5000613630745099 0.49994900066856857 0.4999945214417488 0.5001252859780896 0.5000751970977233 0.500038556439226 0.49983561386938014 0.49983743212207754 0.5000984035954248 
0.9155661385107513 0.4999102832799977 0.49998050606563005 0.5000082929484749 0.5002147492124205 0.4999579882169118 0.4998741985517113 0.4999926900352961 0.4998496569229345 0.5001450066062089 0.49992893404235905 0.49995067275723004 0.5000313922970322 0.49996210843333955 0.49982874395984794 0.4999836077119812 0.49986710071438767 0.4999292322666004 0.5000120567813158 0.4999982909109079 0.4997123832238879 0.500115861520586 0.5000665602082064 0.5001308007995503 0.5000916511506323 0.5000755837634826 0.5001666579223372 0.4998344740801407 0.4998322879119173 0.5001024638604207 
0.9182153171579314 0.5001067871149897 0.4999803750282205 0.5000149293339556 0.5001593439045041 0.49996008926719454 0.49987464833954376 0.49998944306547105 0.4998501382990542 0.5000141803142565 0.49992923853176197 0.5000461152034905 0.500023065845154 0.499903009790309 0.4999586235466526 0.49990418032687867 0.49992134805656974 0.4999292169520365 0.5000121740063822 0.500001628020606 0.49974398085102417 0.4999451825223602 0.4999592840031522 0.49999617436095506 0.5009106668596537 0.500075194661612 0.5000384893536697 0.4998356170729278 0.4998503815047119 0.5000991505720932 
0.9197897205818875 0.5002059621400539 0.49998038816096035 0.5000149523585845 0.5002163813054692 0.49996505271159336 0.4998746417224419 0.4999710608739897 0.5003128869970256 0.5001629605572447 0.4999285784563118 0.5000284990357675 0.4999653221110379 0.4999596359589398 0.4999601273616045 0.49990387434938055 0.4999085728759606 0.4999253030166208 0.5000772382597476 0.4999993416277583 0.4997105473639114 0.5001205645467491 0.4999442706849632 0.5001004495657121 0.5000815689021713 0.5000965767754568 0.5000518979464539 0.49984010959777136 0.49985037832419155 0.5001060634153786 
0.9220425435693538 0.5000922063770046 0.49998022808860315 0.5000008395634914 0.5001583203718816 0.4999501315252912 0.4998653950134102 0.4999676804672667 0.49985409841163825 0.5000139860661522 0.499927901879696 0.4999453495613905 0.5000156866125639 0.4999595023926505 0.4999595141528149 0.49994020456843846 0.4998542728196554 0.499923475320665 0.5000120751804058 0.5000017685568213 0.4997442804084909 0.49999132194707385 0.49995900365740686 0.499989988942584 0.5006718247052961 0.500075610866256 0.5000385258020501 0.49982842851379833 0.4998503490168297 0.5000348707877008 
0.9238893772929073 0.5000992738004691 0.49999241516150117 0.5000158237353565 0.5002149980300632 0.5001686529895188 0.4998742046737389 0.4999893596364334 0.500184275577472 0.5000141940298518 0.499928576346589 0.4999548857115939 0.500023721075412 0.4999645318059069 0.4999877890248855 0.49994025818451054 0.49985369285404807 0.49992339795310076 0.49999223208708926 0.5000016271592279 0.4997134079928694 0.5000655482793963 0.4999592830548181 0.499993623248289 0.5000005027482955 0.5000750201843569 0.500037961306169 0.499835891357766 0.49983756801117296 0.5000983431783926 
0.9258969539798271 0.49991056167142767 0.4999943067579564 0.49999737145167095 0.5001394561036832 0.49996870733215065 0.4998802218014624 0.49998877865171054 0.49983121669297587 0.4999951297791975 0.499951252732665 0.499943975094359 0.5000323026575109 0.4999007782030452 0.49996414662761507 0.49994500192518865 0.4998382553057712 0.4999234984559588 0.5000080931968427 0.4999810028863126 0.49971292786846705 0.5001207690866709 0.4999362979789333 0.500138567084481 0.5000675693268578 0.499941313089522 0.5000558579996388 0.49983461886638747 0.4998535217274289 0.5001039499195469 
0.9279311930953517 0.5001168010228255 0.49998068956026104 0.4999945212775737 0.5001590857979012 0.4999500837720733 0.4998823229837534 0.4999662212951982 0.5001273968153181 0.500011742904785 0.4999293148267629 0.4999594028707218 0.5000238232848383 0.49996426756769663 0.49986851543531 0.49991869088824376 0.4999220345003534 0.49992929564546845 0.49999285083829004 0.5000015990567858 0.49971262052494686 0.5001362229874988 0.49994873837906 0.5001012267064632 0.5000721469139405 0.5000728396965259 0.5000389703909779 0.49984164841368905 0.4998508998604807 0.5000449286704529 
0.930005002810283 0.49991848786823334 0.49998982034073103 0.5000049165897382 0.5001582370858932 0.499958024211126 0.49987433692366706 0.49996648583587794 0.500129013112248 0.4999954918859636 0.49995115677939367 0.4999475199584347 0.5000160943094426 0.4999003014231853 0.4998356891763585 0.4999166521846744 0.4999208905636052 0.4999258104360315 0.5000118297905777 0.49999833706304164 0.4997129731894448 0.5001341294876407 0.5000665693896263 0.5000033050534267 0.500092024303474 0.5000749920900625 0.5000402041304771 0.4998410468492073 0.49983697952034073 0.5000043023601456 
0.9317729028006149 0.4999179766339469 0.4999806234753905 0.4999755251036151 0.5001590779338195 0.4999515276605879 0.4998823246822739 0.4999722772431407 0.5001185500397018 0.5000118502856706 0.49995626857928804 0.5000426862985146 0.5000179391802799 0.49996492887414634 0.49995873751404896 0.4999186519005027 0.49992205316695393 0.4999293093080749 0.5000732091528469 0.4999818050157377 0.49974597122417075 0.4999815624052073 0.4999565483309942 0.49999741995967434 0.5000151911629042 0.5000409809554608 0.5000369566218673 0.4998306156984675 0.49986273764905964 0.5001065061872828 
0.9360124890545799 0.5001362897316967 0.4999878424719286 0.4999861782218404 0.5002139913705069 0.49996105486543435 0.4998823578085064 0.4999712259253397 0.5001231865405751 0.5000117348961044 0.49992763129074475 0.499941689523996 0.5000154517766001 0.49995942820012956 0.49996571490328523 0.4999450345413724 0.4998641481378908 0.49992513203530337 0.5000727493389461 0.5000296780521828 0.49974421777361544 0.4999909239408995 0.499957878180759 0.4999943293499077 0.5000716934466012 0.5000958771827216 0.5000385138924731 0.49984095667837397 0.49985078884699186 0.5000415864931339 
0.9380437131368675 0.49992161609272034 0.4999807399485515 0.4999874328687825 0.500158215866637 0.49995849376438606 0.4998743465937296 0.49996664366488386 0.5003023466282851 0.49999450439269433 0.4999501281239974 0.49995131034558277 0.5000160943094426 0.49996512055669723 0.4998413129688687 0.499917492566412 0.49992214620725023 0.49992364451996957 0.5000120307665423 0.4999983372621666 0.49971347509055064 0.5001389561970732 0.4999574054432609 0.5000033382371264 0.5000915872732549 0.5000731634072784 0.5000401739479178 0.49984100464903203 0.4998588644739962 0.4999992548555286 
0.9419803745772185 0.5001339241897168 0.49998113666039723 0.5000170197931215 0.5001597614174096 0.4999500650012823 0.49988114727190375 0.4999716855461115 0.5001861130976799 0.5000117453610696 0.49992934269986317 0.49995928302120335 0.500032929721564 0.4999008257059844 0.4999590006437652 0.4999662748778587 0.4999215189659083 0.49992962048560585 0.49999169634608204 0.5000015891384051 0.49974194272586114 0.49998664672563803 0.49995775473190696 0.4999865247363652 0.5000693727566538 0.5000728862307088 0.5000389713096534 0.49984106285407204 0.49985769337186736 0.5000405588055805 
0.9438929099547013 0.5001336236364474 0.4999942418026792 0.5000142630598623 0.5001585310356327 0.49995230973326543 0.4998823228896178 0.49996633079361735 0.5001260656357841 0.5000033129985122 0.49992839467169053 0.49995803767615254 0.500015704389731 0.4999655746154586 0.4999589288981367 0.49994460513444533 0.499921112710458 0.49992929556682947 0.5000123344108821 0.4999805797964072 0.49971156691162044 0.5001125511279606 0.4999351580311673 0.5001010468170266 0.5000741613386174 0.5000966427599548 0.500055625092681 0.4998346193358722 0.49985089289817575 0.500040601686757 
0.9460326480841853 0.500156375996993 0.500146756632056 0.49999502096000376 0.500208183478112 0.49995261216220765 0.49988296971769 0.499992611411072 0.500312249735426 0.5000141538391984 0.49992909390257756 0.5000471172288576 0.500082653170887 0.499958088681643 0.4999599790108456 0.49994464389687215 0.49992031465227105 0.49992482327487875 0.5000665805518998 0.49997113014844424 0.4997142291918582 0.5001161857315952 0.4999442706849632 0.49999779717791537 0.5001097471166889 0.5000965767754568 0.5000436781454127 0.499840318652451 0.49985037832419155 0.5001055808695306 
0.9480709167734803 0.5002348619039533 0.49998552080972114 0.4999276976683556 0.5001431476166223 0.4999648520643478 0.49988237547553627 0.4999728060762003 0.5004499519589746 0.5001633975992871 0.4999272386849628 0.500028929445485 0.49996492034939377 0.4999593425092551 0.4999589270286986 0.49994521023170807 0.4999089656873437 0.4999249898216406 0.5000772809586389 0.4999993596608129 0.4997144882252539 0.5001205550533319 0.5000622411674834 0.5001000768619646 0.5000793984656572 0.5000932354315939 0.5000384980304445 0.4998307361456255 0.4998508456399938 0.5000422474005178 
0.9497572474412803 0.4999100039270224 0.4999877849601865 0.49997607371986647 0.500160002737279 0.4999695683175102 0.4998802032961964 0.49997227684553475 0.4998277255153583 0.5000119064234455 0.4999546761026956 0.49993822630270884 0.5000180024378708 0.49996493217139015 0.4999588656710387 0.499944422848792 0.49992209166284785 0.4999293093080749 0.500076501101252 0.5000296780521828 0.4997460813731218 0.5000087747491703 0.49993832912882674 0.5000912691453567 0.5000721924279277 0.49994006814445174 0.5000369262705276 0.4998346669191333 0.4998627219859679 0.5000899313087713 
0.9499961052260976 0.49993412511996704 0.49998777507922515 0.49997607079946055 0.5001599890986519 0.49995153089781 0.4998823246822739 0.49997227176780623 0.5001185500397018 0.5000119477203516 0.4999546761026956 0.49993822630270884 0.5000328950034768 0.49996493217139015 0.4999589293336607 0.499944422848792 0.4999215332023285 0.4999293093080749 0.5000732527781514 0.5000296780521828 0.4997419541935337 0.4999833010076363 0.4999565483309942 0.4999973021821367 0.500071882436148 0.5000409809554608 0.500036960788129 0.4998409580697421 0.49986273764905964 0.5000398801198466 
