0.2772484873040602 1.3041967534425158 
0.28058495160792385 1.303610280255714 
0.3106923468335602 1.297128502906988 
0.33434230681527166 1.290740691517999 
0.35898381545989544 1.2841042537389717 
0.3777092440752398 1.2792382567394962 
0.4098764281768667 1.2687810612509107 
0.43865360744696646 1.2592529906294034 
0.45224505555725614 1.2544326310704408 
0.49441419585991303 1.238422262401856 
0.512302495306155 1.2311286845738076 
0.5379204018501731 1.2201608557513686 
0.5423112389358709 1.218065151437076 
0.9909601612662339 0.8920659423084301 
1.0030710596558905 0.8805684601930478 
1.0250772084917468 0.8527246808447491 
1.0463427178519322 0.8264720146054655 
1.0684270589695368 0.7992912261829246 
1.1046388837837808 0.7470351875726634 
1.1219297554657996 0.7205411732729545 
1.1391932078871005 0.6932145758256053 
1.1547801662733541 0.6667370939985382 
1.3260513145854915 0.13922349118133576 
1.3271734089680702 0.12835305696572227 
1.3289674231629731 0.10812501016472066 
1.330356422170848 0.08943686386665474 
1.3317745521671611 0.06496341854654102 
1.3323291789326923 0.05237090433010284 
1.3328952415231263 0.034650937383055684 
1.3333499911214806 0.017109350227205576 
1.3333581450090113 0.001679015866206363 
