0.8666512969151734 0.4998095864450247 0.49995664059725764 0.5000071693185885 0.4998268583396521 0.5009110439593732 0.5004393240772469 0.49985358443587347 0.5001314247792942 0.5000059336955542 0.5007471875306143 
0.8650350035973172 0.49968538670447893 0.4999579975726245 0.5000084193993961 0.4998268580346528 0.4989433572317823 0.5004393301743624 0.49985358213681935 0.5001359562789254 0.5000049249457413 0.4995431744085041 
0.8503344583136663 0.49980958644519374 0.49995664130251766 0.5000071685088965 0.49982685833862817 0.5009110432167567 0.5004393240033864 0.49985358443555544 0.5001403629635608 0.5000059333431568 0.5007471842061713 
0.8386420141881504 0.499809585987723 0.49995664059727224 0.5000071693185885 0.49982685833965695 0.5009110442045178 0.5004393242981653 0.4998535844358737 0.5001314247791782 0.5000059341292935 0.5007471875099326 
0.8264572096804533 0.49980958644519374 0.49995664130251766 0.5000071685088965 0.49982685832007906 0.5009110433335765 0.5004393240008801 0.4998535844358738 0.5001314276895183 0.500005949942236 0.5007471842061713 
0.8172242397291928 0.4996824359213866 0.4999579977112419 0.5000084196258096 0.4998268580346528 0.4989433531221858 0.5004393301725852 0.49985358213681935 0.5001359562789254 0.5000049249457413 0.49954317448455093 
0.8010787107684689 0.4998095864427529 0.499956640398721 0.5000071693185923 0.4998268583396481 0.5009110524003325 0.5004393240008801 0.4998535844358738 0.5001314247854951 0.5000059499413819 0.5007471875307064 
0.7866056560539385 0.49968536433800903 0.4999579977112419 0.5000084195723793 0.4998268580477961 0.4989433572809679 0.5004393300790672 0.49985358213681935 0.5001359564738663 0.500004924947759 0.4995431742641778 
0.7797208178568082 0.49968536433803623 0.499958007953055 0.5000084193977895 0.49982685804779214 0.4989433572809679 0.5004393300790672 0.49985358219504167 0.5001359315179276 0.5000049250758328 0.4995431830533347 
0.7581853111535932 0.49968536433800903 0.4999579977112419 0.5000084195723793 0.4998268580477961 0.4989433572809679 0.5004393301725852 0.49985358213681935 0.5001359562789254 0.5000049249457413 0.4995431742641778 
0.7489624575384276 0.4996853643380361 0.4999579976451405 0.5000084017826018 0.4998268580479929 0.49894335692837993 0.5004393300790672 0.4998535821951821 0.5001359310336055 0.5000049249468485 0.4995431742276298 
0.7356580574188474 0.4996853643381331 0.49995799825793974 0.5000084012049104 0.4998268580478673 0.49894335728105704 0.5004393785681421 0.49985358219517173 0.5001359127688069 0.5000049250602171 0.49954317466750736 
0.7333360843779353 0.4996853643397378 0.49995799736782803 0.5000084012079057 0.4998268580478591 0.4989434933507905 0.5004393787815561 0.4998535821962447 0.5001359126194943 0.5000049249499177 0.4995436227265369 
0.46659620033999855 0.49981029600110316 0.499952747979692 0.5000084011749247 0.49982685834818946 0.4989473674566404 0.500442186285639 0.4998535821922951 0.5002592230631815 0.5000049250598816 0.499522730469074 
0.4586556220829608 0.4996877402685808 0.4999578502098409 0.5000083980874094 0.4998268583484681 0.4989473535359885 0.5004568352446883 0.4998535821899616 0.500138713567161 0.5000049375580833 0.49954323702215225 
0.4417316272751157 0.4998096261605824 0.4999529166379711 0.5000083949221381 0.4998268583481966 0.49894738613766315 0.5004422592923315 0.4998535821922951 0.5002592229644278 0.5000049371091857 0.4995227304826687 
0.42560064180374524 0.49980965601026534 0.499952785425044 0.5000083950139793 0.4998268583481888 0.49894738613766315 0.5004421842702496 0.49985358218881304 0.5002592230631125 0.5000049250356606 0.4995227287844794 
0.4088910538896081 0.4996877402685808 0.4999578583845662 0.500008486768062 0.49982685802621246 0.4989473543980921 0.5004568340446555 0.49985358219055614 0.500131960601467 0.5000049191756045 0.4995436211930816 
0.37854830209364515 0.4998095540328335 0.49995811572486565 0.500008486671418 0.49982685801624566 0.4989473861386023 0.5004567248059105 0.49985358212588255 0.500258869589979 0.5000049372496208 0.4995351416730604 
0.3634438507590627 0.4998096269444854 0.49995811682994173 0.5000083985876228 0.499826858023888 0.49894738651169196 0.500456682751058 0.4998535821296895 0.5002588720834045 0.5000049373050286 0.4995358514716381 
0.34801202144034643 0.4998095513439266 0.49995811722558436 0.5000084870763171 0.49982685802427806 0.49894735157153697 0.500456683659272 0.49985358219286796 0.500258869552392 0.5000049372592563 0.4995351416455398 
0.3333434442512501 0.4998095513439271 0.4999581120882817 0.5000083754777132 0.4998268580239942 0.49894735199968665 0.5004567237426872 0.49985358212682035 0.500258869530072 0.5000049190694501 0.49953569338375314 
0.06659538352438568 0.49980958747699555 0.49995820423669207 0.5000083813029221 0.4998268583481563 0.4989473674066532 0.5004421860219914 0.499853582125346 0.500259223063149 0.5000055725044902 0.49952248724595216 
0.06137763071937187 0.49980958747706294 0.49995820423669207 0.5000083813029221 0.4998268583536898 0.4989473514898247 0.500442291766279 0.49985358212408876 0.5002592230634806 0.5000055725050804 0.4995224840438528 
0.051681655790940695 0.49980958747662385 0.49995820423669207 0.5000083813029221 0.4998268583352092 0.4989473674066532 0.5004422905233076 0.49985358212534137 0.500259223063149 0.5000055648551537 0.4995224842014713 
0.042734209790964754 0.4998095874983578 0.4999582043406465 0.5000083813091053 0.4998268583352097 0.498947366445562 0.5004422917809708 0.499853582125672 0.5002592230014682 0.5000055725063648 0.499522484075789 
0.031029456997498372 0.49980958749848287 0.49995820434999705 0.5000083827904567 0.49982685833505186 0.498947351875488 0.5004422904933957 0.4998535821241817 0.5002591703989823 0.5000055724362807 0.4995224933304575 
0.02501123461799025 0.49980958749836235 0.49995820435024946 0.5000083813042194 0.49982685833506657 0.4989473518830213 0.5004422905240262 0.49985358212410574 0.5002591704104303 0.5000055725664418 0.4995224932262681 
0.016546314898950608 0.4998102986093733 0.4999526869405743 0.5000083825689361 0.4998268583347417 0.4989473514898504 0.5004421872479129 0.49985358219166987 0.5002592230755248 0.5000055725132033 0.49952272520136126 
0.008168562611228551 0.4998112619338223 0.4999582076263717 0.5000084189827869 0.49982685832953994 0.49894735188647293 0.5004423697750179 0.49985358212568837 0.5002601689748842 0.5000055726978071 0.49952190638251065 
8.016556823625537E-4 0.49980958749836235 0.49995820435024946 0.500008381304244 0.49982685833520785 0.49894736695422776 0.5004422905240286 0.49985358212410574 0.500259226059868 0.5000055651126778 0.4995224841613957 
