0.5040250498016469 1.436827126636261 
0.5248521251005926 1.3423608440976897 
0.5551648962024005 1.2652537040467045 
0.5591559959913649 1.2568485284084785 
0.5716500950391336 1.2328298886817404 
0.5759441180058895 1.2253198287704659 
0.5841843614120884 1.2099109537397927 
0.5928749257921428 1.1956425316228456 
0.6016967764852443 1.1818455311943568 
0.606074713142724 1.1750017895826437 
0.6104824822300934 1.1682430965739203 
0.6149363997665271 1.1616038841919394 
0.6194423175879352 1.1550817712150785 
0.6284850843305176 1.1424087446652809 
0.6374036778580731 1.129672909428335 
0.6513438802138892 1.1114661881393446 
0.6653412026542103 1.0934228876351728 
0.6700034295349503 1.0877407188114174 
0.6747401951868843 1.082302275083742 
0.6794584964070927 1.0764848057607979 
0.689036375844609 1.065283810498481 
0.6990693694913843 1.054852036421169 
0.7036354619555355 1.0487857918879318 
0.7134343608861565 1.038047520371671 
0.7182827771646183 1.0328274347320856 
0.7230986025993087 1.0277213523555724 
0.7484525084464133 1.00166806140841 
0.7586148876883518 0.991522925607627 
0.7637689561829974 0.9866486165070342 
0.7794020203672438 0.9716180975729404 
0.7845461977570221 0.9668149107847481 
0.7898900093185541 0.962235031064548 
0.8003241324076877 0.9521847821304312 
0.8217063868909742 0.9329064437365205 
0.8433516562609947 0.914333561362125 
0.8769203673904831 0.8861544288166127 
0.8940851738305409 0.8724425402317472 
0.9409648521062625 0.8360559684280036 
0.9712552176009859 0.8136968867089219 
0.9897625660936402 0.8002669673685503 
1.053889318567324 0.7559609870424256 
1.0874176946662164 0.7336602177442506 
1.1077068241216406 0.7205261428221281 
1.1143863310513389 0.7161895129411802 
1.128970015294056 0.7071880748751397 
1.1865491242739759 0.6716052519996363 
1.1938575879483735 0.6670507114666568 
1.22408807066237 0.6491085495685224 
1.2318033600894127 0.6445885669216785 
1.247078532268067 0.6356693566541263 
1.2630358322293769 0.6265221182101463 
1.2709856504684018 0.6219736740193902 
1.2947792437668437 0.6085350332961678 
1.3036060259353563 0.6036189451679781 
1.336623668469518 0.5853369191899732 
1.3627546564912492 0.5712036529580835 
1.3975600558362875 0.5526320743152889 
1.4438635891921683 0.5284964138464262 
