0.003994653319244167 0.3994219828499311 0.6955992140373978 0.7910296495421122 0.902435159050019 
0.024850588068757534 0.39943491018069305 0.6955990864058643 0.7910296239929261 0.9024351515022219 
0.055124697889711305 0.40068246814265646 0.6955991462551357 0.7910296235821825 0.902435155081143 
0.05913355282074519 0.3994245439694028 0.6955992205080502 0.7910296922601597 0.9024351503292203 
0.07147399612540595 0.4007290401704893 0.6955980827773146 0.7910296940567219 0.902435148238757 
0.07562474779335047 0.4007360558616266 0.6955980888419274 0.7910260142413728 0.9024354448348563 
0.08416366360360261 0.40067644504053146 0.6955992513865144 0.79102969372385 0.9024351098387416 
0.09272484655442417 0.400725374966138 0.6955992158067598 0.7910296917029452 0.9024354071479648 
0.10140683954857475 0.4005866492486367 0.695571203127061 0.7910296915111726 0.9024354482313515 
0.10580149938493039 0.40077007459525177 0.6955991166525138 0.7910296573476173 0.9024351482362486 
0.11023013951994586 0.4007626256211733 0.6955991056140787 0.7910296577357784 0.9024351488126454 
0.11468329475900281 0.40057353369478127 0.6955715850156067 0.7910296866642827 0.9024351468532211 
0.1191620215440111 0.4007273265948619 0.6955992162077114 0.7910296867541918 0.9024474060350767 
0.1281274252972327 0.40056436022253844 0.695571798882446 0.7910258409522564 0.9024351524561356 
0.13725344624969515 0.4007245173365536 0.6955990664504884 0.7910295906018101 0.9024350793768997 
0.1511270565897959 0.4005659055223739 0.6955720477733309 0.7910298643908021 0.9024344746040834 
0.16532120768908493 0.4006746630470843 0.6955991545577307 0.7910295909116922 0.9024349826664255 
0.16997837416856776 0.40067676808448105 0.6955991506246453 0.7910295952839516 0.9024349771861045 
0.1745937502664851 0.4007232566352321 0.6955991591945117 0.7910295903074017 0.9024351862520607 
0.17940794277216826 0.40062922462498046 0.6955991348061557 0.7910296460109006 0.9024484291574991 
0.18900523833945077 0.4006788303516874 0.6955991598089791 0.7910295890232454 0.9024350660634657 
0.1985866794478746 0.4006812221609632 0.6955991119085153 0.791030538872029 0.8971124390490477 
0.2036138054853206 0.4006130307009268 0.6955992793245291 0.7910305802549533 0.8971406851919896 
0.213416549645539 0.4006749341628911 0.6955990603370696 0.7910296319414984 0.9024346861433011 
0.21826593883438905 0.4006748623968908 0.6955993559850007 0.791029596923796 0.9024349756018211 
0.2230721282559231 0.40061493923695296 0.6955992788119256 0.7910305631654635 0.8971406851919896 
0.24839351807380086 0.40078453276959985 0.6956015885148555 0.7910294826156626 0.8971792126109986 
0.2585821891579609 0.4006790312321514 0.6955990567937353 0.7910295898574216 0.9024350047388613 
0.26365088296995914 0.4007111733638068 0.6955988136849443 0.791029595174606 0.9024349742681389 
0.2792976940122631 0.40064123444971894 0.695599389162882 0.7910299645929649 0.8971406851919896 
0.284420449434859 0.4005826061566618 0.6956014555318483 0.7910299766266248 0.9024701195563712 
0.2895533559385383 0.4006695950144375 0.6956015012052423 0.7910296244599726 0.9024703462199791 
0.30021790747858157 0.40064123444971894 0.6955992633763581 0.7910299709530915 0.8971406851919896 
0.32165424403251386 0.39931710489868566 0.6956015113973435 0.7910299798300636 0.9024147615311503 
0.3431920982958828 0.4007196326002104 0.6955993455414624 0.7910286180983935 0.9024345854907176 
0.37686920252789813 0.40064926466278017 0.6956014959713086 0.7910254959840933 0.9024346561963634 
0.3939713013397912 0.40069505425604146 0.6955991535801715 0.7910283462761627 0.9024351500977323 
0.4409033494653588 0.40064926466278017 0.6956014959713086 0.7910254703732496 0.9024355706323822 
0.47115269583630276 0.4007145056184639 0.6956013801754845 0.791028623206105 0.9024336910707639 
0.4897057843304644 0.40064894655226563 0.6956014651878392 0.791025440628823 0.9024350440833631 
0.5537706519983447 0.4006580957416439 0.6955994207533532 0.7910254421791021 0.9024356120647145 
0.5873620106785155 0.9052310651707166 0.6001915748684389 0.7938902587561126 0.49236111732039695 
0.6076570663163764 0.9052311292993318 0.6001918405166347 0.7938903561102766 0.492361299883876 
0.61437563970946 0.9052302405183684 0.60018812595733 0.7938910879865204 0.492361299883876 
0.6288078724581873 0.9052310650279128 0.6002845361961684 0.7938902592238123 0.4923611009955707 
0.6864319708318499 0.9052302461994772 0.6002766689997294 0.7938911352484999 0.4923610089776917 
0.6938376808580081 0.9052302358289196 0.6001897169349426 0.793891115667928 0.4923610089776917 
0.7240614920877027 0.9052302461107583 0.6001881590452703 0.7938911013061474 0.4923607471898804 
0.7317758262025174 0.905230244848981 0.600189505275466 0.7938911158097205 0.49236074576596217 
0.7470744748847024 0.9052300491661586 0.6001916413924135 0.7938911445932963 0.4923614597224026 
0.7630095407386285 0.905230244848981 0.600188159835757 0.7938911144943548 0.49236074576596217 
0.7709655416548093 0.90523022789443 0.6001916669191191 0.793891144182866 0.4923610377592536 
0.794754285796165 0.9052300588292891 0.6001881536477189 0.7938911152073818 0.4923606558022797 
0.8035677022254668 0.9052302720245243 0.6001916879584881 0.7938904831793995 0.4923609654469549 
0.8366183254856352 0.9052300368531145 0.6001916413924135 0.7938911445431652 0.4923614065261246 
0.8627224611484728 0.9052300523874383 0.6001894893591914 0.7938903779446144 0.4923610280144442 
0.8975413774925521 0.9052302604601403 0.6001898065109157 0.7938911469734227 0.49236104739086983 
0.9438485124176289 0.9052300459081379 0.6001908765027955 0.7938911014383876 0.49236108666363115 
