2.7724973229838537E-6 1.020625319368402 
0.010097090399523828 1.0105309952552868 
0.011299693798079432 1.0093283916386284 
0.06652147012949058 0.95410661532223 
0.07070394144136588 0.9499241442585277 
0.08081169850602778 0.9398163871607069 
0.09091255342062395 0.9297155319944079 
0.10099765353083251 0.9196304319000758 
0.1111049810800753 0.9095231046030967 
0.12121859149590869 0.8994094941653944 
0.12914365981847467 0.8914844253330628 
0.18438071480323479 0.8362473703286657 
0.19191942470656673 0.8287086604852472 
0.20202752380748248 0.8186099768186129 
0.21211663087746996 0.8085114549825286 
0.22221975929044196 0.7984083259606 
0.232325737322928 0.7883023484681763 
0.24242515860995603 0.7782029266128822 
0.24698171989633386 0.7736463651597749 
0.3022244287101851 0.7184036564204545 
0.30302708493791525 0.7176010003989594 
0.3131198942140207 0.7075081911083244 
0.32322098718334064 0.6974070981026492 
0.3333268143045197 0.6873012709679446 
0.3434219051516655 0.6772061803207974 
0.35352715811098023 0.667100927569361 
0.36363046512559827 0.656997619905814 
0.36485167667310775 0.6557764083990327 
0.42007674621954627 0.600551338867224 
0.42423242841061654 0.5963956572664432 
0.43432833946905564 0.5862997457548107 
0.4444261865770922 0.5762018991197286 
0.4545258989740716 0.5661021864404345 
0.46463439951613783 0.5559936856277288 
0.4747425736526801 0.5458855118782573 
0.48270503894176786 0.5379266234398213 
0.5379621866918638 0.4826658983916165 
0.5454434045577001 0.47518468054211604 
0.5555395712598499 0.46508851397547196 
0.5656454714082644 0.45498261360400744 
0.5757496659542767 0.4448784191540467 
0.585816735444591 0.43481134968642954 
0.5959485368455718 0.4246795483611188 
0.6005456174237 0.42008246759849 
0.6557923700331251 0.3648357150500325 
0.6565419012857903 0.36408618380044433 
0.6666479304439107 0.35398015508127206 
0.6767515684230313 0.3438765170269379 
0.6868218983606491 0.33380618673415463 
0.6969507062021436 0.3236773788609202 
0.7070549586323015 0.3135731264839553 
0.7171554027893219 0.3034726822565304 
0.7184044887961244 0.30222359627322903 
0.7736287646213582 0.2469993207847993 
0.7777464584656264 0.24288162729284957 
0.7878648540875747 0.23276323135848165 
0.7979742002708778 0.22265388571692316 
0.8080595254864786 0.21256856049452783 
0.8181608119180246 0.2024672733460029 
0.8282643222867945 0.19236376301740352 
0.836255360846028 0.18437272444929592 
0.8915113875866177 0.12911669760042882 
0.8989691189967552 0.12165896616833498 
0.9090661438803878 0.11156194168636352 
0.9191701098555322 0.10145797528970416 
0.929280742955152 0.0913473420825002 
0.9393726002951186 0.08125548505738675 
0.9494721777743228 0.07115590730582709 
0.9541074387853411 0.06652064657501826 
