2.7724973229838537E-6 0.06655431924592002 0.13350931691912657 0.999999999034289 0.9999999983565097 0.333198766824347 0.3999526078211193 0.4665489104288807 0.5331161517861311 0.5993902906329502 0.6665258229262458 0.7334252680842247 0.798795210680145 0.8663955900565428 0.016102230784444647 
0.010097090399523828 0.06655907028809074 0.13311327990656135 0.9999999555665856 0.9999999983626658 0.333197226005461 0.39974092634662 0.46656294315668506 0.5331244698783687 0.5994522253094875 0.6668929810848522 0.7334488546417438 0.8003459010138082 0.8662160200810328 0.016243766404179075 
0.011299693798079432 0.06656958338874211 0.13314018479777723 0.9999999999007166 0.9999999983357137 0.3331988430711539 0.4000127310525624 0.46654892954563726 0.5331195094933323 0.5995451904658967 0.6665258129867317 0.733441110831645 0.800426039629223 0.8663960180843099 0.016106929493283108 
0.06652147012949058 0.06655715072506507 0.13312822759010787 0.9999999995582959 0.9999999993973543 0.33319880072874936 0.4000157680047719 0.4664541083886144 0.5331194961165714 0.5995236920847609 0.6665390789629076 0.7334353669647651 0.8004267857032232 0.8663949450930674 0.01610694001005597 
0.07070394144136588 0.06655715104463511 0.133123809358708 0.9999999996507289 0.999999999428936 0.3331986353532539 0.4000154678517416 0.4664590592131037 0.5331164482187557 0.5995273542576969 0.6666170258090346 0.7334353178664084 0.8005870833389195 0.8663956698985048 0.016106069488305043 
0.08081169850602778 0.06654872120879574 0.13312831378659254 0.9999999556498688 0.9999999983615316 0.3331971596160938 0.40001254626945415 0.46655957017779803 0.5328992047524654 0.5995244311002531 0.6668123706788232 0.7334406313028625 0.8004267847474285 0.8663949389514439 0.016101389965907195 
0.09091255342062395 0.06642628979434377 0.1334785070243893 0.9999999986397801 0.999999999455956 0.33314939608037925 0.39999602994641575 0.46645407896891894 0.5335799621245573 0.5995589387151383 0.666804672690259 0.7334360168621277 0.8004266260685625 0.8664569250903639 0.016106732050440744 
0.10099765353083251 0.06642808488452619 0.13348935155909167 0.9999999995531067 0.9999999994289822 0.3331470392597428 0.3999482741946416 0.466454073938576 0.5331248161430576 0.5995610919415759 0.6665237602684576 0.733436273620693 0.8004477333550092 0.8664331528742749 0.016106064028038214 
0.1111049810800753 0.06642671297000999 0.13313867750937539 0.9999999985392329 0.999999999066082 0.3332026254394936 0.4000589087624532 0.4665628672556625 0.5329349866581474 0.5994946118120736 0.6670277130360224 0.7335726191637242 0.8004455489553269 0.8663904523560414 0.01606462718593424 
0.12121859149590869 0.06642541568371682 0.133483829793173 0.9999999989343361 0.9999999995660972 0.3331492040266669 0.4000587599726238 0.4664523433078449 0.5331258109871908 0.5994928630532602 0.6668136750209729 0.7335799482513055 0.8004407739881857 0.8664428489417698 0.015936393400083106 
0.12914365981847467 0.06649536685299975 0.13348407775163842 0.9999999986535014 0.9999999981517922 0.33314866305592433 0.3999277437310274 0.4664635765802215 0.5331214452683408 0.5995610330033182 0.6668030422682963 0.7335800264740101 0.8004384238144524 0.8664441664634953 0.01687935968442606 
0.18438071480323479 0.06649686256753891 0.13343757232406142 0.9999999950671022 0.9999999992357269 0.3331509293908229 0.39992780785584264 0.4667835024675261 0.5331500392170022 0.599561027040225 0.6668024692183474 0.7335800239531589 0.8004375065889007 0.8664444370515082 0.016835085586599362 
0.19191942470656673 0.06642608468678367 0.13367869475115263 0.9999999926922617 0.999999999234834 0.3331501756516668 0.40001221830239586 0.4664681696545759 0.5335935382045287 0.5995609481754205 0.6668086839881209 0.7334350920060791 0.8004384238140075 0.8664346882454806 0.016876075236553528 
0.20202752380748248 0.06642247976979596 0.1408433749736921 0.9999999923154441 0.9999999999019908 0.333109223020114 0.40001221830239586 0.4665486842113886 0.5335935382045287 0.5995609481754205 0.6668086839881209 0.7334350920060791 0.8004384238140075 0.8664346882454806 0.01688813020386961 
0.21211663087746996 0.06640048729794519 0.13358883729080767 0.9999999986460836 0.9999999999198484 0.3331505643213069 0.39992443951495454 0.4664646910662943 0.5331635897870155 0.5992883613618133 0.6668036893881828 0.7335728096957735 0.8004382966364761 0.8670707340688067 0.016874504955488617 
0.22221975929044196 0.06641290051691792 0.133570288894639 0.9999999965452501 0.9999999994412948 0.3331485499229194 0.40001159859206037 0.4665300628550351 0.5331463390069674 0.5995407435897826 0.6669952323754524 0.7334412906208849 0.8004383389048064 0.8670571820171024 0.016891168244809525 
0.232325737322928 0.06689390176216643 0.13314060997242505 0.9999999925490944 0.9999999997287238 0.3331467773856702 0.4000124307258885 0.4663374387471444 0.5330820514395964 0.5993119938392257 0.6665834883726064 0.7336001951289292 0.8004342334974924 0.8670509543752792 0.016871563944135925 
0.24242515860995603 0.06641400795187077 0.1336069803706465 0.9999999606599088 0.9999999993966854 0.33314783252220703 0.40003671658622175 0.4665296450334516 0.5331383512694677 0.5995579945979282 0.6668056355183537 0.7334409796778376 0.8004405194540319 0.8667979912075139 0.016889776304612567 
0.24698171989633386 0.06643068082091853 0.13315586968682688 0.9999999994223189 0.9999999994449635 0.3331463552566347 0.40001158353096494 0.46653396565367966 0.5333240074195765 0.6001835325030797 0.6670009043277878 0.7334399769494474 0.8004559229856764 0.8667842322448934 0.0169064318121332 
0.3022244287101851 0.06693206110485234 0.13314145605097705 0.9999999808837997 0.9999999999417793 0.3331914158454199 0.40003689857784785 0.4665428266225267 0.5335732040114917 0.60019832354696 0.6670008103912288 0.7334263328046252 0.8004567200627736 0.8667979887906916 0.017102323831333397 
0.30302708493791525 0.06711618312288878 0.13313876708372255 0.9999999610457906 0.9999999998654515 0.3330929709231912 0.40003689857784785 0.4665428266225267 0.5333119304756084 0.6001979428641239 0.6670076464267762 0.733444224802044 0.8004553897189013 0.8667938508756863 0.01647976269411003 
0.3131198942140207 0.06693102545153022 0.1331408657483075 0.9999999893213443 0.9999999999372313 0.3330953302494318 0.4000362527652638 0.4665627643800064 0.5335732208367869 0.599599551807913 0.6669994202939955 0.733575786675541 0.8004598420093042 0.8670483454043363 0.016471128512687134 
0.32322098718334064 0.06693173550623369 0.13315780330279808 0.9999999965220913 0.9999999998978734 0.33318924316263565 0.400029399061954 0.46662220876685984 0.5335623855577826 0.6002225454228637 0.6669966199785511 0.7335978600440533 0.8005378669027954 0.8670494120371366 0.017087254558367484 
0.3333268143045197 0.06694129471395097 0.1331303883002997 0.9999999998426149 0.9999999998882114 0.33309808276022707 0.4000368094930624 0.466545247196726 0.5335662246541975 0.6001977707264016 0.6670076418411599 0.7334594825512929 0.8005380079977082 0.8667950243220892 0.016484539959571377 
0.3434219051516655 0.06693206969006146 0.13313996936967792 0.999999976918699 0.9999999999750154 0.33317573538471223 0.40002939960882905 0.4665967104139482 0.533764633851105 0.6002226972017243 0.6670023615013781 0.7336025151663051 0.800537753884813 0.8670494560560633 0.01651284400311359 
0.35352715811098023 0.06694073952535348 0.13314035966000895 0.9999999953659158 0.9999999980360789 0.33317858248804366 0.40001671985707316 0.46661493893754336 0.5337474622256052 0.6002577303330265 0.6667988667508724 0.7335037952180101 0.8005353109332465 0.8664130442088773 0.01598447601121895 
0.36363046512559827 0.06692049627417097 0.13371676930251136 0.9999999953454096 0.9999999999178566 0.333604987334091 0.40001719347977394 0.4666433822108099 0.5331136765352015 0.6002573119506603 0.6668002684521659 0.7335038688213624 0.8002778815628202 0.8663788561810954 0.016994306981091434 
0.36485167667310775 0.06692048790967177 0.13343551525600064 0.9999999951170788 0.9999999994727131 0.3336090799312581 0.40001687526289886 0.4665173029787311 0.5335693757756226 0.6002843405637339 0.666602318954811 0.733597362394392 0.8004344459233383 0.8664503004502636 0.016993574907349627 
0.42007674621954627 0.06692546614799974 0.1334448566712467 0.9999999950566691 0.9999999997214467 0.33315353824623023 0.4000172377062705 0.46631921591086034 0.5331027770976671 0.6002536292129168 0.666606010094749 0.7335970530603213 0.800434503956495 0.8664275223804265 0.016817115731258128 
0.42423242841061654 0.06692480479550753 0.13270630328762087 0.999999972351949 0.999999999565425 0.3331535371157454 0.40026800543392305 0.4665287074529662 0.5331066269354777 0.599553327859454 0.6666058957230221 0.7335995955688546 0.8004345039582536 0.8664266188440976 0.016817171192408303 
0.43432833946905564 0.06644228367732714 0.1334378601548762 0.9999999731234488 0.9999999999900253 0.3331534030073958 0.4000150720456223 0.4668471433156128 0.5337981666891829 0.6002739999590311 0.6668225720527609 0.733599653190296 0.8004343573958802 0.866452170428409 0.01699271424797062 
0.4444261865770922 0.06645204296398041 0.13267162912763622 0.9999999988147683 0.9999999998895118 0.33302013485134657 0.4002595364304575 0.4668186374868197 0.5335732410102091 0.6001506945765276 0.6665236147442034 0.7335006480481548 0.8004301729348514 0.8670877574927627 0.016990090494099195 
0.4545258989740716 0.066917368396028 0.13274329800684267 0.9999999978243119 0.999999999039939 0.33313594118598305 0.39998436429077466 0.46680668899644695 0.5335866819659971 0.6002187598947707 0.6668222259322679 0.7335675561292371 0.8004345657168958 0.8664521927176483 0.017055411257397634 
0.46463439951613783 0.06646512026766885 0.13324530442990504 0.999999996350346 0.9999999999947048 0.3330256685937292 0.39999543972012136 0.466833901198705 0.5335886709260749 0.6002198409193528 0.6668235044493575 0.7335680171949349 0.80043435358696 0.867085280199471 0.017055919431947352 
0.4747425736526801 0.06645197965635687 0.13347331288749656 0.9999999727845665 0.9999999999579532 0.3330206940860045 0.40028856430052684 0.46680370313109065 0.5339164219995239 0.6001788446399159 0.6668241446835739 0.73350313060471 0.8004321534168605 0.8670878606694784 0.01698998521157797 
0.48270503894176786 0.06641696158766082 0.13269722678686266 0.9999999957572188 0.9999999983901364 0.33313011844654916 0.40000016141168204 0.4668039080347638 0.5339043432643219 0.5995544591650686 0.6607712049159203 0.7334421065634077 0.8004294859485241 0.8670978455589001 0.016985543260207514 
0.5379621866918638 0.06646512026766885 0.13324530442990504 0.999999996350346 0.9999999991012856 0.33321746824102494 0.39999543972012136 0.4665643128286541 0.5335886709260749 0.6002198409193528 0.6669259661067698 0.7335683272882361 0.8003459212331913 0.867088944641173 0.017055919431947352 
0.5454434045577001 0.06646343728876397 0.13310692068361255 0.9999999958531852 0.999999998910945 0.33310684485988384 0.40002387867353584 0.46681640610799363 0.5335599118186785 0.6002589980255879 0.6669261127394379 0.7334465093032272 0.8003460148968878 0.8670898578871127 0.017064979211449158 
0.5555395712598499 0.06646729058009473 0.1332523022686789 0.9999999963486575 0.999999998375064 0.3332159814707884 0.39999544224202993 0.46656433886623905 0.5335988815092301 0.5995312163808262 0.6670011251855185 0.7335537230278157 0.8003375899927772 0.8670885178383946 0.01687199057823895 
0.5656454714082644 0.0665262948021077 0.13344276705520478 0.9999999959703151 0.9999999995159048 0.333217037299371 0.40000684062520603 0.4665385064798622 0.5335407886671436 0.600283565607353 0.6669508459211149 0.7332749667706229 0.800345715666298 0.8669819306083523 0.017062417989022364 
0.5757496659542767 0.06646892061914843 0.13310611768146818 0.9999999975399264 0.9999999996918116 0.3331070080523408 0.4000220126886228 0.46681007232469396 0.5335644151909027 0.5995685414435907 0.6669513520864491 0.7335645669301242 0.800344501117869 0.8669541671194737 0.017055792095304265 
0.585816735444591 0.06652559669182963 0.13347354916328455 0.9999999985635597 0.999999999574356 0.3332170250243941 0.40002272652722687 0.4668126081634953 0.5335337967986026 0.599504907233785 0.6669161459424655 0.7332614295159146 0.8003446512470872 0.8669569343218356 0.016851600038236474 
0.5959485368455718 0.06647341214876873 0.13348052743503108 0.9999999954044815 0.9999999995144155 0.33320817591068624 0.40000755469866567 0.46684956366357777 0.5335336242873797 0.5995233847399942 0.6669161446725279 0.7331859930585177 0.800345639876447 0.8670833533468807 0.017062443017912588 
0.6005456174237 0.06652597261814064 0.13348056643099654 0.9999999996923706 0.999999999830237 0.3332081206282427 0.40000739523865303 0.4668134877370572 0.5335330700419769 0.599584555022172 0.6667934392461604 0.7332635583633341 0.8003402174820603 0.8669572392816095 0.016841598466664973 
0.6557923700331251 0.0665260151328935 0.13347987690501092 0.9999999999032351 0.9999999980554067 0.33320792383676856 0.400056827109844 0.4668372297210332 0.5335330367314395 0.5995543284375083 0.6668058732896266 0.733264056251927 0.8003403359961779 0.8669573090357074 0.016841643221485944 
0.6565419012857903 0.0665260151328935 0.13347987273222897 0.9999999999032351 0.9999999980554067 0.3332180254574155 0.40001102115283577 0.46683669473858114 0.5335691571870976 0.599554378420578 0.6667345529841627 0.7332638491221763 0.8003403359961779 0.8669573090357074 0.01684163507612341 
0.6666479304439107 0.06652223759182084 0.1334822651848753 0.9999999959438731 0.9999999995241041 0.33311286455122024 0.40006477111905253 0.4664705094300674 0.533568152916435 0.5995417242413255 0.6669345141529632 0.7332886267044335 0.8002943647208594 0.8672935190947174 0.01684926317712876 
0.6767515684230313 0.06652719392557907 0.1334796949042563 0.9999999985000771 0.9999999983866099 0.33321506486994057 0.4000231108689346 0.4665556760622359 0.5335560814312528 0.5995547036774261 0.6666361049508142 0.7332898685029364 0.8003618064727597 0.8672655056247607 0.016841553597513024 
0.6868218983606491 0.06662022658874187 0.1335324778927419 0.9999999994366142 0.9999999999443375 0.3332072292049971 0.3997850418248375 0.4665395026172742 0.5335385619311656 0.5995776044861254 0.6670057995555809 0.7332744950521765 0.8003638466510022 0.8669847573279119 0.01690440814474947 
0.6969507062021436 0.06652096470432058 0.13347995555140968 0.999999999494895 0.9999999998712014 0.33321802428200786 0.40005540880175205 0.46654766163042505 0.5335540259040634 0.5995439439455493 0.6666250937176045 0.733276356337661 0.8003406221134416 0.8669584884425175 0.016841785138933606 
0.7070549586323015 0.06643389238012119 0.13347890646475963 0.9999999901097674 0.999999998215298 0.3331119625092733 0.39974167434859026 0.466470187144553 0.5331140679980887 0.5995546397950489 0.6666862441332672 0.7332894518624445 0.8002904387889612 0.8669666206214705 0.016841655674108984 
0.7171554027893219 0.06661849333371982 0.1335316035179403 0.9999999925552171 0.9999999999912854 0.33312717770930544 0.4000551120666897 0.4666525546484235 0.5335684572604596 0.5995785995296414 0.6669339254980151 0.7332807004020837 0.800291411846324 0.8669556522513376 0.016841101330722724 
0.7184044887961244 0.06643085228644678 0.1334768291212031 0.9999999992658608 0.9999999999982492 0.33312514090215034 0.4000544833440409 0.46664765442053363 0.533125180578469 0.5995435764088419 0.6669385382251609 0.7332828323449807 0.8002914085627074 0.8669559351734952 0.016841779914004144 
0.7736287646213582 0.06642751951376627 0.13352596884783113 0.99999999820956 0.9999999999948238 0.33325129002333354 0.3997289784197034 0.4666462429536921 0.5331387465394258 0.5993701490166461 0.6666776575449277 0.7334527124697714 0.8002917595326186 0.8669557405169828 0.016904187816419943 
0.7777464584656264 0.06642812862686819 0.133522420263165 0.999999998500236 0.9999999982020634 0.3331204800238695 0.3999349391832705 0.4664579410274484 0.5331243718164488 0.5992813664078003 0.6668032282565217 0.733264340903592 0.8002932246930985 0.8669559447828706 0.01690350590612774 
0.7878648540875747 0.06643509602746228 0.13325467093159327 0.9999999572408945 0.9999999983712979 0.33319752585126333 0.39994282978414075 0.4664576589507853 0.5336259960193731 0.5995496377939818 0.6668163862142763 0.7328188687026918 0.8003442645377873 0.8670316147170853 0.01687438314820409 
0.7979742002708778 0.06641770599015265 0.13317269958866548 0.9999999088383715 0.9999999996630138 0.3329858233082227 0.4000412710320815 0.46651467366742 0.5335623520965055 0.5993501424300953 0.6670042171511642 0.7328427834033425 0.8003969154846696 0.8664170295889647 0.017109863648120362 
0.8080595254864786 0.0664203348122207 0.13380357695542722 0.9999999903680006 0.9999999994242841 0.3329864088149012 0.39994170210682034 0.4665149562563725 0.5335752611997151 0.5993492832014267 0.666550233157869 0.7327987473612461 0.80038678370281 0.86700723960864 0.016908033774621828 
0.8181608119180246 0.06662170497726404 0.1332649921399895 0.9999999942036678 0.9999999984007525 0.33322375760686945 0.39994281349824423 0.46649574764436424 0.5335796639523332 0.6005297248466896 0.6668146477642486 0.7335067269670726 0.8003791627425049 0.867029965392302 0.01687441647125196 
0.8282643222867945 0.06640215693920966 0.13328236990783945 0.999999990190779 0.9999999992076131 0.3329837720196571 0.39994246625498514 0.466515080288251 0.5335750662220369 0.6005231998150319 0.6666781142413308 0.7332956870104536 0.80038551462053 0.86702992679574 0.016882963308643164 
0.836255360846028 0.0664212028427747 0.1332720286711337 0.9999999912455224 0.9999999992076136 0.3329806265950527 0.39994170210682034 0.4665155571133321 0.5335778075487976 0.6005333682381235 0.666550233157869 0.7332867831551029 0.8003457450393646 0.8670289967038207 0.01690803019561887 
0.8915113875866177 0.06661191730466917 0.13328042097090217 0.9999999912026466 0.9999999992025547 0.33322572248101784 0.39994192247279475 0.46651876502698125 0.5335826533963514 0.6005275214910815 0.6665506922911911 0.7332949054542223 0.8003455733454605 0.8664354772536951 0.016908008112752244 
0.8989691189967552 0.06660857897177311 0.13329272788895433 0.9999999566813352 0.9999999993657049 0.33358164247236727 0.40003655422747103 0.46679037436943877 0.5331503344416059 0.5995450460216428 0.6667514044186338 0.7332915924294912 0.8003441188728955 0.8664163163555223 0.016935065738266614 
0.9090661438803878 0.06659607087649312 0.13328051605158722 0.9999999989140682 0.9999999994209111 0.3332165857016212 0.4000378225027093 0.4665110618533243 0.5331850735083786 0.5993717576060666 0.666755227989185 0.7335220751098216 0.8005197910541983 0.8664310651756117 0.016920900668467666 
0.9191701098555322 0.06657106437794723 0.13348804786743818 0.9999999987068007 0.9999999977535284 0.33358997573919413 0.4000192212704156 0.466833927247208 0.5335678682024917 0.6001560056615269 0.6666655680117242 0.733530857584619 0.8004544903885944 0.8670782923998501 0.016902155284420847 
0.929280742955152 0.06690081360213032 0.13326097879774695 0.9999999989072763 0.9999999994673963 0.33322437552582773 0.40006289918744065 0.46682699280118833 0.5335601316352712 0.5996334660481657 0.6666775478826018 0.7331466260630939 0.8003761113365563 0.8664451337405595 0.017096175942819185 
0.9393726002951186 0.06659604181850615 0.13322597560814137 0.9999999989513917 0.999999997152917 0.33321544578134016 0.4000142704802726 0.46650156845027163 0.5331850909595258 0.5994330648038926 0.6667572075148361 0.7335273789571608 0.8003459705782735 0.8670764103473466 0.01690329976785188 
0.9494721777743228 0.0669121841313137 0.1332610234854422 0.9999999976492485 0.9999999998919307 0.3335243694397995 0.4002603781833681 0.46649471853124974 0.5335877911856781 0.5996322718974931 0.6666695220826258 0.7331630941692082 0.8003457681036114 0.8670492160806407 0.016746833897592083 
0.9541074387853411 0.066594249895319 0.13322606600830952 0.9999999996515861 0.9999999996718939 0.3331265892231281 0.4002856390739178 0.4665060548213191 0.5336114806027151 0.5994168267472572 0.6666696579103115 0.7331641174375678 0.8003457460544575 0.8670478520497839 0.01687275171754093 
