0.30000251462510985 0.45227965831329137 
0.3000823507037073 0.45220885441585557 
0.30026714489476297 0.4521672182276892 
0.3006796418150653 0.4517066105276196 
0.3007517702943806 0.45164660802089684 
0.30148700680705554 0.45110914881275066 
0.30177804911643297 0.4510236078529258 
0.30215037351360224 0.4506657451837086 
0.3024682260966388 0.4505294441255052 
0.30289701866386254 0.45017580409627345 
0.30297994695985037 0.45009784015268245 
0.30333447926216023 0.44994168837672016 
0.30349831562253715 0.4497326667616355 
0.3038522777097339 0.44950690070590804 
0.3041922483993392 0.44921220247334803 
0.30467682509144955 0.4486579364396984 
0.3048745661157272 0.4486452530513526 
0.30522860738403856 0.44835726390761577 
0.3053426050683873 0.44793052073661915 
0.3054898431176717 0.44774506399460495 
0.30569262214632165 0.44770477927294194 
0.30582614527191493 0.4474239988866197 
0.3061841165055264 0.44712536865768415 
0.3063583407890297 0.4470383505669676 
0.3065634126802848 0.44697554133288375 
0.30670014885382696 0.446725087860234 
0.306815427621725 0.4463681243530142 
0.30700839915491057 0.446312762848477 
0.30721549546783644 0.44627776734871305 
0.3076423581498398 0.44561208665999996 
0.30765241915491054 0.4455854335307707 
0.3078536525649436 0.44544878535305765 
0.30802694269150194 0.4453913176621616 
0.30821247908296684 0.4453081654084034 
0.3083968713641985 0.4452488193077541 
0.30860810041967224 0.44482799643352583 
0.3087185132062674 0.4447811280999553 
0.3091036044208607 0.4445855674614314 
0.30930794904158576 0.44450691948198184 
0.3094487831484309 0.4442687454116306 
0.30961620041881655 0.4441014301516098 
0.30996024026897046 0.44378419250868073 
0.3105157593636569 0.44329499555923224 
0.3106452557424484 0.4431556974732427 
0.3110701544397137 0.44300668117901015 
0.31129276045728144 0.442960669776364 
0.31160934583644995 0.44257366999603576 
0.31177705766144664 0.4423982545722913 
0.3118613649451221 0.44197589788830316 
0.3120513117242017 0.4418891610115609 
0.3121999522532457 0.4417282791672836 
0.3125731129625943 0.44145176506042916 
0.3127959918828184 0.44138446115359903 
0.3128664424759937 0.44103850014580837 
0.31329964582005515 0.4408722271921966 
0.3134180149254541 0.44062580475733293 
0.31361498724123493 0.4404907784138161 
0.31375006585318294 0.44028551556454565 
0.31398938954754185 0.44024467611917867 
0.31412726421538434 0.439993340548932 
0.3143527612848082 0.43991844219805404 
0.3144856099588832 0.43969987453085524 
0.31486932441539767 0.43942396256200417 
0.3150743879769913 0.43930982260611523 
0.3153387927580888 0.4392875307931384 
0.31549220268905037 0.43909245005674435 
0.31556976439708384 0.4387963816579432 
0.31578320339270044 0.43864040251752184 
0.3158479928353158 0.43834697528795846 
0.3159893115248844 0.43815857398066227 
0.31627048349977344 0.43814141343649227 
0.3163731870721517 0.43787492601703715 
0.3164783957853448 0.4376473670149167 
0.3167042430644857 0.4375312990205209 
0.31687006118521643 0.43735331307541925 
0.317049066997149 0.4371923637231324 
0.3171990106290423 0.4369884226197542 
0.31738829568868576 0.4368656166518519 
0.31758329284042086 0.4366610913066182 
0.31772090707330186 0.43651715704885313 
0.3179746670089177 0.436358073768005 
0.31816351565134005 0.43628409276471714 
0.31826173480608333 0.43602966865359505 
0.3184652720770384 0.43595160926638654 
0.31869437139336315 0.43580939011144404 
0.3188189860387362 0.43556223097889907 
0.3190245176122497 0.43544880848787826 
0.31919370903047134 0.43529906211621466 
0.31939228911712675 0.4351222658733037 
0.3196209692838366 0.4350164711437835 
0.3197689013868904 0.4348130696928733 
0.319896023011663 0.4346332935378798 
0.3200526183056903 0.4344437113920171 
0.32038254138812744 0.43443652738371924 
0.3204290309936001 0.4341100735304999 
0.32057035318429955 0.4339821854657103 
0.32073689824681395 0.433823864539403 
0.32097918386209695 0.4336246142436886 
0.3211937122588958 0.43350260524443895 
0.321332675493336 0.43330487543953217 
0.3215103072517369 0.4331554201432791 
0.32169369616465593 0.43299862842946235 
0.3218579148819423 0.4328277898926581 
0.3220494694640334 0.4326811340728463 
0.3222146807395008 0.4324992026788049 
0.32238706582224397 0.43241934039033875 
0.3226283496275401 0.4322156208897911 
0.32283148125145056 0.43207570448013244 
0.3230641385321159 0.4319262187276876 
0.32320610211561507 0.4317459231736446 
0.3233674446294085 0.43156957309671273 
0.32357691437516495 0.43142763151022095 
0.3238143372846324 0.4312769917862837 
0.32397723602210027 0.43117131731774827 
0.3242407517002738 0.43099045833481214 
0.3243771211505792 0.43083145184236543 
0.32462429696963635 0.4307070443242136 
0.32474063239795464 0.43050129600407994 
0.3252075261696345 0.4302028532368319 
0.32538446218645933 0.4301046241147439 
0.3255662282547514 0.42999402084262506 
0.32602031944340903 0.4298825781963012 
0.3260844850752321 0.4296510699716664 
0.3263799675653643 0.429575646482154 
0.32642832399091476 0.4293142316860391 
0.32662774850121046 0.42918743160413797 
0.3267811419088735 0.4289219213123264 
0.3269526159797722 0.42880523077270194 
0.3270344473540529 0.4286166746818588 
0.3273573551186801 0.4285258628094879 
0.3275079486064522 0.42831293021996425 
0.3275744650133419 0.4280606685959005 
0.32778235194904587 0.42790589682410773 
0.32822699438492 0.4278715151751108 
0.3283170029079491 0.4273890744756733 
0.3284263485968857 0.42718279073652654 
0.3287597557719959 0.4270938042343023 
0.3289578756657831 0.4266912562725483 
0.3293396665420516 0.4266036193212593 
0.32945396453717946 0.42639428594462425 
0.3296689811956363 0.4262376252129494 
0.3297721681006261 0.4260240305699159 
0.33012248779621256 0.425931740129982 
0.3301720293579489 0.425700260352207 
0.3304052131484816 0.42555560373441437 
0.3305894658950826 0.4252646696849004 
0.3311840910219389 0.42515068464160144 
0.33125632274974753 0.42492378190958485 
0.33169979744028305 0.4246187808645362 
0.33210794286338535 0.42454213460576623 
0.3324725152338366 0.4244465213401775 
0.3325601815621819 0.4242270853051911 
0.33266130692832363 0.42402713147504084 
0.33271164643930407 0.4238197216352808 
0.3330663495642134 0.4236830075534425 
0.33335405064331636 0.423558581647556 
0.33339353234798097 0.4233166139265939 
0.33342637490127586 0.4230968012362695 
0.3338673315407075 0.4227609904910164 
0.3338820829777783 0.42263488965238144 
0.3344713647152627 0.4222534954962686 
0.33450964732507366 0.4220271886384829 
0.33454329010633066 0.4219346909277081 
0.335335158156424 0.4213589792794241 
0.3353354916292779 0.42117869286614895 
0.3360368220671848 0.42064004363672847 
0.3361724815081808 0.4204567789165896 
0.33622744804158866 0.4203381896030127 
0.33679093619404593 0.4199410940765836 
0.3368743749806726 0.41984142598806007 
0.33787709779197905 0.41954914885709316 
0.33788459333064974 0.41933062480707095 
0.338158569473099 0.4191816379286087 
0.33827698667747824 0.41890806550721993 
0.33906861471085276 0.41875503041361944 
0.3391311310537181 0.41851774954637244 
0.3392914052481401 0.41835503965369425 
0.33955186817509403 0.41795199949510115 
0.33973324385074116 0.41779503600125073 
0.33979337848148355 0.4175635051825654 
0.3399045347380786 0.417407342679077 
0.3402805328025039 0.4170271282288881 
0.34034110892150343 0.41694299639506843 
0.34105579344894943 0.4165161899816139 
0.3410574756731608 0.41629833882651474 
0.34113617757583 0.41612663495937385 
0.3413763973424148 0.4159415342946956 
0.34148865130751405 0.4158073366518972 
0.34191752501117156 0.41561109450140526 
0.34212216354112074 0.4152583214950503 
0.3426551489737087 0.41489493247686215 
0.3428007807285851 0.41474598167838617 
0.3433031836496 0.4143713371462853 
0.34337746572705075 0.4143153642972643 
0.3442763803557514 0.41407152461745883 
0.34443722601982724 0.4138910219626124 
0.344588075785674 0.4137032662622289 
0.34474702738979635 0.4133172948721553 
0.3449377894532166 0.413134225041116 
0.34508529901843554 0.4129476848880887 
0.3453403303056611 0.412665388029348 
0.3459207141021171 0.41221124046286617 
0.3462935354058751 0.4120572138040841 
0.34637398697190486 0.4118689064931913 
0.3463778875936362 0.4116942316233772 
0.3465680983019707 0.41149094385493534 
0.3467621704346205 0.4113071307371453 
0.3469957017225842 0.41113243084661133 
0.3474730973917426 0.4109518964916555 
0.34756529967674277 0.4107869553477921 
0.34775945337530373 0.4105922567221332 
0.3480610450989171 0.41041585868452013 
0.348290865876504 0.4102333664174855 
0.348404736569443 0.41018277432815164 
0.3490536772666051 0.4098812540923501 
0.34916585658676375 0.40970717630293435 
0.34943825871380674 0.40953021697284286 
0.3498338658715987 0.40932990998001706 
0.35011516012716637 0.4091589036158532 
0.3502592721861612 0.4090816109198671 
