4.3612005417251187E-4 1.000335261001075 
0.018095659706602298 1.0002835747916943 
0.021826065676081294 0.9998621355261886 
0.03166505387466741 0.9993419239782362 
0.035635060995868224 0.9992785351436342 
0.03933015081838803 0.9987566585129473 
0.045992596256364454 0.9982531613359816 
0.04951059624180444 0.9981535294012169 
0.10037632612618186 0.990298121961294 
0.10325323702702463 0.9899028461250509 
0.10666208870645982 0.9895228498767574 
0.11493361041381528 0.9879581331329773 
0.11936920199075658 0.9861847073111523 
0.12270463792989739 0.986157037965346 
0.1266520146003247 0.9845837305089397 
0.1308698313828078 0.9834042220117003 
0.1351971339721124 0.9821830284449019 
0.13938081766833818 0.9810182971534805 
0.14326841578068628 0.9800967249871112 
0.1474614893563185 0.9786654990150554 
0.1504418762901079 0.9780293757831848 
0.2002997039084244 0.9602693855829151 
0.20662690894626223 0.9579938863472343 
0.21112941012671219 0.9558343158780449 
0.21564728915681228 0.9542568530038904 
0.2241581609639584 0.9512463928312844 
0.22897224832741642 0.9484295986936537 
0.2335537324707948 0.9461872886416459 
0.2379614094557718 0.9440586821549255 
0.24208293461487362 0.942081253383538 
0.24597836393281886 0.940197935127597 
0.25088892699249216 0.9384814385539569 
0.30035188444897304 0.9103501083125365 
0.30433505247749243 0.9079123374780107 
0.3088534026404713 0.9053851523238692 
0.3129326160247641 0.9033324679860988 
0.3180764630434726 0.8994731037458598 
0.32252719684896813 0.8978377658048508 
0.32677588560503795 0.8936827763907701 
0.33067717628063364 0.8914371842643791 
0.33593500845228663 0.8878416475822565 
0.33901477880863595 0.8856630790364373 
0.3447351467191428 0.8819601301781859 
0.34854214634273106 0.879047470621855 
0.4002932707096698 0.8402353446864645 
0.4017671176705424 0.8393046412110012 
0.4071031325988299 0.8348124270071119 
0.4108887269714193 0.8321818825330076 
0.41590763057754115 0.827501213983803 
0.420208628396236 0.8239557466187231 
0.4244353071197635 0.8203930637090593 
0.42793788538406075 0.8175873023858397 
0.432549431451843 0.8138788151575248 
0.4372718997911243 0.8095424127966763 
0.4420725725702811 0.8054281893234849 
0.44534629461309005 0.8021130394202635 
0.4502654875844169 0.7978884768370276 
0.5002222519552171 0.7502165581807251 
0.5018125871745375 0.7497952820393998 
0.505546629917095 0.7449414952922602 
0.5093282023149146 0.7411141875917486 
0.5137233054939628 0.7365858589066034 
0.517490860577894 0.7327660084792488 
0.5221493454876681 0.7278737132777148 
0.5261254910262797 0.7237642842458532 
0.5301516739512654 0.719409091682857 
0.5346867312836536 0.7145743514078028 
0.5380679753997517 0.7109258080334585 
0.5419817257051232 0.7067233968917113 
0.5460760462133666 0.7023146271191429 
0.5499434316986904 0.6980408162737979 
0.5502122738015609 0.697716545686783 
0.6002151527283272 0.6402097066833337 
0.6005129738689773 0.6399588656544712 
0.60425020293516 0.6354202338466348 
0.6079628944478356 0.6308452916189415 
0.611691205522108 0.6262825931573615 
0.6144405107182004 0.6229679723704948 
0.6194883040244986 0.6167096303766582 
0.6231159396418451 0.6122950599968326 
0.6260473312962349 0.6086544057081872 
0.6303970886664084 0.6031984151986929 
0.633538563495404 0.5991178643489039 
0.6375797945582127 0.5939114232544163 
0.641178455892494 0.5893673432331201 
0.6451131154354779 0.5843637430372016 
0.6481014003701763 0.580457255681279 
0.6502080378113091 0.5777106398781682 
0.700208386502596 0.5102040015886387 
0.7024263504363034 0.5071115670724411 
0.7060993330045323 0.502004981879046 
0.709013307492486 0.4981163353651842 
0.712456228268589 0.493031013033715 
0.7153859524675688 0.4887638811733047 
0.7187465715921832 0.4839332083096153 
0.7220324200183361 0.4793740756370759 
0.7249435013256267 0.47542893553817966 
0.7283209909396269 0.4701986689089669 
0.731748598824646 0.4657348707460851 
0.7353054093144135 0.4612400377679119 
0.7374023058537054 0.45682181770497743 
0.740685820217132 0.45230438836411424 
0.7434814000383188 0.447816877416923 
0.7473105905341826 0.4434352326629044 
0.7502229219670081 0.43852312501124613 
0.7502575581813588 0.4377701784233856 
0.8036393604348187 0.3594544238554024 
0.8051853986089587 0.35439586920260746 
0.808182936252377 0.35025135660898254 
0.8105738498191577 0.34592121668853293 
0.8133688687716472 0.3416787563160295 
0.8170029754800178 0.3373878442694813 
0.818549085110461 0.3326230713862032 
0.8219919915893356 0.3286997039794598 
0.8242463814137413 0.3241963428709723 
0.8256325767350505 0.31974029799738857 
0.8284035467160487 0.3156070907866586 
0.8311691704927714 0.31118192047063653 
0.8338171567521109 0.30702741156266233 
0.8365644231708875 0.3026057331017519 
0.8391276585799327 0.2986606973689111 
0.8415608235794433 0.2943477533745754 
0.8438596477078043 0.28982234552516173 
0.8460435287026546 0.28574787213104924 
0.8483361457572559 0.2812703052842106 
0.8502984622709376 0.2778361903549733 
0.9017172860398459 0.18797466222963444 
0.9042796546670033 0.18393566472610978 
0.9067828945582279 0.18022799845498338 
0.9082489795356457 0.17620003033405773 
0.9105202957360254 0.1724668236164062 
0.9133498453950993 0.1684734034683376 
0.9143782118725806 0.1648832565454753 
0.9172647597281927 0.16087877571042186 
0.9188209067708905 0.15697917473633627 
0.9209919301421237 0.15288978194031744 
0.9231443124738051 0.1491973726488104 
0.9250379513027697 0.14529487234023442 
0.9266641041376461 0.1419716597000793 
0.9291767980109912 0.13774760977171863 
0.931096206200463 0.13399162439373746 
0.9332829044535763 0.13020969286896256 
0.935730830444646 0.12646808496156592 
0.9371638036302705 0.1227119182827554 
0.9400433888055848 0.1190757793457502 
0.9411732803577437 0.11533692948121266 
0.9430987499532356 0.11165373864106687 
0.9449046568796715 0.10792648171097252 
0.9467738716453089 0.10425023565250024 
0.9489144648870095 0.10065288222679702 
0.9501901069313762 0.0977453838985467 
