1.0084888260045166E-4 0.499836812551773 0.4998056960032364 0.4999882191593742 0.5000459075382196 0.4999203822422033 0.5000621460802492 0.5000310735935736 0.500022798220724 0.5001600486796998 0.5000108802183798 0.500100489974669 0.5000305231418306 0.49994916960718255 0.5000703483426936 0.49999443035493213 0.5000621810771638 0.5000848277338641 0.5000240318557877 0.4999436790196954 0.500006733392341 0.49984026292201866 0.5000097698599663 0.49998355541426726 0.5000201692127815 0.4999568726436679 0.4999966894776893 0.5000271569449304 0.5000334518347926 0.5000474125252564 
0.01750563756823751 0.4998336994416151 0.4998293262826094 0.4999892022735935 0.5000470537872285 0.49995262078345476 0.5000818071236933 0.5000241266343138 0.5000248255969347 0.5001592854993657 0.4999866651960533 0.5000939467868833 0.500029791808283 0.4999514304823986 0.5000721113251219 0.5003628479030051 0.5000623390834056 0.5000872582752666 0.5000221684232681 0.4999211481202368 0.5000059898846004 0.49984027813815496 0.5000097426226636 0.49998234433181626 0.5000199890814333 0.49997493566436685 0.49999798836827786 0.499924919505516 0.5000445422737627 0.5000470727907121 
0.021501610879480035 0.4998366104138237 0.49982995723442375 0.4999889407011309 0.500050842092807 0.4999230193912227 0.5000552607390538 0.5000481431089934 0.5000125584240159 0.5001602133756167 0.49999777602988654 0.5001058944655599 0.5000290040829675 0.4999513072775877 0.5000593778038015 0.49998720784160156 0.5000820400491277 0.5000840438014134 0.5000240305808672 0.49994367268835893 0.5000065363248252 0.4998402708424214 0.5000076888298733 0.4999835555251864 0.5000198536641822 0.49995654792767935 0.49999798589337424 0.5000262510392718 0.5000442653946099 0.5000486025034147 
0.031340879188145286 0.4998236516386415 0.49983360773706337 0.4999937693704485 0.5000507383225752 0.500092393924077 0.5000813633469946 0.5000557613591186 0.5000130961675864 0.5001604495147205 0.49998361536765396 0.4999631462904004 0.5000293252478341 0.499951432180885 0.4999614240566168 0.49999424925078023 0.5000672575306871 0.5000872341796829 0.5000648445544539 0.4999268690657198 0.4999868914219475 0.49984353037389195 0.5000089969245604 0.4999837086443338 0.5000171133876742 0.4999742455016285 0.49999391499868306 0.500016679238057 0.5000446985983751 0.5000473671747395 
0.03512290723929402 0.4998238607043874 0.500294650323842 0.4999878128179006 0.500050592803476 0.5000984746182597 0.5000550933804064 0.5000548601004255 0.5000146284226163 0.5001602819231656 0.49999777230381043 0.5000987636394459 0.500028995516856 0.4999513688080693 0.5000713551473577 0.4999852734568137 0.5000841727511046 0.5001120163986146 0.5000647869505468 0.4999270428546695 0.5000067554283582 0.49983992022948476 0.5000089144801965 0.4999828428004614 0.5000198939176738 0.4999737087877806 0.5000165965479252 0.4999209855318724 0.5000358787946128 0.5001215299630056 
0.03904869196153399 0.49984006566622674 0.5001131504336416 0.49999146968250513 0.50004065759807 0.4999598631543991 0.5000551435243606 0.5000236191393589 0.5000076936576359 0.5001586107899829 0.49998359728167957 0.4999694014898962 0.5000296033246582 0.4999513963439179 0.4999637881384475 0.49998057654030603 0.5000619849536764 0.5001123939973146 0.500023478339039 0.4999431799545168 0.4999351519717487 0.49984193214451517 0.5000069042255307 0.4999839942802409 0.5000194314763654 0.4999799533281684 0.4999996794818497 0.4998919658654136 0.500037478879523 0.5000473949418419 
0.04565505121860905 0.49983145533855566 0.4998293262826094 0.49998867604410585 0.5000471752391558 0.4999276204248277 0.5000791697025622 0.5000985376335664 0.5000166591218262 0.5001600797700833 0.49996964307010955 0.4999391067028992 0.5000297927736844 0.49995142794620273 0.50006329253024 0.49999450248399846 0.5000630598682814 0.5000873270078399 0.5000146026213457 0.49992252188205444 0.5000059898846004 0.4998400069711088 0.5000099572379333 0.49996359057295164 0.5000200107931905 0.49997409968605183 0.4999980532832328 0.5000415085940533 0.5000442517511194 0.5000485902209646 
0.04895998655693247 0.4998335408697524 0.5003441119676487 0.4999877912306276 0.5000507038234311 0.500104955148726 0.5000809492314126 0.5000590432492141 0.5000146044450756 0.5001601175378413 0.4999696154845035 0.5000969337205844 0.5000290607479796 0.49995144933814417 0.5000713360360493 0.5000126212896098 0.5000837627992173 0.500111112730964 0.5000647286932667 0.49992705027523276 0.4999989633988553 0.499844833854313 0.5000089225801366 0.4999834795026277 0.5000171317568011 0.4999770527289323 0.49999956925935046 0.4999188905021028 0.5000356729155203 0.5000481117126121 
0.10006516659850195 0.49983369965559965 0.49982089668000124 0.49998950168561257 0.5000390850144407 0.5000375636342423 0.5000818488728228 0.5000243534909955 0.5000227981080264 0.5001427100084844 0.4999465720397945 0.5000998189426114 0.5000195520451111 0.4999512349352474 0.4999529806903785 0.49996092918761403 0.5000629071543239 0.5000862062066174 0.5000205669424579 0.4999322098941986 0.5000069533569595 0.4998446801318442 0.500005323710473 0.49996232106534294 0.5000201892503774 0.49998364267585244 0.49999378790838434 0.5000283006326115 0.5000389995521471 0.5000470731937648 
0.10278552645362496 0.49983667355384326 0.5003207812060941 0.4999889407011309 0.500050842092807 0.49992306373635814 0.5000560053527063 0.5000492455470886 0.5000214048073401 0.5001602133756167 0.49999777602988654 0.5001005073529573 0.5000290040829675 0.4999513072775877 0.5000593778038015 0.49998720784160156 0.5000820400491277 0.500084355871619 0.5000240305808672 0.49994367268835893 0.5000048503083085 0.4998402708424214 0.5000076888298733 0.4999835555251864 0.5000198981225232 0.49995654792767935 0.4999966821814676 0.5000262510392718 0.5000334766191249 0.5000486025034147 
0.10592015879132327 0.4998365673035751 0.4998563104435102 0.4999880041338908 0.5000593251877614 0.49993667960834814 0.5000818608204094 0.5000765496290842 0.5000159585139117 0.5001591756141711 0.500173492143226 0.5001042622416964 0.5000297036107756 0.4999491322814057 0.5000723941440929 0.5003162256471443 0.5000763802356083 0.5000932382482528 0.50002314875031 0.4999320496865082 0.500006824010195 0.4998462616849327 0.5000101158673877 0.49996539905465837 0.5000206293119392 0.49971598132431505 0.500019970095418 0.5000283339015323 0.5000601952698829 0.5000473413750695 
0.11398328746052849 0.4998351646151297 0.5003137752158917 0.4999506366286783 0.5000498417778274 0.49993397320790245 0.5000725725800877 0.5000548734855468 0.5000152324025862 0.5001427626066767 0.4999354222926321 0.5001739871036915 0.5000385175809856 0.4999137032365741 0.4999431057900926 0.5003898348501981 0.5000853123591077 0.5000734197708737 0.5000608469696258 0.4999225896592526 0.4999282245323286 0.4998404592995655 0.5000097701040183 0.49991096123690903 0.5000171764945153 0.49977396246590094 0.4999936022919767 0.500034690305471 0.5000534385240777 0.5000484827888875 
0.11901897764091558 0.4998361590193953 0.4998050918589205 0.49999082014508944 0.5000488418484318 0.4999384122791021 0.5000606415898635 0.5000607576397144 0.5000163994743188 0.5001427626501006 0.49994709959293276 0.5001003649655825 0.5000295280185821 0.49995111755854743 0.5000725618944182 0.4999567700349631 0.5000626340303206 0.5000534673414353 0.5000098222804691 0.49992253163773887 0.4999494435686338 0.4998404592597369 0.500009885223028 0.4999939882843537 0.5000164078432189 0.4999659885292762 0.49999346357791397 0.4999145241314612 0.5000539762525132 0.500047372731433 
0.12172952315661456 0.49983549974564395 0.500320768890198 0.4999889407011309 0.5001237079183353 0.49992306373635814 0.500127999812372 0.5000492455470886 0.5000214048073401 0.5001602133756167 0.49999777602988654 0.4996018371450288 0.5001522124807781 0.4999513072775877 0.5000594711707943 0.49998720784160156 0.5000820400491277 0.5000841776414158 0.5000656724936577 0.4999434389837041 0.5000048448257258 0.499842021111544 0.5000120133675382 0.4999835555251864 0.500021676865861 0.49978058123750907 0.4999965535663721 0.49989525735263907 0.5000330612698375 0.5000483274146019 
0.12615356270757183 0.4998334777474918 0.49979873342551207 0.4999858168152018 0.5001154822122672 0.5000632535192848 0.5000817624531773 0.5000646075216947 0.5000161939009603 0.5001426988476112 0.500177373495321 0.5001826881524136 0.500019561433403 0.49990894098948024 0.5000803148181033 0.499956436214421 0.5000593113491244 0.5000522972538537 0.5000620280963716 0.49992282590099374 0.4999249916954425 0.4998420638521869 0.5000108751739283 0.49999675022318796 0.500020144673231 0.49996186768968054 0.49999361584144986 0.5000282705232281 0.5000391461742337 0.5000478102804272 
0.13044873651321362 0.4998351881957023 0.4998047927439941 0.4999734338962142 0.5001132001560422 0.4999417244083395 0.5000722775272164 0.5000824303527509 0.5000227461859124 0.5001454763913817 0.49996041582302436 0.5001731433945735 0.5000202990664461 0.4999514496964109 0.5000717828308515 0.49996829568714896 0.5000715428243089 0.500075544919624 0.500063102075106 0.4999318197780978 0.5000069616448561 0.499844668299163 0.5000092691860129 0.5000106645861118 0.5000201262499437 0.49997533429269186 0.49999018046140237 0.49991910093934533 0.5000562462050429 0.5000470686264552 
0.13483391964135824 0.49983635282700745 0.4998179418099987 0.49998132853508415 0.49992924925095594 0.49996020824768367 0.5000567509099347 0.5000277163841774 0.5000085044280173 0.5001674541830153 0.5000002390320591 0.5001048579959487 0.5000315837880944 0.4999483846604539 0.5000749549669143 0.4999496101063238 0.5000980326911588 0.5000419210937496 0.5000632885670819 0.4999314687344724 0.5000050259756464 0.4998448199002398 0.5000591350069807 0.4999933659646634 0.5000160705094397 0.49995866531503425 0.49999362716123896 0.4999156062173417 0.5000549841005407 0.5000475923215962 
0.1390324878399045 0.4998260438691142 0.49979138474565027 0.499990883469336 0.5000426269876334 0.4999591980564834 0.5000881875461674 0.5000278423339265 0.500016552404896 0.5001400024609738 0.4999833233058507 0.5001000250205409 0.5000295699389667 0.49994741256453723 0.5000741658525554 0.49995571058173016 0.5000616992467722 0.5000528278624146 0.5000205618394096 0.4999222526317004 0.5000071145309453 0.4998497701714867 0.5000082074128089 0.4999940887043878 0.5000060074005982 0.4999621831736074 0.49999399434761865 0.4999155096652367 0.500054057012047 0.5000432427143999 
0.14278432681077025 0.49982603525608743 0.49976341185140344 0.49995299337271254 0.5000423812055295 0.49995620856189343 0.5000881880415554 0.5000560821202401 0.5000153508486704 0.5001399117112416 0.4999830961066669 0.5000999512887182 0.5000300508062706 0.49994740700702406 0.5000810624954215 0.4999564092529963 0.5000631189928043 0.500053241275962 0.5000202175490004 0.4999240058177639 0.49992641820874195 0.49984958958502396 0.5000043380215756 0.4999948175818169 0.5000062824549152 0.4997840752442583 0.4999939766308915 0.49991443392447515 0.5000531416558132 0.5000433502277087 
0.14714448953944056 0.49983696755366847 0.49983747165932724 0.4999724255682853 0.5001169055656747 0.4999585485184752 0.5000567509099347 0.5000223070010164 0.5000084748241082 0.5001454691410087 0.49998315045491354 0.5001050969112073 0.5000315348219225 0.4999483846604539 0.4999458986724328 0.4999496101063238 0.5000669999905176 0.5000418727579415 0.5000220157958646 0.4999304690251694 0.49993327640329843 0.4998633218023813 0.5000591350069807 0.4999935676737715 0.5000043203434559 0.4999608717088516 0.4999938521294841 0.5000308953559452 0.5000540684368264 0.5000476384596901 
0.1499326892124469 0.499836260017354 0.4998001220969138 0.49998580000820175 0.5001154759798485 0.5000627059962858 0.5000708458567189 0.5000648168176163 0.5000099146546662 0.5001454691410087 0.5000002390320591 0.5001809558387669 0.5001749643724452 0.49994842144604623 0.5000794914431127 0.49995720348005684 0.500130802393596 0.5000758689612198 0.5000143933627652 0.49993240806513817 0.49992983912717887 0.4998420427820887 0.5000591381553234 0.49999702306485067 0.500009588682344 0.49996102985772256 0.49999400333744654 0.5000308901446403 0.5000553122505504 0.5000476369573621 
0.200021655611817 0.4998340783204506 0.4998368570258335 0.4999713751082523 0.5000392059319013 0.5000299046810917 0.5000783995246475 0.5000249529477165 0.5000159038114743 0.5001029116798911 0.4999953948344202 0.49995458348831956 0.5000209574922583 0.5000290640491153 0.5000805746727179 0.4999495669701683 0.500077804266448 0.500052634373621 0.5000672802640592 0.4999433104350668 0.5000010625559496 0.4998447931297928 0.500062166909044 0.49998302568769215 0.5000055492138437 0.4999598705306056 0.5000500180787532 0.49998041379260977 0.5000423266314781 0.5000474550873734 
0.20613952063245122 0.49982755372127413 0.5003093557296912 0.4999732045909829 0.4999314019432808 0.4999339141465243 0.5000577445171496 0.5000446620083369 0.5000152826946532 0.500137376666282 0.499948214403046 0.5000962705234482 0.50002093616574 0.5000285092283239 0.500085738129311 0.49994847593620717 0.5001071319350339 0.500040829754441 0.5000661353827253 0.49993957218857427 0.49997161434825427 0.49984321329143716 0.5000124092216631 0.49998305621419087 0.5000198720247563 0.4999793225286991 0.49999414284918947 0.49989068232988965 0.5000431708999533 0.5000474525000969 
0.2108411174437416 0.4998342203667748 0.49983749992298643 0.4999809722305401 0.5000443286009564 0.5000299064097912 0.500079839139523 0.5000263105600279 0.500015935185572 0.5001028743201469 0.499996189109239 0.4999605079631655 0.5000309067913133 0.5000290640491153 0.500080441282802 0.4999495822760866 0.5001074950240693 0.5000533613038565 0.5000635111730732 0.4999433104350668 0.5000010185901282 0.49984212583755044 0.5000623713915308 0.499982895151961 0.500005586078256 0.4999609854845862 0.4999976774713378 0.49997921722933525 0.5000600824705538 0.5000470954581322 
0.21511568025944014 0.49982755948082236 0.5003093586172942 0.49997182482791575 0.5000465299547486 0.4999324885100939 0.5000577444458743 0.5000564261622871 0.5000152611856848 0.5001375261073837 0.4999482241398396 0.5001906522386438 0.5000302816837928 0.5000278287355432 0.5000857279346619 0.499905552278223 0.5000721364330728 0.5000408344226643 0.5000659305672672 0.4999248855757404 0.49995048310675405 0.4998432133756853 0.499981224174546 0.4999586188364616 0.5000210860082529 0.4999471442308591 0.4999941435426719 0.49998447312050004 0.5000429489629907 0.5000475047235566 
0.22312638461936513 0.49985228560450146 0.5003097048578492 0.4999586950633701 0.5000441615729002 0.5000290193991679 0.5000767518074336 0.4995489430180169 0.5000165894412848 0.5000945015676445 0.5001757791676884 0.5001959297982077 0.5000208325375051 0.5000294886413793 0.5000650833687053 0.4999500794311615 0.5000747869279283 0.5000759005012728 0.5000681877799662 0.4999223363846965 0.4999331407177701 0.499842011956865 0.5000089654113838 0.4999942205605803 0.5000203266325103 0.49980844635997385 0.4999985122867023 0.49989181375991215 0.500036547624821 0.5000512620876304 
0.22838358687834442 0.4998222538625417 0.5003097048578492 0.49995897089539226 0.5000441615729002 0.5000290193991679 0.5000575098398812 0.5000923736993451 0.5000165335908815 0.5000945015676445 0.5001744015750001 0.4999639889282857 0.5000208337961872 0.5000294886413793 0.5000650833687053 0.4999500794311615 0.5000747869279283 0.5000759005012728 0.5000680685197304 0.4999223363846965 0.4999331407177701 0.499842011956865 0.5000090344436441 0.4999942205605803 0.5000203116648955 0.4998118305671919 0.4999983879948306 0.49989181375991215 0.500059859252031 0.5000512172160934 
0.23305282471943922 0.49984734073237047 0.5003096349364173 0.499970543582368 0.5000395946808435 0.5000181304969555 0.5000612702166424 0.5000238521216641 0.5000091431395386 0.5001427832920581 0.49996710696427155 0.5001930361055851 0.5000209730216797 0.5000008476843439 0.5000807439937871 0.49998246211508646 0.5000637470507416 0.5000741407060102 0.5000374168167299 0.49993198888476015 0.5000008578022646 0.4998415947152874 0.5000100147929796 0.4999968066550365 0.5000200124840396 0.4999777113262082 0.5000437324315398 0.499986455916815 0.5001321618012284 0.5000063175905322 
0.23749761172552028 0.4998242105325036 0.5003096119978898 0.4999891725201348 0.5000395932945289 0.4999370212822882 0.5000617815559665 0.5000315429104321 0.5000090192767435 0.500138029413322 0.4999666528465948 0.500098756423662 0.5000301726977725 0.5000318194745945 0.500080128948816 0.4999760133725673 0.5001072656681954 0.5000738952635108 0.5000362012318541 0.49992930933755775 0.499979242290638 0.49984152618809674 0.49998453724377073 0.4999760302151069 0.5000202894559936 0.4999474766632469 0.5000001326289889 0.4999884435094006 0.5000591474755369 0.500047651775231 
0.24162098219463535 0.4998237058254077 0.5003101491289541 0.4999726920213188 0.5000394459491951 0.5000297490252581 0.5000577808754058 0.5000316519631259 0.5000008592568694 0.5001451110858969 0.49999165060135886 0.5001001083308909 0.5000310575617206 0.5000276020344195 0.5000878188649073 0.4999481991013641 0.5001075552783433 0.5000507978479345 0.5000177302280425 0.49992409348772227 0.49994870007111025 0.499842024331335 0.5000077424643141 0.4999771485349652 0.5000198611148384 0.49995051248179206 0.5000000807218967 0.500028771084346 0.5000390765215453 0.5000474287708295 
0.24550682679987706 0.4998232602330725 0.5003021016654148 0.4999733268199837 0.49992290174984283 0.500032758766582 0.5000579965454047 0.5000579280702628 0.5000159655250218 0.5001382546756356 0.499994445081304 0.5001004738753688 0.5000209576016003 0.49996457112263654 0.5000810108682715 0.4999495668640995 0.5001072563965442 0.500041004662733 0.5000127504732448 0.4999428643257402 0.5000036715042017 0.4998447619831062 0.5000629046943647 0.49998448698347014 0.500019591820015 0.49996303826332594 0.5000002211259248 0.499895547748741 0.500041072579101 0.500047437150314 
0.24993832308966263 0.4997436774173052 0.5003092900284507 0.4999181690171857 0.5000442150724811 0.5000202847855715 0.5000578572035671 0.5000316448501111 0.5000034606870488 0.5001376587415717 0.4999579888762828 0.4996359896576688 0.5000206883123788 0.49998730110482076 0.5000800555708694 0.4999786916092911 0.500108151491096 0.5000808817485617 0.500070240142183 0.49992335776922947 0.4999964249833263 0.49984215491293355 0.5000087163795401 0.4999594836432806 0.5000203302791645 0.49979689847299524 0.49999836782377066 0.49989623507981695 0.5001883905518572 0.5000477231958605 
0.30000111008450264 0.49983427140726566 0.49981781508097994 0.4999665444077196 0.5000394407530495 0.49996082272282055 0.5000773618580574 0.500038377438425 0.5000168862786211 0.5001047883300186 0.4999576127158963 0.5001823405800631 0.5000225520076036 0.5000310032816745 0.5000710077749906 0.49997594356276476 0.5000702335018413 0.5000847462926826 0.500017498709019 0.4999428414115112 0.4999872566796162 0.4998495870672815 0.5000075864138865 0.4999564909352805 0.5000055594380486 0.4999804583368265 0.49999785849886513 0.4999159863872481 0.5000366710964605 0.5000514234121815 
0.3040041759838575 0.4998435796216124 0.4998215858438669 0.49997631314862456 0.5000394407669729 0.5000318366117931 0.5000773604992331 0.5000383857402847 0.49999962473412496 0.5001047679055742 0.49995873692188625 0.5001823434189224 0.5000302123899414 0.5000314898124626 0.5000807868403188 0.4999757102346722 0.5000703142216198 0.5000568140625922 0.5000175595049846 0.4999190630919786 0.500000754736947 0.49984482826340976 0.5000076020129992 0.49999715223199276 0.5000225799149995 0.4999713361594786 0.4999942659746131 0.4999909091914707 0.5000538455004052 0.5000467096743795 
0.3083738307964961 0.49970541429478804 0.4998149945373617 0.4999744878782003 0.5000394407669729 0.49996017840549534 0.5000773604992331 0.5000382901726582 0.5000069147569914 0.5001043640771649 0.4999587367861489 0.5001823434189224 0.5000304048478423 0.5000314903038348 0.5000806998316292 0.4999757102346722 0.5000703142216198 0.5000760046640691 0.5000175438794158 0.49991835775339966 0.5000013758097437 0.4998496704690281 0.5000076111859122 0.49995081762114035 0.5000049458092328 0.4999713126110278 0.4999979423670815 0.4999162532362547 0.5000534319493971 0.5000467096743795 
0.3121577113089953 0.4997517729006145 0.5003088446794088 0.4999991120980746 0.5000490716626539 0.49995741463092336 0.5001148797181703 0.5001086524288014 0.5000109709501385 0.5001605683811268 0.5001653175472452 0.5001802242864378 0.5000410062198506 0.5000271675316357 0.5000799406864415 0.49999935321443095 0.5000725013439902 0.500080689752456 0.4999335305665042 0.4998744816246137 0.4998633605957116 0.4998422458100412 0.5000089057493718 0.49996039921751884 0.5000125857662328 0.49983518387806963 0.5000380532115432 0.49997765325659244 0.5000547001891275 0.5000471274313462 
0.31768169803268365 0.4998337350161158 0.5002911801987464 0.4999742768954816 0.5000403687379495 0.5000271885536226 0.5000783039909884 0.5000328978553018 0.5000033898321172 0.500142587649665 0.4999587949779729 0.4999841958510111 0.5000295746557181 0.5000307402644499 0.5000808045537424 0.49997570711744854 0.5000706142527785 0.5000541078157208 0.500017416395406 0.4999192018085455 0.5000094779426311 0.49984451184876433 0.5000079730720619 0.49995724238072453 0.5000211477352822 0.4999771265948354 0.499998191290755 0.49998469376644455 0.500040673199859 0.5000471390896977 
0.3213948082646477 0.49983985899353045 0.4998060472504043 0.4999659341146379 0.5000414028323485 0.49996031137042724 0.5000788366298127 0.5000383770022879 0.500016876650351 0.5001047955324512 0.49999368829104257 0.5001828355040703 0.5000289633095535 0.5000299332784356 0.500070914507668 0.5000112393055532 0.5000689880132516 0.5000845851679804 0.49937006953196134 0.49994376179419814 0.4999871290893462 0.49984972100349 0.5000082580653289 0.4999900803300722 0.5000203584604751 0.49997598972065554 0.49999603876011905 0.4999159865368767 0.5000367234606592 0.5000468226361698 
0.3264944701655709 0.4998431579354425 0.4998177769824085 0.499974173284873 0.5000399581041353 0.49993737227607904 0.5000819259643552 0.5000897446576595 0.5000061204005698 0.5000993759433113 0.49998328596161123 0.4999841254327687 0.5000302125208781 0.5000299331178246 0.500080381114601 0.49997575682148176 0.5000703015626282 0.5000775760877874 0.500017296483633 0.4999371506020638 0.5000120682159545 0.49984444245456444 0.5000099666116131 0.49998601768673295 0.5000209242673248 0.4999785816689104 0.49999425244781476 0.49998973937340585 0.5000366081316163 0.5000470488361203 
0.3302047892033956 0.499709606959881 0.49981781508097994 0.4999665480647906 0.5000394407530495 0.49996082272282055 0.5000773618580574 0.5000393726011844 0.5000168862786211 0.5001047883300186 0.4999576127158963 0.5001823405800631 0.5000225520076036 0.5000310032816745 0.5000802128688081 0.49997594356276476 0.5000951983598128 0.5000760136346691 0.500017498709019 0.4999428011440056 0.4999872566796162 0.4998495870672815 0.5000075864138865 0.49995043393419925 0.5000055594380486 0.49998044123159496 0.49999785849886513 0.49991625939943685 0.5000366710964605 0.5000514234121815 
0.33551981476804615 0.49984744612045384 0.5002925362004433 0.4999764779791284 0.500040542645769 0.4999360791333742 0.5000784607525957 0.5000323909021135 0.5000011298702406 0.5001463786554824 0.4999827627271391 0.49998700112621336 0.5000298014158622 0.49994925007034213 0.5000717205217406 0.49997179480302173 0.5001036432743378 0.5000774584533423 0.5000260766857322 0.4999237049519069 0.49993314218494456 0.4998448376078483 0.5000101609137282 0.49998417933286954 0.5000204457950786 0.4999777026247198 0.4999985141418323 0.499994144969472 0.5000359145854508 0.5000470918019053 
0.33866065829523606 0.49983426842565254 0.49981781508097994 0.49997224507858795 0.5000394407530495 0.4999592423527438 0.500077369080642 0.5000383276030339 0.500004373595806 0.5001046691207733 0.49995836330965465 0.5001823405800631 0.5000295927596776 0.5000314987951708 0.5000802314684286 0.4999756916398935 0.5000700556767983 0.5000775635405894 0.500017498709019 0.49994310844398 0.5000012816199886 0.49984071337149844 0.5000100396702769 0.49996303139548315 0.5000055594380486 0.4999804583368265 0.4999978450952464 0.4999159503505608 0.5000366117501112 0.5000471910637172 
0.3442600408292204 0.49983426848713214 0.4998619319933211 0.49999179425288787 0.5000395050767958 0.49993655150943817 0.5000773927201542 0.5000395200158716 0.5000090438684397 0.5003518296060365 0.4999595069904065 0.4999528253004935 0.5000225763586593 0.49995459208253823 0.5000632385038626 0.4999759549523889 0.5000750357538534 0.5000774436105105 0.500028335960214 0.4999428121812449 0.4999687430267352 0.49984961687978474 0.5000111948931477 0.4999567488200607 0.5000212918437673 0.49997692957993867 0.49999969953288614 0.49998710859408435 0.500035994433472 0.5000471562723409 
0.34823031997263343 0.49984346159227483 0.4998075143826263 0.4999763406993626 0.5000242506157896 0.49993786289715236 0.500078377292655 0.5000265115402365 0.5000000892535241 0.5001463419880513 0.4999833125590113 0.4999841202919218 0.5000208920877308 0.5000299357464855 0.5000807895890463 0.49998217639845133 0.5000955305229005 0.5000551355351287 0.5000128694663766 0.49993707715488134 0.49992710806559215 0.4998445028755474 0.5000076719242126 0.4999565144591591 0.5000198444993793 0.49997861756055245 0.49999811323974686 0.4999873031299669 0.5000543406692879 0.5000515607646353 
0.4000321805486764 0.4998187160423056 0.4998675963044079 0.49996893461597275 0.5000399306494312 0.4999562117207083 0.5000782527753955 0.5000261650605373 0.5000046500554877 0.5001038137430627 0.5000026931744979 0.49996200876501007 0.5000210352632142 0.5000336439011338 0.5000804644015351 0.4999787699593704 0.5000632019858539 0.5000774291923615 0.500017613303692 0.4999483137341672 0.5000012680547312 0.4998409075789006 0.5000100407735993 0.4999599242144334 0.5000052646818378 0.49998057300463256 0.4999978614118232 0.49992452163876216 0.500038139355595 0.5000471506194871 
0.4013670043104203 0.4998194039066822 0.49981658398701195 0.49997610421923094 0.5000469104733696 0.49995511565498935 0.5000775720197401 0.5000248429973505 0.5000070261442661 0.5001416232630137 0.4999493583465784 0.5001851918881491 0.5000296376246943 0.49995223447480125 0.5000733095452479 0.49998519740923314 0.5000661684763873 0.5000772146532548 0.499997276117182 0.4999325420486386 0.5000109427736136 0.49985040259040053 0.5000098540818881 0.49998544366619374 0.5000200146431039 0.49996398363322087 0.499990644117054 0.4999245436817586 0.5001086239810029 0.500047078892226 
0.4068024622770485 0.4998173874628252 0.49985487378271126 0.49999304551840346 0.5000475958589018 0.49994047253575047 0.5000545937845927 0.5000309452755627 0.5000068828851157 0.500140054502888 0.49993120592135004 0.4999592287215314 0.5000298736145243 0.4999491001432058 0.5000718353507718 0.49997840138926464 0.5000633523436425 0.5000774449485681 0.5000178587288966 0.49994650799396323 0.49996983412836965 0.4998448498247513 0.5000368610444469 0.4999844415831798 0.5000055602735842 0.4999657502753249 0.4999983366397143 0.49991786715003805 0.5000541214548682 0.5000470918204688 
0.41033336994664305 0.4998387888138383 0.49986138536539937 0.4999944725777358 0.5000470050989121 0.4999405590691554 0.5000780718965292 0.5000301732669711 0.5000069864016713 0.5001415283640197 0.49995888305326014 0.4999596871835111 0.5000296189427395 0.49995459486230936 0.5000563442360975 0.4999349864706337 0.5000749484266516 0.5000774322237628 0.5000174275692254 0.49992690369704074 0.49996759970386084 0.4998448514000828 0.5000102262162497 0.49998473842986485 0.5000213522073169 0.4996484949843625 0.4999996262665786 0.49992102541942723 0.5001196188857852 0.5000470929546018 
0.4156453552515505 0.49984742461228915 0.49986222667106867 0.4999686292728419 0.5000469558261036 0.4999538242528957 0.5000564350944932 0.5000429794359503 0.5000008541133112 0.5001415929044754 0.5000027263589483 0.499946120877071 0.5000296062383904 0.49995053293386 0.5000563390302146 0.49997907921309503 0.5000631383029637 0.5000744010969482 0.50001740897797 0.4999233201889647 0.49992374549727087 0.4998496341595483 0.5000112828787855 0.49998751617334114 0.5000213332705664 0.49997764738988776 0.4999996016734056 0.49999234638231466 0.5000514763593304 0.5000471027465455 
0.4199200409696013 0.4998471632806152 0.4998125176770948 0.49999757697851743 0.500040220790766 0.49995620740186375 0.5000560456094242 0.500026133592008 0.5000147505724528 0.5001408073255921 0.49994867979315233 0.49996075157821995 0.5000299027235683 0.49995135134694185 0.5000624226077383 0.5000103329371859 0.5000629262244234 0.5000757752397617 0.500015588566735 0.4999415547640855 0.5000104206163032 0.49984968958529274 0.5000115062722329 0.49998510072625946 0.5000204157367686 0.4999777050744989 0.49999856115010816 0.49992096216373333 0.5000544749658824 0.5000471497113269 
0.4241440598795754 0.49983638374954226 0.4998639729450145 0.4999723220189557 0.5000411980684708 0.5000225031089915 0.5000786238170757 0.5000261451300702 0.5000008733682331 0.5001415932949279 0.5000016814755193 0.49994545689151515 0.500029420600828 0.499951573988978 0.500073352611734 0.49997985308998316 0.5000697030438659 0.5000743991406998 0.5000137162409752 0.4999437074820076 0.4999291843348237 0.49984961323444155 0.5000112682395179 0.4999532714397271 0.5000206257519976 0.49996820939867115 0.49999934008343094 0.4999907507890714 0.5001134846600761 0.5000474078971532 
0.42755085197428455 0.4998475114602724 0.49981658398701195 0.49997610421923094 0.500047017449453 0.49995511565498935 0.5000775720197401 0.5000248168204232 0.5000069243777558 0.5001416232630137 0.4999493583465784 0.5001851918881491 0.5000296376246943 0.49995223447480125 0.5000733095452479 0.49998648739900514 0.5000661684763873 0.5000772146532548 0.500022929996044 0.4999325420486386 0.5000109404501049 0.49985040259040053 0.5000098520168098 0.49998669882990837 0.500020006028813 0.49996427792125786 0.499990644117054 0.49991083913930157 0.5001088555024916 0.500047078892226 
0.43202500840606106 0.49982123536167705 0.49984686152786884 0.4999718566674368 0.5000389777293572 0.4999277005058058 0.5000566893901226 0.4996673742155602 0.500016680470927 0.5001427806139982 0.49995819248739554 0.49997452682530463 0.5000295466216985 0.4999704273908365 0.5000612920205408 0.49998131606862706 0.5000674193475196 0.5000827676930983 0.49992694973444357 0.49993100418015435 0.4999868716405308 0.49984469342108134 0.5000111949363841 0.4999867966733202 0.5000214066213428 0.4999777049758233 0.4999895685162546 0.4999130340852463 0.5000537967502718 0.500047172469204 
0.43687218284803825 0.49983425844906026 0.49981658398701195 0.4999921450505209 0.500047017449453 0.49995511565498935 0.5000772072556122 0.5000439557831691 0.5000069243777558 0.5001416232630137 0.4999482698277769 0.5001935699460798 0.5000296376246943 0.4999516615847254 0.5000733194832434 0.49998648739900514 0.5000660084250393 0.5000776025031854 0.500022929996044 0.4999439237721176 0.5000109404501049 0.49985022203347496 0.5000098520168098 0.49998695594261244 0.5000201517244902 0.49996427792125786 0.49999019454728666 0.49991434369583976 0.5001088555024916 0.5000474099204834 
0.44161796034633716 0.49982460714310856 0.5003025871536743 0.4999732858816189 0.500047471471618 0.49994048102655436 0.5000784634696617 0.5000591095606107 0.5000069532437079 0.5001420178291919 0.49995439988047025 0.4999776967865197 0.5000205298569695 0.4999511330115087 0.4999600317366078 0.5000312966824274 0.5000754621511396 0.5000489605695067 0.5000004701112963 0.49992131273942764 0.5000083348179573 0.4998448377301328 0.5000383149701347 0.4999868074749541 0.5000056103463802 0.5000059452454718 0.49999414635101774 0.4999145224460186 0.5001176047599903 0.5000471689431457 
0.4451101815094506 0.4998496636409146 0.4998653747698241 0.4999706389513024 0.5000408596041169 0.5000242405251529 0.5000564516869228 0.5000266907799444 0.500006921131156 0.5001394426718448 0.49999097271689324 0.499977671066134 0.5000206438745102 0.4999510575094415 0.4999609854571797 0.49998009988678466 0.5000699334769473 0.5000522805946096 0.500062999502622 0.4999309128307307 0.49999170047063785 0.4998444446569795 0.5000113260600016 0.499986832093632 0.5000203205425073 0.4999832789103634 0.5000086869210079 0.500034468824837 0.5000431503747058 0.5000474247435314 
0.4499352666089355 0.4998476758281736 0.4998646820753067 0.4999706412844527 0.5000466111460137 0.49995970087639774 0.5000550597412934 0.5000322789484333 0.5000069933688331 0.5001395497662918 0.49994788859293754 0.5002128180193366 0.5000215017399587 0.499950557830798 0.49996097132803385 0.4999860048422502 0.5000630215259353 0.5000522668458256 0.5000076986241764 0.49993102355384533 0.499989046886017 0.4998510020257962 0.5000428734972179 0.4999594951534767 0.500021329434769 0.49997770996273916 0.5000000866544423 0.5000361067699021 0.5000546113814234 0.5000474248260793 
0.5000028468831936 0.4998498344477324 0.49988528578279784 0.49997083198405307 0.500046303322303 0.499958678350793 0.5000593250233876 0.500024798946454 0.5000067168015652 0.5001394285806233 0.49995822297137366 0.49998933893513925 0.5000289566663034 0.49995156747544894 0.49996526604148206 0.4999863199218881 0.5000667943873258 0.5000522805946096 0.5000236029025167 0.499948972062775 0.49998906360620776 0.49984403816503303 0.5000074340758734 0.4999868516607269 0.5000213671825507 0.4999777751605337 0.4999899371291551 0.5000210327607406 0.5000431448677831 0.5000473822883683 
0.5010081443900133 0.4998496636409146 0.49981195210307444 0.4999733939158044 0.5000317462137273 0.5000241518584208 0.5000560583954922 0.5000266925083422 0.5000069405027093 0.5001420199043345 0.49999097271689324 0.499977671066134 0.5000206438745102 0.4999510575094415 0.4999616933940794 0.49997999625301554 0.5000699091193788 0.5000522805946096 0.5000233083784766 0.49993097244892576 0.5002792680322168 0.4998448385789011 0.5000113260600016 0.499986832093632 0.5000204775919579 0.49998296018555966 0.500008622391957 0.500034468824837 0.4995547759654449 0.5000474165624922 
0.50528858275862 0.49984775534850256 0.49986486089877363 0.49997148748459497 0.5000407347578636 0.49995976945812587 0.5000561122881853 0.5000242802064186 0.5000146077545842 0.5001420724447364 0.4999570822262924 0.49997726767788764 0.5000203634319748 0.49994712093031834 0.5000605945086931 0.499979008459042 0.5000666597977418 0.5000484468139456 0.5000234895397153 0.4999303961897614 0.4999873494468667 0.4998406258102564 0.5000112930251122 0.49998445084673 0.5000200397702669 0.499983732736136 0.4999999536606322 0.4999169171935456 0.5000584673778533 0.5000469997866921 
0.5090659119815544 0.499815927659717 0.499863261342431 0.4999679026120616 0.5000392781228677 0.49995981714960047 0.500056113707655 0.5000227998698377 0.5000140414479334 0.5001394406115302 0.4999909806910963 0.4999776998283423 0.5000297454849157 0.4999515056056214 0.4999652394790841 0.49997990924767616 0.5000676682965867 0.5000523119971941 0.5000003393923552 0.4999439522681898 0.49998737126639997 0.49984209340242614 0.5000113265653381 0.49998681826884145 0.5000055765641777 0.49999482013744134 0.4999999536606322 0.4999143758737783 0.4999573651542767 0.5000474021093333 
0.5134778964473569 0.4998477497006769 0.49986465945556446 0.4999724920691964 0.5000407347578636 0.49995976945812587 0.5000561122881853 0.5000242811468167 0.5000144116289112 0.5001420724447364 0.4999552957592433 0.49997726767788764 0.5000214051596757 0.49995150440040204 0.4999606585514319 0.4999792932588025 0.5000668033854877 0.500049034835011 0.5000227712987293 0.49994324613606217 0.4999873494468667 0.4998422409360828 0.5000073542230883 0.4999867844456018 0.5000200397702669 0.49998327264714776 0.4999999536606322 0.4999162364823993 0.5000387359208194 0.5000470950960507 
0.5172142606642148 0.499847275369638 0.4998230690526607 0.4999705207701893 0.50004001387303 0.49995846635686453 0.5000575744660698 0.5000441926430267 0.5000163637384822 0.5001420042551784 0.4999846037249575 0.4999649439276645 0.5000297196188855 0.49994746263907697 0.500060871467037 0.4999865765597006 0.5000676817747506 0.5000520578713593 0.5000164644450845 0.4999448619291528 0.49998709545851294 0.49984944073232507 0.5000113007447358 0.4999840047206379 0.500005746466213 0.4999813559610739 0.4999938882928648 0.49990679897250245 0.5000373354183663 0.5000470971772446 
0.5218980537264729 0.4998237211107357 0.4998628088999633 0.4999931632032722 0.5000401205171136 0.4999335626335034 0.5000561101231145 0.500023584557314 0.5000165686343713 0.5001392781671811 0.49998337017602545 0.49996496275459523 0.5000209881394347 0.49994704091100456 0.5000633792887629 0.49998005283908953 0.5000673997940625 0.5000490380287215 0.5000231314496758 0.49994522852705126 0.4999889120978011 0.4998498360209981 0.5000077700586255 0.4999838159420893 0.500004316914886 0.49998135387337006 0.4999937906204372 0.5000270260609698 0.500043328103967 0.5000473821575604 
0.5258465805277251 0.49984727722860545 0.49982217997062256 0.49997190948410947 0.5000464440372194 0.49995846635686453 0.5000574934142938 0.5000247143286007 0.5000165127319904 0.5001419364043398 0.4999846037249575 0.49996570131516893 0.5000298969240812 0.4999514052144895 0.49996501068121146 0.4999865772332076 0.5000676817747506 0.5000520578713593 0.5000164069557193 0.49993088073972264 0.49998709545851294 0.4998419446143452 0.500007796621999 0.49998407224065916 0.5000220708579499 0.49997944736694155 0.4999998739261581 0.4999058404599572 0.5000375551422189 0.5000470920473188 
0.5299235807905401 0.4998476697796107 0.49986437312610177 0.49999397585220856 0.5000463156759991 0.49995923593506864 0.5000791219363069 0.5000436508222172 0.5000071653697706 0.5001420120546554 0.500004406972012 0.49999124054355 0.5000210059394404 0.4999478314840121 0.49996185035410906 0.4999862167559492 0.50006299229041 0.5000491576324 0.4999991656069693 0.4999439254267789 0.4999906322032506 0.49985049662477493 0.5000114740618574 0.49998677015656207 0.5000057733610398 0.4999829229372777 0.49999878443596985 0.5000211223917451 0.5000383276896909 0.5000474082708892 
0.5344623627159428 0.4998473095810607 0.4998636783383419 0.4999765188504671 0.5000462794712845 0.49995886143292123 0.5000561083356136 0.5000228498228461 0.5000067717372341 0.50014015407932 0.49998320160247156 0.4999887338714933 0.500020998286253 0.49995137021157937 0.4999647440011625 0.4999584884055942 0.5000667942863211 0.5000490231474516 0.5000171546587912 0.4999457725526102 0.5000008668318304 0.49984943701645596 0.5000112923676305 0.49998414367357474 0.5000049168551542 0.4999811740789085 0.5000071025130315 0.5000204437578647 0.5000393063507262 0.5000473825754467 
0.5378545983741139 0.4998472797237844 0.49986401256088925 0.49999308832711886 0.5000398848684069 0.4999588297907379 0.500055243295834 0.5000251726725435 0.5000067679192823 0.5001418945985263 0.4999828564085976 0.4999892029490863 0.5000208848851634 0.49995129322796494 0.4999618222281683 0.49998502251737764 0.5000668509043626 0.5000490266638218 0.5000230986900017 0.4999438177634687 0.49998982225679395 0.4998649338809017 0.5000113172635181 0.4999840621843636 0.5000048390105509 0.49998136939860055 0.49999860975078586 0.5000269292071092 0.5000386404579408 0.5000473931840135 
0.5417573272184899 0.49984764828520856 0.4998646593349779 0.4999926239333543 0.5000401908143947 0.4999597597377262 0.5000552314660204 0.5000227163591454 0.500006713073763 0.5001394459212346 0.49998323941953293 0.4999649171543341 0.5000208888670035 0.49995161080578404 0.4999616945951548 0.49998587813581485 0.5000628053022407 0.5000489398247915 0.5000144795455859 0.4999296962050024 0.4999906987414838 0.49984954023316674 0.5000111609811999 0.49998672172483327 0.5000206564903782 0.4999818815509278 0.4999986373819833 0.5000209927911266 0.5000431470272201 0.5000470936261976 
0.5458304925245886 0.4998475144877234 0.49982592126170855 0.49999346207708983 0.5000462636730816 0.4999584182902928 0.5000593248906733 0.5000247750712918 0.5000067158198845 0.5001393828191544 0.49998350394724966 0.4999659336850117 0.5000207382159833 0.4999515643418173 0.49996507131857104 0.49998632936108417 0.500062629094345 0.5000490229943001 0.5000223467855986 0.4999490312380102 0.49998836741537334 0.49984972345174156 0.5000076814107797 0.499984072236454 0.5000223551478705 0.4999794292757891 0.49998999125625054 0.5000207329752812 0.5000386774019835 0.5000473822886211 
0.5497154926097321 0.49984764932339865 0.4998646766173943 0.499991506593831 0.5000390400856914 0.4999586022791322 0.500056108634776 0.5000249869598415 0.5000067718260734 0.500139295293777 0.4999468347490825 0.4999878035075557 0.5000210038299524 0.4999512943722779 0.4999585879665553 0.49998622391307634 0.5000669324804575 0.5000490234768449 0.5000012906649755 0.4999457426987517 0.49998833744811605 0.4998633646772123 0.5000076805737985 0.4999843765553001 0.5000041356672831 0.4999648530753999 0.499989605377157 0.49992546578208213 0.5000396384049709 0.5000473824850931 
0.5499979657669714 0.4998476457735856 0.4998646762059009 0.49997123235778734 0.5000399795935839 0.4999586022791322 0.500056108634776 0.5000225289592738 0.5000067680007962 0.5001393947633236 0.49998348540628856 0.49996450587560975 0.5000208852221852 0.4999512943722779 0.49996337759855014 0.4999862441697363 0.500066853681426 0.5000490231480723 0.5000231325464035 0.4999457255317463 0.4999907596776795 0.49986487559924053 0.5000076815867791 0.4999840723664307 0.5000050821219919 0.49998135178651193 0.4999986684105538 0.5000268833989097 0.5000386518696299 0.5000473828430617 
0.6000024754722116 0.49984728018192576 0.4998636837627108 0.4999926733578527 0.5000398872044814 0.49995882981568024 0.5000561086325007 0.5000249832472077 0.5000067678748656 0.5001417564261907 0.4999834854829044 0.4999892029490863 0.5000208819816934 0.4999513613651587 0.4999633723455926 0.4999850203221412 0.5000668533363419 0.5000490230169217 0.5000231332420109 0.4999438177634687 0.4999897535119095 0.4998648962134693 0.500007675224426 0.4999840660527314 0.500004963044542 0.4999814454880116 0.499999079329735 0.5000207326326994 0.5000386600086719 0.5000473828421642 
0.6002518385417522 0.4998350541884647 0.49982157870569544 0.49999460362752246 0.5000393148891531 0.4999588583386138 0.5000554044980692 0.5000249931672655 0.5000067752450921 0.5001419732363257 0.4999467916358327 0.49997760399729707 0.5000297026309746 0.4999507687054527 0.5000620222727716 0.4999802947720155 0.5000668376711583 0.5000508777015366 0.5000231378790381 0.4999438377125188 0.49998972589007423 0.49986280015338386 0.5000064986772369 0.49998406915944477 0.5000220613807077 0.4999818883205421 0.49999946643869764 0.5000241990670182 0.5000391166055673 0.5000473923486543 
0.6040063265618205 0.4998486945557533 0.49982622394572945 0.49997216567599206 0.5000397816978199 0.4999593438418574 0.5000561086324662 0.5000173303573408 0.5000067679192823 0.5001418977161214 0.4999828564085976 0.4999892029490863 0.5000226801138659 0.49995136012024377 0.5000582404146168 0.4999853874479347 0.5000666056967236 0.5000490283360369 0.5000234718161489 0.4999317094921254 0.49998887243275103 0.49986303936365445 0.5000077390765931 0.49998387964794766 0.5000049585283656 0.4999805256252876 0.4999985614784739 0.5000208346055401 0.5000389640034772 0.5000473881325951 
0.6077534034381903 0.5000582704595563 0.49983106664692706 0.4999908034609623 0.500046784179494 0.5000269042460185 0.5000552270936776 0.5000252304078476 0.5000067503836394 0.5001419574744761 0.49996114912702316 0.49998883005650296 0.5000287909112993 0.49995105581651167 0.5000613039432 0.4999802664793859 0.5000633036428263 0.5000506666425827 0.5000166713594435 0.4999439246746935 0.4999896946989911 0.49984976843203416 0.5000071576613847 0.49998345394403 0.5000207993111274 0.4999817209116236 0.5000074962681966 0.5000251554702185 0.5000398333080365 0.5000470624289627 
0.6114893667348988 0.5000704653493323 0.4998309642518707 0.49997662458675823 0.5000394494633554 0.4999588374009296 0.5000554004568001 0.5000220326079768 0.500006767897854 0.5001394303554693 0.49998362618545117 0.4999785396530588 0.5000295095358884 0.49995136366986365 0.5000625198903399 0.49998071956629053 0.5000628265068578 0.5000490147935832 0.5000162324067424 0.4999436363440186 0.49998978859642207 0.4998631009555832 0.50000616530242 0.49998406608980356 0.5000046833166851 0.49998151162015386 0.4999990818168238 0.5000226840296021 0.5000390752577206 0.5000473896458049 
0.6142138656235191 0.4998473328325031 0.49986385824875806 0.4999722633831931 0.500046875649256 0.4999588361296093 0.5000554071501305 0.5000224616257744 0.5000067677967891 0.500139450157915 0.49999462124535 0.4999892029490863 0.5000288496750454 0.49995135870431057 0.5000774482015108 0.49998622386685326 0.5000666215982218 0.5000490493610842 0.5000165273101675 0.4999322341799769 0.49998969534393567 0.4998631879009207 0.5000076577835905 0.4999834537872069 0.5000049601071956 0.49998159037745393 0.5000077372669338 0.5000251378061146 0.5000386600086719 0.5000473827788847 
0.6192759595595004 0.5000622961492265 0.49982612486613776 0.49999324305665066 0.5000396963646567 0.49995883252001 0.5000553498449722 0.5000252304078476 0.5000067503836394 0.5001419154279174 0.4999914190500372 0.49997759672291864 0.5000297029540158 0.49995077213604916 0.500062018952812 0.4999802664793859 0.5000674286436589 0.5000507744226417 0.5000170929734619 0.4999489391622966 0.4999896946989911 0.49984976843251844 0.5000113263391955 0.4999834541841457 0.5000203856522081 0.4999817168595701 0.5000075472156769 0.5000191750835675 0.500039970864472 0.5000470624022572 
0.6228628053529124 0.49983415669109194 0.4998306070810062 0.4999731989890121 0.5000397260390813 0.4999593736920501 0.5000560559066355 0.5000224016154735 0.50000670290875 0.500144716055963 0.4999599218309449 0.49998821153543344 0.5000208063444256 0.49995088954416306 0.5000612928624691 0.49998019944124944 0.5000673090202992 0.5000506803847594 0.5000166545789684 0.49994737730476957 0.49998994983823525 0.4998625480107543 0.5000057863056228 0.4999834607734265 0.5000201803432373 0.4999819165950706 0.5000075747848755 0.5000254520462447 0.5000390844565604 0.5000473923568981 
0.6257854704996186 0.4998350541884647 0.4998216050545007 0.4999766784740004 0.5000393148891531 0.4999588583386138 0.5000560559066355 0.5000249931672655 0.5000067019062342 0.5001419732363257 0.4999467916358327 0.49997760399729707 0.5000297640377069 0.49995088954416306 0.5000620222973797 0.49998634073449444 0.5000668376711583 0.5000508777015366 0.5000231378790381 0.4999438315983654 0.49998972589007423 0.49986280015338386 0.5000063288343468 0.4999840693898264 0.5000220613807077 0.4999818883205421 0.49999946643869764 0.5000242347062686 0.5000391166055673 0.5000473931333218 
0.6301321486745325 0.4998350125148122 0.49983089728804186 0.4999732838752376 0.500046322232253 0.4999588278461079 0.5000554002454293 0.5000224140284942 0.5000067835794682 0.5001447462550767 0.4999932928120996 0.4999890096453366 0.5000210008543716 0.49995091458691004 0.5000721359601414 0.49998034478261827 0.5000741271555373 0.5000508021862309 0.5000164898080663 0.49993233373178453 0.4999999397862234 0.4998498258264373 0.5000058547560111 0.4999834607414015 0.5000051422646515 0.4999776095561726 0.500008728790606 0.500022474927125 0.5000386892320453 0.5000470558012917 
0.6333228574181764 0.5000624949835162 0.49983091641401384 0.4999732799996423 0.5000391980618563 0.5000197614328644 0.5000553971405577 0.5000223962852433 0.5000067857553823 0.5001448734562602 0.4999918420704422 0.4999772550631289 0.5000209842721548 0.4999507768849047 0.5000723673745544 0.4999816140188691 0.5000741271555373 0.5000507739748338 0.5000170814702267 0.49993338867053705 0.4999895402063246 0.49984976816182913 0.5000067423905526 0.49998345418426815 0.5000052528532126 0.49998159225820826 0.5000084994859865 0.500019401745073 0.5000399723477825 0.5000474087763488 
0.6373954331294795 0.500062276225413 0.4998663784079749 0.4999722819363496 0.5000398378474802 0.49995604163965995 0.5000551826150006 0.5000252304306984 0.5000067676535758 0.500144632958869 0.4999901367923312 0.49998905905712765 0.5000296991025013 0.4999513762850945 0.4999653785616957 0.4999802660400901 0.5000657598480907 0.5000491338402449 0.5000166622271349 0.49994895771100634 0.4999896990426425 0.49984976851224944 0.5000061957101843 0.49998345399522337 0.5000218324891745 0.49998171438703903 0.5000084051105845 0.500019061146723 0.5000391220148831 0.5000474206463749 
0.6409693741110556 0.5000622961492265 0.49983066956781896 0.49999324305665066 0.5000396963646567 0.4999594687557481 0.5000552563042205 0.5000252304078476 0.5000067503836394 0.5001419154279174 0.4999914190500372 0.4999778929511903 0.500029695075053 0.4999507579515749 0.5000619610792701 0.499980560580572 0.5000674286436589 0.5000507744226417 0.5000170868327471 0.4999489391622966 0.4999896946989911 0.49984976770443 0.5000113770429971 0.4999834541841457 0.5000203983308075 0.4999817168595701 0.5000076816879899 0.5000191750835675 0.5000399362247495 0.5000470624022572 
0.6448796322750598 0.49983370453014986 0.4998645663500933 0.4999722284931173 0.5000458474356654 0.4999588371608249 0.5000561425265287 0.5000250812182314 0.5000158009466453 0.5001394527831087 0.49998348707973245 0.4999904742519368 0.5000201247485675 0.4999513716854887 0.49996337478614933 0.49998067373423694 0.5000668647062708 0.50005105670601 0.5000233852788498 0.4999438180751596 0.499989751209985 0.4998499141972537 0.5000076753291912 0.49998418681244045 0.5000202295184176 0.4999824196864865 0.5000081825649098 0.5000329687698098 0.5000386905452109 0.5000473808684341 
0.6478868170202571 0.5000768056222407 0.4998216872666635 0.4999729993213173 0.5000392945818459 0.4999589151465168 0.5000554646099644 0.5000225687621085 0.5000067578990872 0.500144744982615 0.4999833245708163 0.49997760083228515 0.500029559451253 0.49999921469468045 0.5000622447102433 0.49998086651151163 0.5000630451000089 0.5000451408889847 0.5000231916387512 0.4999326800325192 0.5000000451512446 0.499862178370133 0.5000063274469256 0.4999841151502006 0.5000204407407911 0.499968094800754 0.5000085581562765 0.5000295235733869 0.5000390638562873 0.5000473925118946 
0.6499988686660265 0.5000589649015901 0.4998306289387653 0.4999722598554593 0.5000397255749148 0.4999593762664032 0.5000553498449722 0.5000252304078476 0.5000067503836394 0.5001446350559073 0.49999162603522024 0.4999778139161725 0.5000210008287941 0.49995106631758274 0.5000612964065609 0.4999802668099672 0.5000632747744821 0.5000507626601371 0.5000166696507246 0.4999489391622966 0.4999896946989911 0.49984976843251844 0.5000113260049344 0.4999834541841457 0.5000203856522081 0.4999817168595701 0.5000085721264232 0.5000191750835675 0.5000399134187381 0.5000470624022572 
0.7000018270460914 0.5000638133096368 0.4998306289531942 0.49997303379988195 0.5000397609461015 0.4999589930313759 0.500055349886978 0.5000253313423785 0.5000067578990872 0.5001448932681403 0.49999132054523704 0.4999777261479336 0.5000210518848027 0.49999928223617013 0.5000632645424228 0.499980256319333 0.5000632793431808 0.5000511861977699 0.5000167721608814 0.4999489602139236 0.4999997516369459 0.49984976889476335 0.5000112217637412 0.4999841003419916 0.5000204172429372 0.4999817386779794 0.5000085573035814 0.5000238291899615 0.5000399134012917 0.500047410915431 
0.7022124535055617 0.5000620564672597 0.4998306422720874 0.4999727794310655 0.5000394025825453 0.5000236154531613 0.5000554619440131 0.5000224529526587 0.5000067504092492 0.5001446415244307 0.4999686806108614 0.49995455613846196 0.5000299445178716 0.4999995292493252 0.5000732646471643 0.49997993610315183 0.5000629111148611 0.5000445188904831 0.5000167736015648 0.4999495464966733 0.4999917682816517 0.4998498003394909 0.5000063662565424 0.49996587948319515 0.5000204212337452 0.4999679548857341 0.4999882832191435 0.5000261470449835 0.5000393837017607 0.5000474109105957 
0.7058583462104852 0.5000783014592856 0.4998312801505498 0.4999763760758003 0.5000404658048146 0.4999591001092455 0.5000560787758573 0.5000254461322949 0.5000066133348525 0.5001428704212985 0.4999615535877912 0.4999629614217065 0.5000299909033366 0.49995107358513147 0.5000722264323606 0.49998079241243165 0.5000674776003552 0.5000445095662063 0.5000235594357905 0.4999489181669843 0.4999983586342707 0.49984939235472514 0.5000098403941645 0.49998405317829137 0.5000219607445624 0.4999504647127108 0.4999753606929958 0.49991301325848003 0.5000385825698976 0.5000474108181291 
0.7086757100758259 0.49983653394049754 0.49983067400238734 0.49997951674150365 0.5000401145216647 0.4999584465181535 0.5000547143774111 0.5000449143806105 0.5000165131692413 0.5001446550220956 0.4999833732524284 0.499814881392593 0.5000305999610567 0.500000378190917 0.5000628359065428 0.499986150443824 0.5000628946540273 0.5000421826012016 0.5000166273931936 0.4999308800513352 0.500001056303481 0.49984969883160935 0.5000063546091905 0.4999639106235034 0.5000201208763136 0.4999777114108955 0.5000004420340057 0.49991545823378597 0.5000382782217786 0.5000415571730982 
0.7121985048806462 0.49984023398275607 0.49983062892987884 0.4999723918900022 0.5000393178046859 0.500022897238884 0.5000554186210057 0.5000250941969289 0.500006743615217 0.5001446575280453 0.4999925069501967 0.4999778151959876 0.5000299353716877 0.49995153731106523 0.5000726452293395 0.4999808061231877 0.5000735583116706 0.5000506590626195 0.5000167736123634 0.49994894120645367 0.4999997442861289 0.4998497752133838 0.500006216951832 0.4999837160203143 0.5000204203173161 0.49998240789830917 0.5000085719066114 0.5000318233189943 0.500039332058777 0.5000474045693588 
0.7151633928382899 0.5000783014592856 0.49983386356178594 0.4999732140266911 0.5000404658048146 0.5000188399170377 0.5000544121521827 0.5000225738852548 0.5000067251843942 0.5001448703508558 0.5000040420024813 0.4999643685389374 0.5000294316852408 0.49995107358513147 0.5000722685905868 0.49998085550530497 0.5000627443554932 0.5000445095662063 0.5000133661131823 0.4999489181669843 0.49999840880136953 0.49984976607396775 0.5000063461274978 0.4999535781540331 0.5000206359073427 0.4999504647127108 0.4999753606929958 0.5000334313731868 0.5000358741587556 0.5000474108191754 
0.7185291803164042 0.5000753560694683 0.4998298536381495 0.49997217583400627 0.5000393146103086 0.5000229310012144 0.5000552815618114 0.50002246100039 0.500015701136053 0.5001446430788177 0.49999167896710967 0.49997778906425233 0.500029194654486 0.5000028429072301 0.5000744136973743 0.49997981880999554 0.5000630752032953 0.5000449217004798 0.5000166538133878 0.49993223909364304 0.49999127015267564 0.49984989554701287 0.5000063028536212 0.4999659261539879 0.5000200024315216 0.4999678081003841 0.5000069683268058 0.5000232860083087 0.5000394663843837 0.50004741097232 
0.7217439766093632 0.4998365978916692 0.49983188245584675 0.4999763713380315 0.5000395666667734 0.5000333304705216 0.500055336922027 0.5000247228056555 0.5000063342540436 0.5001427397825464 0.49999239691205083 0.5001091902986251 0.5000294275935482 0.49999716370859226 0.5000632332374079 0.4999802659152325 0.5000699025274263 0.5000446459361527 0.5000167723556181 0.499949233817565 0.500000218695396 0.49984458139416543 0.5000066773630907 0.499983366042175 0.500020410197063 0.4999681464710464 0.5000081412144777 0.4999159921824431 0.5000392741440672 0.5000470475563709 
0.7245466776678817 0.4998364636159754 0.49980726995304603 0.4999793797541433 0.5000489660709156 0.4999583897354107 0.5000560660254438 0.5000224461047211 0.5000157590820408 0.5001448518638999 0.4999612009070444 0.5002264816501968 0.500027341409121 0.4999510366737796 0.5000721974986314 0.49996143798946613 0.5000629091459635 0.5000418161877603 0.5000235745748745 0.49993340356261573 0.49998973854037976 0.49984981619188096 0.5000065444043493 0.4999840524727548 0.5000197242557186 0.4999761509558027 0.4999881577018726 0.49991988018184025 0.500039353771595 0.5000474133099517 
0.7280563187536067 0.49983657659728464 0.49983109415961247 0.49997947112583435 0.5000487535705895 0.5000236586940433 0.5000554637851891 0.5000224529526587 0.5000154609185864 0.5001446972412547 0.49996914792916153 0.4999431176980346 0.5000299378361948 0.5000003814105781 0.5000726107752548 0.4999812254515658 0.5000628984403891 0.5000418130315496 0.5000167752591498 0.49993184804347063 0.49999180445334723 0.4998498000786566 0.5000062105614006 0.4999835112438553 0.5000200674900824 0.49996813297920084 0.4999879739687193 0.5000320783755775 0.5000393631039575 0.5000474132835676 
0.7312650925282341 0.4998365770472164 0.4998298935516169 0.499972659788823 0.5000388880776964 0.5000261413001827 0.5001130874993682 0.500025213933271 0.5000167637519012 0.5001462218049302 0.49996868711445763 0.5001031076694381 0.5000297802783568 0.5000019688237999 0.500072011160596 0.49998136320457937 0.5000697909947991 0.5000509751418837 0.500016100472532 0.4999314550975552 0.4999264238618714 0.4998497801534996 0.5000067415081223 0.499967072750381 0.5000203779701295 0.4997339654863148 0.4999870940522886 0.49992060037325 0.5000435783491055 0.5001096454009526 
0.7345304255248234 0.49982528218328676 0.5003400816587035 0.4999767588708057 0.500041227204917 0.5000236602664703 0.5000554857947919 0.5000248500219003 0.5000083783155909 0.5003709982095211 0.4999610506452142 0.500144790300486 0.5000297828165402 0.4999522860525614 0.5000481522741708 0.4999832766256223 0.5000773821115599 0.5000444940025597 0.5001522470102076 0.4999495631108586 0.4999382986171004 0.49984939753412977 0.500006221360013 0.4999624978038895 0.5000187684927289 0.4999680604627076 0.49998936021203894 0.49991654500084104 0.5000383332577494 0.5000474285369352 
0.7371663138595101 0.5000703112511393 0.4998083010132404 0.49997947112583435 0.5000393800424426 0.5000235990146996 0.5000554639577995 0.5000226482148374 0.5000156510162249 0.5001446972412547 0.49996914792916153 0.4999429069962739 0.5000297468184263 0.5000003320812967 0.5000633206663416 0.4999530903046729 0.5000628984403891 0.5000418130315496 0.5000167752591498 0.49993184804347063 0.5000018976917691 0.4998497998467791 0.5000062105614006 0.4999829165912383 0.5000200671564476 0.49998405869737567 0.4999879739687193 0.5000320783755775 0.5000399122249953 0.5000474108441286 
0.7403150534654563 0.49983367857077643 0.4997904892572611 0.4999766595360416 0.5000536011595682 0.4999353682045747 0.5000512622245464 0.5000449143806105 0.5000049111811566 0.5001348877718013 0.49998352658145745 0.49980882933670023 0.5000305505094226 0.4999472738115668 0.5000730005080203 0.4999913649251845 0.5000633963739979 0.5000465036408486 0.5000130516512573 0.49992098315292915 0.4999986644999914 0.49985162380472004 0.5000100156345945 0.499984187469083 0.5000201211709109 0.49997621497210276 0.50000012797015 0.5000243575210168 0.5000394339340137 0.5000412993890616 
0.7432475709292159 0.5000720685479444 0.49983066156341277 0.49997666168315563 0.5000483859337762 0.49993307398832143 0.5000575574752085 0.500022461150009 0.5000159543956888 0.5001449800004621 0.49996169320204303 0.4999687425476674 0.5000298837779797 0.49994893308082133 0.5000742691553235 0.4999625745669071 0.5000633786589764 0.5000418313056673 0.5000169046944654 0.49993231337527066 0.4999985847140489 0.49984981267110346 0.5000063649478504 0.4999828309568654 0.5000200653881556 0.49997615985040655 0.49998841403658034 0.5000282166464236 0.5000390623692069 0.5000475161499034 
0.746545369359366 0.4998364784363272 0.49982941399153796 0.49997935575678437 0.5000413306561418 0.5000237181959536 0.5000576816177802 0.4995462291806129 0.5000156511862545 0.5001463637123449 0.499960925708656 0.49995506319084626 0.5000292864042003 0.49994420648450455 0.5000730537260589 0.4999498315554588 0.5000802741240238 0.500111591424825 0.5000235359087656 0.499931291495553 0.5000011819018789 0.49984980046450067 0.5000063660329529 0.4999841460305302 0.5000200658950036 0.4999679194754653 0.5000033404900239 0.4998256128290214 0.500039360852451 0.500047413778827 
0.7496798777910133 0.4998366583343752 0.49980284591347923 0.4999937548052547 0.5000406597194119 0.5000272251540863 0.5001141819505208 0.5000224314521599 0.5000149379629166 0.5001419644576204 0.49996951423342956 0.5001896181784491 0.5000297970463432 0.4999543589532697 0.500072578601691 0.49995226943994936 0.5000952051907133 0.5000447975224303 0.5000242824688624 0.49993148307082014 0.4999983776154966 0.499850026939799 0.4999704184613538 0.4999630651839524 0.5000201758456962 0.49972998039776967 0.4999882444416207 0.49991446773834314 0.5000394368640856 0.5000474871716483 
0.7499949518929959 0.49983657659728464 0.49983066786799085 0.49997947158417827 0.5000413220736191 0.5000236586940433 0.5000554637851891 0.5000224529526587 0.5000154609185864 0.5001445885334946 0.4999690208605193 0.49995475486531216 0.5000299378361948 0.500000378598056 0.5000726623942917 0.4999799412600948 0.5000628985430933 0.5000420411049441 0.5000166148669516 0.49993184867729334 0.4999917682816517 0.4998498004863121 0.500006365886641 0.499964872141554 0.5000200668347368 0.4999680605076011 0.4999881275436713 0.5000261470449835 0.5000393640971493 0.5000474132835676 
0.8016085957688726 0.4998268744249975 0.5004821911821921 0.4999631926368705 0.5000773727450958 0.49993417908092275 0.5001141493113026 0.5000832256402453 0.500014778763784 0.5001605755384537 0.5003735363775763 0.5000996536368824 0.5000292227263816 0.49994971440045693 0.5000834679359558 0.5003245170177004 0.5000936667626338 0.5001083493659058 0.500058371995654 0.49993317735329473 0.49999895993040033 0.4998505667061824 0.49999036129484487 0.4999788386957593 0.49998259299348635 0.5000132890567952 0.500585144776108 0.4998270078982768 0.5000620298358815 0.5001233018854371 
0.8041432166009802 0.49984906094950304 0.5003706372513448 0.4999620644782393 0.5000455037484999 0.499935292122578 0.5001089474723536 0.4995560750211899 0.5000122054114129 0.500143811015601 0.5000002912654193 0.500228554376718 0.5000317876737131 0.4999637074130606 0.5000841215423072 0.49995068654303715 0.5000912111250166 0.5001083293329158 0.5000689991990293 0.4999385264991083 0.49999495084510814 0.49984458175671215 0.5000114672711449 0.49998663310094155 0.4999794845992871 0.500012772572279 0.4999992825176176 0.4999152309745525 0.5000593369436801 0.5000407254001431 
0.8068785634646375 0.4997457818314918 0.5003195630121593 0.49996409176636464 0.5000405160815691 0.5000524888370774 0.5001068191223401 0.5000893025368583 0.5000297035180794 0.5001597199100386 0.49999014477856785 0.5002305309599517 0.500034243508396 0.49991955019501655 0.4995031481508153 0.49996560092256165 0.5001447922740758 0.500071526364857 0.5001581600046425 0.49993130373459604 0.500004912160874 0.4998443845637432 0.5001291358305034 0.4999786953592826 0.5000180474813143 0.4999739008779751 0.5000025285688949 0.49982785444202005 0.5000564795845932 0.5000482732896304 
0.8094474533674976 0.4998266700341021 0.4997961371183817 0.5000049791660202 0.5000462377937681 0.4999341801368261 0.5001144739262151 0.4995549277206106 0.5000057121328924 0.5001588138493623 0.5000179233053356 0.5002006622696797 0.5000305516504951 0.49995070647012546 0.5000834679359558 0.5003165188826281 0.5000917436682862 0.5001083483405275 0.5000583717905368 0.49993881229394177 0.500000596511743 0.4998411769582247 0.500124416200567 0.4999788386957593 0.49998261254424264 0.5000132896562065 0.49999338504651525 0.4998270078982768 0.5000620298358815 0.5000443275307367 
0.8121318959828763 0.4998203683215228 0.500311218889336 0.49996250410823945 0.5000790017183023 0.499934150262756 0.500109192149449 0.5000354063695005 0.5000122208503944 0.5001588204993443 0.5003117487466762 0.4996689539156378 0.5000202641991174 0.49994811246855675 0.49960854523808895 0.4999579360268765 0.5001451224549387 0.5001124445752861 0.5000659871356951 0.49994472468275225 0.49993876104289026 0.49984443791971167 0.5000060245771428 0.49998279963808073 0.499980160678173 0.49997332171122993 0.4999992825176176 0.49990224926691923 0.49999010460577836 0.5000407254001431 
0.8151483304975665 0.49982497673415666 0.5003186787690671 0.49996409176636464 0.5000773148412582 0.5000716542130126 0.5001138897492823 0.4995980770949635 0.5000304226038199 0.50015966806216 0.49999014477856785 0.49965908696392725 0.5000306001494554 0.4999487174173056 0.49950220039844523 0.5003224016900426 0.5001447922740758 0.5001089402237047 0.5001539146546554 0.49993141135802616 0.4999968083135436 0.49984421221421454 0.5001228661793878 0.4999806839906561 0.5000180403239006 0.49999364245578176 0.5000024078702306 0.4998770146426654 0.5000564006608654 0.5000482732896304 
0.8175454503447909 0.4998084911536285 0.5002942866831098 0.49997985941514395 0.5000462315156731 0.49993682034222264 0.5000730427867643 0.4995831502516338 0.5000154727737942 0.5001582214545788 0.4999966291510334 0.5002329128736543 0.5000316037198741 0.4999625197095306 0.5000841300203208 0.49984363523440567 0.5000923836660883 0.5001083309417169 0.5000196745836141 0.49994408417169567 0.4999999988831965 0.4998463966645693 0.5000113199575791 0.49996551631084524 0.5000220585025745 0.49998109351431774 0.5000263805960979 0.49982729603139103 0.5000593330397931 0.5000473695297939 
0.8203379444709887 0.4998211911084093 0.50037021139497 0.4999969308230518 0.5000798433053825 0.5000658000623975 0.5001139361965419 0.4996269481126818 0.5000299600584605 0.5001589347174039 0.49995473577481414 0.4996590516447211 0.5000340883665715 0.4999510284625648 0.4996050331860127 0.5003203331947679 0.5001449743961877 0.500109686413737 0.5000659870815629 0.4999275576435778 0.499938893253606 0.49984069526376845 0.5000679239400849 0.49998271926356047 0.5000205821821547 0.49997332350931245 0.49998786580480276 0.4998743266612806 0.500054392171832 0.5000482517860286 
0.8228945681885496 0.4998365073197799 0.49982844529778453 0.4999032788602284 0.5000462764673123 0.5000786981442628 0.5004483353768581 0.5000195347651066 0.5000292971028253 0.5001435577145463 0.4999278131180936 0.5002312425692607 0.5000272099137355 0.4999532710001613 0.5000619418817154 0.5005067183801498 0.500079464108258 0.5000447056784576 0.500029594883894 0.4999227538218184 0.4999984991130963 0.4998445159803626 0.5001301489050642 0.49998706831641826 0.4999797107955287 0.49999357654336946 0.5000078954805239 0.49991653468892094 0.4999950985064251 0.5000408543810714 
0.8251008560625346 0.49982589832922353 0.499828652326272 0.4999716054212402 0.500045880783626 0.499937377952312 0.5001074516201214 0.5000158482994547 0.5000304755971716 0.5001611037593353 0.4999828503245936 0.5002319478526506 0.500029430932653 0.49992051322293374 0.5000509709170986 0.4998691689917289 0.5000828906488413 0.5001072733161547 0.5001579943882649 0.49993191762026273 0.5000000271305094 0.49986384700349445 0.5000674568828484 0.49997614562767745 0.5000054045483722 0.499981105058428 0.5000031036227913 0.4999160142633471 0.50004155691175 0.500047454181317 
0.8277034518029205 0.4998252497122902 0.5003394696291958 0.49997154734463556 0.500045880783626 0.49993725876359574 0.5001074516201214 0.5000158482994547 0.5000301142516687 0.5001611037593353 0.4999894103598775 0.5002319478526506 0.5000292354708241 0.4999205439219418 0.5000509709170986 0.4998691689917289 0.5000832644809848 0.5001072733161547 0.5001588800452378 0.4999383679324456 0.49999799621392116 0.4998647141304495 0.5000674568828484 0.49997614562767745 0.5000061013304625 0.49997924216473727 0.5000030695593256 0.4999160142633471 0.50004155691175 0.500047454181317 
0.8304086778212681 0.4998252497122902 0.5003392850878654 0.49999921051924084 0.5000488439819155 0.5000682808642479 0.500074169318208 0.500034111418586 0.5000150429559884 0.5001463778087689 0.49994362863889236 0.4996711941001584 0.5000281570102172 0.49994772748360355 0.5000494561894316 0.4998674903082353 0.5000832621039334 0.5001069243671236 0.5000751520315713 0.49993190214595523 0.49993257997757323 0.49984642774042004 0.5000063675721192 0.4999824268902258 0.5000200564823667 0.4999770859038967 0.49999090677898017 0.49992069104148323 0.5000441303609906 0.5000535514277958 
0.8329627696186599 0.49984587075065645 0.500375429021938 0.49999729010806687 0.5000458815092134 0.49995341791319153 0.5001087637173669 0.5000225323002765 0.5000299796311489 0.5001612103696055 0.49995302658535173 0.5002040390195767 0.5000292707002995 0.4999478436716048 0.5000833759618639 0.49987286551252774 0.5001357822900278 0.5001069613155008 0.5000685573320017 0.4999319128655662 0.499997966509743 0.4998499179595363 0.5000671356631954 0.4999824340946285 0.49997517195211566 0.49974503230122036 0.499990536736405 0.49991536365487366 0.5000430928121709 0.5001122269556216 
0.8356491642902097 0.49983428818780984 0.500304587277807 0.49999068801070135 0.5000463070925582 0.5001970295018919 0.5000997022611411 0.5000221729079803 0.5000057934332317 0.5001588638083645 0.4999885736404258 0.5002068314323824 0.5000305515391461 0.4999507078125962 0.5000806898887411 0.500372522772244 0.5000931159870328 0.5001083635360793 0.5000650244441429 0.49993913031210085 0.499945813588797 0.4998420036382848 0.5000635464347659 0.4999823984644049 0.5000200798876777 0.4999992233361945 0.4999907731857627 0.499915645640627 0.5000621067642119 0.5000533905974913 
0.8380833162441798 0.4998352593453339 0.4998306425808444 0.4999638611253062 0.5000399606026236 0.5000646931129553 0.5000552419312768 0.4995899627346427 0.5000150593469969 0.5001427686403346 0.49998851766357316 0.4999640578483156 0.5000273248699941 0.49995127605277984 0.4995341583557005 0.4999336973957498 0.5000746050184112 0.5000463359675466 0.5000185140435239 0.4999310844766476 0.49991282644574164 0.49984984260489806 0.500006330362985 0.4999844472177167 0.5000204332302466 0.4999762899659829 0.5000082353506765 0.5000262823040402 0.5000391324117212 0.5000409202272086 
0.8406017567513732 0.4998252497122902 0.5003391210685582 0.4999637731853011 0.5000494535042578 0.4999601708061829 0.500074169318208 0.5000388969821401 0.5000150429559884 0.5001757552454515 0.4999462057530753 0.4996363354299865 0.5000205180802438 0.49994772748360355 0.5000494561894316 0.49994716177482706 0.5000995361995564 0.5001069289865815 0.5000751520315713 0.4999233608678312 0.49995605906385004 0.4998464429130495 0.5000063675721192 0.4999824268902258 0.5000200564823667 0.4997120298961132 0.5000019576253876 0.49992055757701864 0.5000430430886632 0.5000535217937969 
0.8431445574407256 0.4998476799778274 0.5003059618775852 0.4998896266937409 0.5000463070925582 0.5001970295018919 0.5000768286321478 0.5000221728702214 0.5000057934332317 0.5001594184055393 0.4999422309362587 0.5002068314323824 0.5000383694214403 0.499950703695181 0.5000806898887411 0.49985605532244676 0.500143278529875 0.5001083635360793 0.5000113066858165 0.49993913031210085 0.499945813588797 0.4998420036382848 0.5000630337641543 0.4999824009331283 0.5000200798876777 0.4999992233361945 0.4999907731857627 0.4999130844650882 0.5000621067642119 0.5000533905974913 
0.8454722801201091 0.4998474422346682 0.49982610351131873 0.49997250092323026 0.5000463943924941 0.49995953253271436 0.5000763449711148 0.5000251512901313 0.5000148339852136 0.5001416296085486 0.4999828566709907 0.49998097277360154 0.5000271700290077 0.49995103332241536 0.49961604081940403 0.4999797162765595 0.5000629379988887 0.500108007088292 0.5000127378373976 0.49993094104901015 0.49993797704051496 0.49985055878581597 0.5000048842481452 0.4999840469460214 0.5000204438995456 0.4999812539923389 0.49999916234741315 0.5000360361535106 0.5000391384656867 0.5000470604576224 
0.8479858457984807 0.4998474525606803 0.4998628604757032 0.4999931680314888 0.5000462780990353 0.49996347647178296 0.5000787515839594 0.5000355291918325 0.5000149649142298 0.5001421924757983 0.4999895866425947 0.500201982733781 0.5000295926798555 0.49995103332241536 0.5000469742799918 0.49998070011631957 0.5000630474929362 0.5000523820613286 0.5000646053251988 0.49994435327952896 0.49991503280051713 0.49985055889002245 0.5000062722274057 0.4999841207177263 0.4999794655476383 0.49999482943307566 0.49999053673963884 0.499905167097105 0.500039135507144 0.5000470604576224 
0.849986026563225 0.4998474422346682 0.4998628604757032 0.4999760472043264 0.5000463845853275 0.5000250282141636 0.5000763449711148 0.500022541951883 0.5000148339852136 0.5001419637114548 0.4999830502407622 0.500201982733781 0.500027294190147 0.49995103332241536 0.4999621116715456 0.4999862646890782 0.5000576429664023 0.5000522674190754 0.5000249560524611 0.49993094104901015 0.49999181266365206 0.49985056145739903 0.5000072823295999 0.4999839287248584 0.5000204438995456 0.4999757638861189 0.49999888447820057 0.5000360361535106 0.5000391371104846 0.5000470604576224 
0.9013360138846827 0.49984753046508695 0.4998574880895427 0.49997209502948875 0.5000461523678803 0.4999408991648997 0.5000894661312781 0.5000109733719132 0.5000165808311464 0.5001427200993955 0.4999781629753022 0.499773424979514 0.5000420896557316 0.5000029437339479 0.5000747528692068 0.4999914859245565 0.5000778623465468 0.5000776487464721 0.5000160517808879 0.4999226223514889 0.4999416585392758 0.49985334634236 0.5000099208064153 0.4999845184695216 0.500020113903301 0.4999775383877379 0.49999451703776365 0.49991472626523803 0.5000383710283405 0.5000425306899255 
0.9036894207554937 0.49983339892432205 0.4997864453413717 0.4999767058654339 0.5000533700439614 0.4999331278507054 0.5000510906660536 0.5000469029841295 0.4999973409123803 0.5001042787114754 0.5000012607953132 0.5002134912047376 0.5000305619809831 0.4999705831241296 0.5000693221892872 0.4999492815071553 0.5001078109634678 0.5000812434849372 0.5000130516512573 0.4999426994137065 0.4999265755801351 0.5003184445395381 0.5000100156345945 0.49998297861146584 0.5000157081803793 0.4999779933664076 0.5000491425034023 0.5000274219993074 0.5001103384591647 0.5000475252001628 
0.9059000306221081 0.49984541725325454 0.5002165976608618 0.49997318351986586 0.500040453646296 0.5000240257557126 0.5000728993919444 0.49999757247631926 0.5000151003464428 0.500142718110945 0.49995644469760525 0.5001974448641276 0.5000451771713798 0.49994985446560986 0.5000725828944038 0.49995295182734484 0.5000937662639651 0.5000791406293286 0.5000247734037374 0.4999231681865876 0.4999975368491104 0.4995639832660181 0.4999733470763262 0.4999630397409751 0.5000202557958658 0.49972636487130623 0.49999632809939704 0.5000360400546756 0.5000384429942555 0.500051304430819 
0.9078526020864499 0.49984753046508695 0.4998502602042669 0.499976261898489 0.5000521675073658 0.49993303905976466 0.5000785244847181 0.5000216685734168 0.5000165831551691 0.5001430305252869 0.49999718980555513 0.5001965768989692 0.5000442924590834 0.5000015606065136 0.5000735296864128 0.499871677347507 0.5000788258594703 0.5000776586833113 0.5000130920521513 0.4999226223110175 0.49994859209319387 0.49982675799620613 0.5000068344131795 0.4999844747911907 0.5000201031573875 0.499977814833976 0.4999979875825795 0.5000400031670397 0.5000381889698041 0.5000459076300289 
0.9099835006551031 0.4998334110792947 0.500294789971733 0.4999764310552513 0.5000408310208633 0.49993635040114964 0.5000514549793356 0.5000350623012897 0.49999817233716 0.5001077484579611 0.5000046283321399 0.4999527269067494 0.500044767786692 0.5000006484754489 0.5000598828604459 0.4999675208451327 0.49979789550590714 0.5000804870415149 0.5000130697649477 0.49994220775567844 0.4999508014536875 0.4998178810100463 0.5001350131900869 0.49998572660445734 0.5000200700035848 0.4999777048882836 0.49998701750997887 0.49991972149828745 0.5000395459116792 0.5001120668691248 
0.9124009494215025 0.4998224897577384 0.5002948198480343 0.49997629943773475 0.5001521319173644 0.499937463928369 0.5000865519634597 0.5000106775804479 0.500016250321527 0.5001372105200553 0.49997934115323983 0.49977097131888315 0.5000203908952677 0.4999425996984003 0.4996077726080848 0.4999319561987474 0.5000868891089892 0.5001086495406222 0.500013067022275 0.4999229082945247 0.49993826000772745 0.49984198549631215 0.5001299224082001 0.4999845188089372 0.5000200660041147 0.4999781144449893 0.5000030315735147 0.49991955845955394 0.5000385447541636 0.5001116446293421 
0.9140349908425552 0.4998358621196465 0.49987543830271924 0.49997956210830685 0.5000411925617304 0.5000241352570113 0.5000574070584545 0.5000370080213477 0.5000175429953954 0.5001367949532166 0.49997774872617473 0.5001948287228115 0.500020372305416 0.49995304936798934 0.500073864558093 0.4999537740162564 0.5000837322812329 0.5001085684061045 0.5000115442651009 0.4999260135811944 0.4999921803210168 0.4998420501656567 0.5000063086760557 0.4999650120828861 0.5000200772867069 0.4999954385225709 0.4999876296765135 0.5000364569880852 0.5000383888315711 0.5000471940161025 
0.9164695492730406 0.4998340635089322 0.49986269218698776 0.49997639996392074 0.5000228637237496 0.4999361688702631 0.5000528552881572 0.5000410879448106 0.500006440497924 0.5001462117077611 0.49998309784046796 0.49978427382244006 0.5000299040014637 0.5000021488259683 0.4995378682571728 0.4999520380170537 0.5000811557378658 0.5000812809629969 0.5000164053961397 0.49993202569238065 0.49992515206980154 0.4998499513062702 0.5000058987097258 0.4999856859405473 0.5000200797454262 0.49997760665809476 0.4999979371530025 0.500018817314258 0.5000395788849338 0.5001112213335233 
0.9183940679636792 0.4998329165397802 0.49978854411970436 0.4999763724287541 0.5000530741712698 0.49993258493714393 0.5000878927261271 0.5000470121141845 0.5000170036047922 0.5001659520932797 0.5000012007503517 0.4998035064171756 0.5000298666112335 0.4999514695471566 0.5000630711511248 0.4999902862897466 0.5000628944500004 0.5000813249748118 0.5000123111429973 0.4999217277879893 0.4999279148632721 0.4998420738413625 0.5000100168757879 0.4999856840263563 0.5000201608755895 0.4999778827379243 0.49999989760728814 0.5000225919893491 0.5000382410434313 0.5000415656541597 
0.9205992215265382 0.4998333830666783 0.49978805728982406 0.49997669157188884 0.5000533700439614 0.4999331278507054 0.5000512622245464 0.5000452643605083 0.5000049111811566 0.5001348330920274 0.5000012607953132 0.4998065774948909 0.5000305619809831 0.4999479931874798 0.5000695074649983 0.4999913649251845 0.5000633963739979 0.5000812434849372 0.5000130516512573 0.4999217468983245 0.4999265755801351 0.49985155891880273 0.5000100156345945 0.49998553841221216 0.5000201211709109 0.4999778059985139 0.5000000655778286 0.5000273383621139 0.5000382951165742 0.5000412993890616 
0.9226548913299369 0.4997138260291463 0.4998049970119647 0.49997639084640727 0.5000466632158271 0.4999363553044401 0.5000513234166217 0.5000426461660968 0.5000165298913404 0.5001427678526983 0.5000050747394162 0.49978802830347346 0.5000421037460693 0.5000042169380253 0.5000695074649983 0.49999143241574195 0.5000635553130816 0.5000812438522969 0.5000130435946086 0.49992259268261285 0.5000049458927057 0.4998523154485968 0.500005805987517 0.4999824544188115 0.5000201190448386 0.49997760948233255 0.4999945528572004 0.5000273175695628 0.5000383618858858 0.5000471240001901 
0.9246905204157622 0.49983333570844724 0.49978802736186406 0.49997625281436403 0.500052983471671 0.49993320399212926 0.5000729619782297 0.5000445204350681 0.5000065475527755 0.500167146020859 0.4999971353565174 0.4999726124957668 0.5000303442557477 0.500006320946338 0.5000630615859296 0.4999863615873634 0.5000628879234328 0.5000812904521725 0.5000128577993911 0.4999226769860502 0.5000014117166275 0.4998447187088545 0.5000099770464808 0.49998582910387623 0.5000200681564756 0.49997781747329967 0.4999996085841795 0.49990781982241345 0.5000383670989318 0.5000471873073937 
0.9264264595265915 0.4998476626421154 0.49986103734079745 0.4999770682689721 0.5000537234888959 0.49995751576921293 0.5000560973164753 0.5000448935338594 0.5000144631226642 0.5001419795845707 0.49998342125972867 0.499976748292147 0.5000299157105618 0.4999509295919057 0.4999470560963162 0.4999858189262395 0.5000675606516206 0.5000509978460491 0.5000236523894253 0.4999322132394377 0.5000041133250333 0.49985157866898444 0.500006793511141 0.49998544288415414 0.5000219060950435 0.4999774927221359 0.49999959995703214 0.5000238585847961 0.5000395765450634 0.5000468998326373 
0.9287859140680498 0.49984703472447656 0.49980693535767035 0.49997745041579444 0.5000535935774076 0.4999374176936745 0.5000526230857255 0.5000452769369348 0.5000049111811566 0.5001426084152814 0.5000013758769437 0.49978691994851404 0.5000297734602106 0.49994807971993105 0.5000702260496812 0.4999913649251845 0.5000634037911695 0.500081242255469 0.5000130516512573 0.4999226342392842 0.49991726614615034 0.49985155891880273 0.5000098763853956 0.49998553841221216 0.5000201214080126 0.49997763213571916 0.5000000655778286 0.5000271822293406 0.5000382951165742 0.5000413391753885 
0.9307706251551034 0.500066400309863 0.4998045930338002 0.4999732170265015 0.5000457297532993 0.499955669778187 0.5000784742974932 0.5000279281423301 0.5000070437392516 0.5001446328822564 0.49999043043384445 0.5001998346489698 0.5000296991025013 0.49995133679009296 0.5000720884635566 0.49998028707364467 0.5000740564034271 0.5000446491490275 0.5000161186742469 0.49994930125736065 0.49999035708596096 0.49984994290843926 0.5000100285871747 0.49996409477657244 0.5000204280315043 0.49998182608899766 0.500008351912956 0.5000428154821978 0.5000389599779596 0.5000474211405529 
0.9328549164463978 0.4998329165397802 0.49978854411970436 0.4999763724287541 0.5000530552839314 0.49993258341084434 0.5000876864007309 0.5000470121141845 0.5000170036047922 0.5001664223682178 0.5000052925317223 0.4998035064171756 0.5000306685656537 0.4999514695471566 0.5000630711511248 0.4999902862897466 0.5000628895727111 0.5000813249748118 0.5000119013727256 0.4999217271751772 0.49992775714421417 0.4998420738413625 0.5000099779009747 0.4999856840263563 0.5000201608815832 0.4999778827379243 0.49999989760728814 0.5000286123713418 0.5000391288177659 0.5000415656541597 
0.9350131516759977 0.4998267193927605 0.5003062970591491 0.4999902522803938 0.5000408310208633 0.5000253817545418 0.5000873454293788 0.5000405208545139 0.5000175619152691 0.5001435101058413 0.5000045786986037 0.4999606490168458 0.5000448807237825 0.49995327300187214 0.5000649075274053 0.5003292541830896 0.49980830656012376 0.5000804870415149 0.500012859546209 0.4999227807172771 0.4999508014536875 0.4998419329157965 0.5000097857921448 0.499984514866802 0.5000200704583322 0.4999777048882836 0.49998788201108374 0.499917942329497 0.5000383888585597 0.5000473558192923 
0.9368200601841259 0.4998237915545531 0.49987291477929446 0.4999763988546245 0.5000527818475551 0.49996160400219897 0.5000513935145421 0.5000426294762823 0.5000169245557585 0.500134733645319 0.5000011850698776 0.5002001511086289 0.500042142739118 0.5000036040509119 0.5000736344309304 0.49998617050654265 0.5000634091099495 0.5000809595295336 0.5000130938288168 0.49992175342000206 0.4999237881126917 0.49985258158893237 0.5000098935313142 0.49998438950467006 0.5000200015683347 0.4999776314662823 0.4999996956196471 0.5000397256227623 0.5000383073285891 0.500054577851995 
0.9390856852390113 0.4998269098886867 0.49980678363939945 0.4999764217270538 0.500041112227314 0.49993736959132484 0.5000779370585747 0.4994660174273601 0.5000166847967864 0.500142272875633 0.5000049654351999 0.5001956711631038 0.5000295967168157 0.49995158803036654 0.5000630421540349 0.4999895837408735 0.5000781466912125 0.5000782556889706 0.5000611119244484 0.4999224563805511 0.5000002225919767 0.4998440690420172 0.500010102528795 0.49996383125607086 0.500020080651695 0.4999777001899547 0.4999980253493033 0.5000425325285085 0.5000389590319255 0.5000471075155001 
0.9407763014696386 0.49983296594169124 0.499787731602812 0.49997676257515705 0.5000531603453611 0.500031531848117 0.5000561370701362 0.499970434697525 0.5000170003770422 0.5001676079962791 0.4999776389865017 0.49997031815069226 0.500030352850014 0.4999502132453841 0.5000626174775867 0.49995646916941444 0.5000630136780749 0.500042907021377 0.5000130516340773 0.49992324960858175 0.49994648643110695 0.49983997444143863 0.5000091817721946 0.49998570251451285 0.500020104629489 0.49981358689610655 0.4999979936969186 0.5000348533660381 0.5000383008257977 0.5000470787356869 
0.9427213907446471 0.49983360153694933 0.499806868235882 0.49997669157188884 0.5000533700439614 0.4999332516586644 0.5000514612709854 0.5000222651052089 0.5000049111811566 0.5001348330920274 0.5000012607953132 0.4998065774948909 0.500029867971603 0.4999479931874798 0.5000702260496812 0.49998579770820945 0.5000633963739979 0.5000815145870914 0.500012832992018 0.4999217468983245 0.49992186866877636 0.49985156160146965 0.5000100156345945 0.49998553841221216 0.5000201378670079 0.49997763077361346 0.499999601999135 0.5000273383621139 0.5000382951165742 0.5000472208609816 
0.9446377314637393 0.4998472529696662 0.499805610501737 0.49997627432349767 0.5000407840120756 0.49995761841079756 0.5000561790278049 0.5000234330946498 0.500014453169582 0.5001428184688397 0.500005148052921 0.4999769892308787 0.5000304507962927 0.5000001159657629 0.5000626183457278 0.4999858419583269 0.5000628196397033 0.5000509717889975 0.5000128392361778 0.49992309032021254 0.5000041119276524 0.49985272144575366 0.5000099768981109 0.49998344816828477 0.5000210568858049 0.49997770502857064 0.4999980335481485 0.500025859015189 0.5000395710706976 0.5000470798131267 
0.9465557839201393 0.49984728635560144 0.49987832497527757 0.4999765148929013 0.5000399661353111 0.49995856167351993 0.50005504909989 0.5000246323998557 0.5000145902285045 0.5001427460332782 0.5000050235049301 0.4999727603536088 0.5000209525737106 0.5000002409442827 0.5000626188841416 0.4999860936004748 0.5000628884749986 0.5000509981797501 0.5000230463029701 0.49993211118917413 0.5000011658878352 0.499852686389905 0.5000099759426475 0.4999845237257172 0.5000200045835093 0.49997770502857336 0.49999966937479057 0.5000238011056014 0.5000383648316152 0.5000470789951613 
0.9485377394670159 0.49984723305146056 0.5002971232656752 0.49997639166141333 0.5000408277261162 0.49993735921218985 0.5000551644599482 0.5000246163246398 0.5000165096076984 0.5001427460332782 0.5000050233708654 0.4999718010354669 0.5000202420625949 0.4999554440614688 0.5000646015429603 0.4999855572952179 0.5000628879615373 0.5000519062576074 0.5000128613478596 0.49993209899747654 0.4999521179826635 0.4998528922466978 0.5000097930518366 0.49998452375271996 0.5000200706963516 0.4999777050232355 0.49998783868594077 0.5000253477289276 0.5000383093986295 0.5000473541207643 
0.9499809388515524 0.49984728635560144 0.4998784629764458 0.4999763786476034 0.5000399661168141 0.49995901768776135 0.5000561078754416 0.5000249787507837 0.5000143965317781 0.5001394134222709 0.5000050235049301 0.49997714867613624 0.5000209892881285 0.5000002862622183 0.5000626188852565 0.4999860936004748 0.5000628884823882 0.5000509981462604 0.5000128333090338 0.4999313388900912 0.5000011658878352 0.49986327634151295 0.50000997692193 0.4999845237257172 0.5000200045835093 0.499981326528151 0.4999996681100631 0.5000237735217475 0.5000383093986295 0.5000470829983975 
