1.3612857266004363E-6 1.0406284239172072 
0.010085173833413244 1.0305447210372667 
0.02008743944265653 1.0257292574323806 
0.07964771707051353 0.9609820419081162 
0.0815381445000426 0.9590916163937572 
0.08069704896077474 0.9599327223511431 
0.09079501260720621 0.9498348194053654 
0.10088435309864056 0.9397454165212349 
0.11095610374627965 0.9296737491292755 
0.12105088282561463 0.9195789846816179 
0.1311318744599332 0.9094979927248461 
0.13600062486698855 0.9046292156184749 
0.1982286650306892 0.8429334912983533 
0.19828932845653724 0.8424346061515219 
0.20177347743919125 0.8389857975451626 
0.211844841972404 0.8288234919922688 
0.22197465418117565 0.8188919896143503 
0.23200811597717746 0.8086363270043138 
0.24224514706218928 0.7989980664342938 
0.25223209136726127 0.7885877129897372 
0.2537551850474592 0.7868856372224017 
0.3154091733626304 0.7252576144534161 
0.32292041559115725 0.7180971686571521 
0.3328934422860577 0.7077701594818735 
0.34301125643309505 0.6976543655422044 
0.35307346573795256 0.687600857681283 
0.36319649763952694 0.6775677008079874 
0.37171985135275404 0.6689102993603375 
0.4335857346404569 0.6075690228551173 
0.4338102574764296 0.606945631288896 
0.44420304211243217 0.5972350873881559 
0.4538922431233292 0.586749056004118 
0.4640702314870658 0.5766721241103059 
0.474161484830318 0.5665872999318465 
0.484209748534619 0.5564552322458057 
0.4895883311060081 0.5510661466854789 
0.5540879440577285 0.490661342102496 
0.5552019676107558 0.48614429131087317 
0.5648713041518483 0.4757884320982968 
0.5750622634570937 0.46571992207649077 
0.5850881127179094 0.45558162161213794 
0.5955066897570185 0.4457143250088002 
0.605270893722898 0.4354092572886722 
0.6074281551184677 0.43320557565878753 
0.6742477371613743 0.37499453168840796 
0.6759518155982644 0.3648253327450852 
0.6859720788092611 0.3547054478805609 
0.6960875103326741 0.34462390078421085 
0.7081619228556999 0.33536611878666966 
0.7162575002636895 0.3244506167227661 
0.7252837734618908 0.31535260079575533 
0.7917796095638658 0.2551400296515803 
0.7971632961519993 0.24379640294352298 
0.8086014210114189 0.23402602021121136 
0.8173617195353349 0.22361867533638538 
0.8271875187184184 0.21347290235460542 
0.8372536035128405 0.20338020913984703 
0.843137009642996 0.19750514987796725 
0.9079100013406349 0.13277412107109068 
0.9179774242175709 0.12268259197095085 
0.9285234211609038 0.11263261186622762 
0.9381164147291633 0.10251969860484761 
0.9482323136442544 0.09242091816179135 
0.9586799131542199 0.08234721543840175 
0.9609804203586029 0.07964952677739788 
