1.3612857266004363E-6 0.9825591483517846 0.9999902999789061 0.999999872003916 0.9999999069192743 0.33439086920941913 0.40175249904611776 0.4671023416477819 0.5317756071806489 0.6004674654795772 0.6675781080144704 0.7320662439698017 0.799751489089074 1.767707639379738E-5 0.01762236402777312 
0.010085173833413244 0.9821078646995672 0.9999928373691527 0.9999998719493846 0.9999999718949102 0.33075790738898253 0.4017446250444636 0.4670981012369961 0.5328345585896875 0.6003663437922376 0.6677537146531953 0.732078130731083 0.7998966731720373 1.85392582477504E-5 0.01587144247078731 
0.02008743944265653 0.9836370309785537 0.9999981894143622 0.9999999992864491 0.9999999008647256 0.3308864660928474 0.4014893937101054 0.4670981066088711 0.5328279768649393 0.6365051296913956 0.6675362492721324 0.7320753796125858 0.7998026780341059 1.787715908012733E-5 0.018556023154249108 
0.07964771707051353 0.9820982705285276 0.9999974546124463 0.9999999964688193 0.9999999925858916 0.3326418226639849 0.4017489725086778 0.4670981071437696 0.5335166922061451 0.6003587760307535 0.6675115509397184 0.7320779424623652 0.7998027508753635 5.8012723312585885E-6 0.015856169830179817 
0.0815381445000426 0.9821054456366088 0.9999974546124463 0.9999999964688193 0.9999999925858916 0.3326418226639849 0.40174481744947704 0.4670981071437696 0.5335166922061451 0.6003587760307535 0.6675115509397184 0.7320779424623652 0.7998027508753635 1.788429379998065E-5 0.015856169830179817 
0.08069704896077474 0.9821844706925813 0.9999975235600866 0.9999999981988784 0.9999999989936724 0.33268647826132003 0.4017489128931306 0.4670979788817623 0.5335122013503247 0.6003666797478819 0.6673684301558749 0.73207798091742 0.8014286187762442 5.5620525118147685E-6 0.014995100210714131 
0.09079501260720621 0.9798179022018481 0.9999929401766442 0.9999998782149002 0.9999998978153679 0.3325383559275913 0.4014852639073081 0.4670990964227216 0.5338508030257663 0.6003660214454497 0.6644078990644758 0.7320751244071194 0.7997961279928254 1.748073840759746E-5 0.017671528672968312 
0.10088435309864056 0.9821631449426215 0.9999976502149687 0.9999999981810833 0.999999952175446 0.3326409206033947 0.4017489013733827 0.4670986349517227 0.5335156728316788 0.6003661771769305 0.6674509722177404 0.7320656714801281 0.8013577851936683 6.225636927419439E-6 0.015865937015806967 
0.11095610374627965 0.9816070737564008 0.9999881584145901 0.9999998781950269 0.999999954538655 0.3325376905880603 0.40174900338266506 0.46709534872827296 0.5328409080446842 0.6003661835114802 0.6643904413578418 0.7320746407799984 0.8013515154995666 1.788247621771831E-5 0.017681240623110054 
0.12105088282561463 0.9821838881903925 0.9999884559478941 0.9999999419932626 0.9999998960132543 0.33264204134566333 0.4017543693597237 0.467097558030533 0.5328193705957311 0.6003059835565528 0.664425227378638 0.7318086024275059 0.8015000542784545 5.0559649373390036E-5 0.0162819469872263 
0.1311318744599332 0.9821787659118681 0.9999926674135736 0.9999998455473087 0.9999999678977286 0.33175408609418616 0.3997752899221534 0.4671307588660073 0.5328191471459243 0.5999107788901731 0.6644253003979187 0.7317681232156669 0.799801572632404 6.053548000010582E-5 0.009632252347050056 
0.13600062486698855 0.9826799409590835 0.9999964850119429 0.999999845074566 0.999999970679081 0.33263501610405005 0.39982753666715404 0.4671318131682774 0.5328281484141242 0.6003059825965253 0.6644245604638588 0.731766437804335 0.8015037314475476 6.05039682298522E-5 0.016289731799934277 
0.1982286650306892 0.9822907644226032 0.9998562686178261 0.9966879697387577 0.9994330181559095 0.3325044521143152 0.40176806194277415 0.47426501106537733 0.5272208794244639 0.6202731206837168 0.6636127986129382 0.7318919001690974 0.798324137266527 0.008641454741893536 0.01352967683811378 
0.19828932845653724 0.9826594414461942 0.9954981091792068 0.9999991821437061 0.9999999745884123 0.33695823774600187 0.40176489184628056 0.4672337577080753 0.546561643927747 0.6003622431224688 0.6636042074012123 0.7317643447161013 0.7982742657371176 0.008775590985950245 0.01631469178641974 
0.20177347743919125 0.9942872449799848 0.962847672873 0.9997611142645807 0.9999959360814415 0.32499430301512233 0.4015974108713331 0.46567970497394456 0.5275688565628874 0.5975661215816743 0.6637402356526109 0.7423138002916453 0.7982717648935502 0.07089985762818844 0.08305182309572655 
0.211844841972404 0.9806242589582048 0.9998815196350044 0.9968260903922224 0.9999941234617694 0.3379185463423276 0.4015982069431662 0.46566916171088113 0.5273418878357894 0.5976311953082226 0.6630374890049119 0.7428035868597895 0.8013418141853194 0.005602569276790925 0.03411529955907651 
0.22197465418117565 0.9469463592568752 0.995141924944123 0.9999568454783008 0.9999994047190351 0.34552879654439744 0.392489910231779 0.46618914422508817 0.5275359083610167 0.5977403020385587 0.6636715132568914 0.7431234440108374 0.7983823691404799 3.470502028534076E-4 0.15422029437547508 
0.23200811597717746 0.9846967119199665 0.9956771659091925 0.9966366137891394 0.9999948177871665 0.3368058611151316 0.40170236518919383 0.4655702952394679 0.5276951760498777 0.6003622431224688 0.6636041023017152 0.7318921996577599 0.7982849226215789 0.008775590985950245 0.00855683882877474 
0.24224514706218928 0.9424913581725347 0.9728988246799131 0.9996361399731677 0.999983876605295 0.31812765716822017 0.4014215117254343 0.46628721014167485 0.5339420837794079 0.5976366235685432 0.6722992976132639 0.7404074236342558 0.8013287194251196 0.12464421840885911 0.021311644053443185 
0.25223209136726127 0.9109002490914518 0.9978986277553634 0.9836253966281951 0.9999943007354778 0.3366474220815727 0.39255418510687906 0.4655702945303492 0.5275360213726538 0.5977438303054223 0.6527907910673425 0.7404439566214792 0.7983022961431926 5.294270840711818E-4 0.04288374306296447 
0.2537551850474592 0.9865815348766787 0.9999759238804027 0.9996715554532297 0.9999994825740222 0.33260067679166266 0.40130735984112254 0.46445194103391024 0.5276549289744562 0.5975210174599787 0.6636713751623541 0.7401117959435137 0.7984818938033691 2.2009878434913472E-4 0.042548738161932845 
0.3154091733626304 0.9347021963909226 0.9998010348559656 0.9999805670192253 0.9999966389643492 0.3365086794844823 0.39152417999976385 0.4630011769751075 0.5367296233916535 0.5912690192532973 0.6636277616994373 0.7316442377167428 0.7980650511656984 3.4284180028646614E-4 0.009966188110099574 
0.32292041559115725 0.9848576714544912 0.9868664856335924 0.9999701191486807 0.9955537097066652 0.3373259642798645 0.3829526453067768 0.4568321800122931 0.5346008886834933 0.6087437612362498 0.6728400413977041 0.7324068575640363 0.798067601951363 3.431733707222316E-4 0.05552769816204696 
0.3328934422860577 0.9820864482416373 0.9998017063405416 0.9999805670192253 0.9999960319629146 0.3365086794844823 0.39152417999976385 0.4630011769751075 0.5353746002437353 0.5912724775536965 0.6636266155478684 0.7316442377167428 0.8019407563500478 3.4284180028646614E-4 0.009966188110099574 
0.34301125643309505 0.9828141565218635 0.9997705231846941 0.9997900750167237 0.9999064288127187 0.33667701133499306 0.4009766584353173 0.4629782343436081 0.5271186276925066 0.5911841382537922 0.6635670311893956 0.7407183108675963 0.7978907541540775 9.376772358607479E-5 0.05421782456675195 
0.35307346573795256 0.9432111860132405 0.9982572544694303 0.9997815855234319 0.9999969037323035 0.33059520941431486 0.3900979733352447 0.4656425405013355 0.536186067762839 0.5994726026218208 0.6646219515563512 0.7316762626400196 0.8019593728999328 0.033301079116436115 0.002523196357906477 
0.36319649763952694 0.9889387424582875 0.9981786391179733 0.9724746212314253 0.9999975863255287 0.3364091128778016 0.3905568080287793 0.4628020592952452 0.5361797528082202 0.6072783481642352 0.6646219122152619 0.7316766333522687 0.8019401550226243 0.0023846343509260244 0.019381161279766843 
0.37171985135275404 0.9796575554150502 0.9999994032368671 0.9999981302489139 0.9999996404506477 0.33059520941431486 0.4017323597154519 0.4656427677302925 0.5350209852452372 0.5999738389376199 0.664621859653329 0.7316762626400196 0.8019623562918604 3.826416389368471E-5 0.02756555639841335 
0.4335857346404569 0.974859647839585 0.9999994032368671 0.9999981302489139 0.9999212063556631 0.3297159274516531 0.4031476750029483 0.46564505433747094 0.5451749565161725 0.6181044739778015 0.6613431337381914 0.7224550072417741 0.8101918934222734 0.07219159906201389 0.026741409107306248 
0.4338102574764296 0.9746652661155958 0.9976621345939579 0.996481308556452 0.9999192250888521 0.32976865932396127 0.40321761608363527 0.46441771030589873 0.5448988419899078 0.5988507306340344 0.6572171244171614 0.7309644799792605 0.8105730525963665 0.006321712810733011 0.02583856073240025 
0.44420304211243217 0.9998263072594805 0.9971349404886237 0.9544797507957885 0.9998806828090407 0.33737250707107264 0.4031054740908615 0.4648621219980976 0.5426986618083639 0.6197010758723954 0.6608327124166125 0.7307734052923585 0.8004934299723959 5.219325254692542E-4 0.14743465360336672 
0.4538922431233292 0.9766550222841776 0.9971346985020052 0.9978853295693328 0.9999188986534476 0.33709223121989423 0.40344202891606123 0.4648759416385734 0.5338430000369008 0.5988151220842631 0.6608328498490357 0.7309699590975411 0.8005515369313071 8.238617604663413E-5 0.02496822836171083 
0.4640702314870658 0.991838080149879 0.9998993983800863 0.9993743215599586 0.9999775689343186 0.33780173922960655 0.4010422922447921 0.4649319201699501 0.5448824473009489 0.5907408585977777 0.664020024112361 0.7317969688539251 0.810349941582511 0.003597897482194946 0.039095816947585994 
0.474161484830318 0.9781849238499645 0.9833806331022564 0.9963091006354794 0.9999195963092171 0.32972939961571174 0.4010422986791539 0.45825994707475765 0.544886319994687 0.5978766690939142 0.6643747336060426 0.730965935744112 0.8103880459926751 0.006315901733538543 0.039095816947585994 
0.484209748534619 0.9388676624357333 0.999999558264353 0.9979944854614505 0.9998783131514656 0.3297000548037183 0.40320781990259774 0.4651137981796822 0.5315888180971796 0.6092398770609474 0.661720638074897 0.7309754623313953 0.800704799583428 0.0062178125269949725 0.04463059749164394 
0.4895883311060081 0.9767626368744105 0.9999871878644084 0.9979944793462925 0.999921107641364 0.3298145031700701 0.401087380587894 0.46511376779679425 0.5338279283710604 0.5913836972734545 0.661720638074897 0.7309777159078498 0.8006573483414747 6.3957550997448525E-6 0.016272707901794536 
0.5540879440577285 0.9754486518478926 0.9997730692606411 0.885253285290825 0.9979531680351589 0.3600562177282243 0.3963241491917032 0.47208406176971396 0.5313025623864963 0.5825783587510148 0.6618482077194068 0.725297465422619 0.8008360240248986 0.018424417649368457 0.01112385576123899 
0.5552019676107558 0.975450591570106 0.9957058289101778 0.9979697458040325 0.9979535971057673 0.3252653328618938 0.39356765601428 0.47195000897178974 0.5419110361570566 0.5911441612689543 0.6618374124103733 0.7401648727329476 0.8007241496586315 0.1357001292154029 0.016515175497958227 
0.5648713041518483 0.9854833885917029 0.9980568469855094 0.9997074610404911 0.999995173272985 0.33824731420771 0.40296375130324297 0.46402385662292134 0.5338947242594333 0.5997719661328547 0.6578957222807876 0.7300055497482838 0.8011489691489758 0.0265974970833395 0.015587019594350804 
0.5750622634570937 0.9975178790093924 0.9534462619552074 0.9996873619778172 0.9999535737673533 0.34715377170831796 0.401605176669133 0.4640522226800418 0.5372465666851044 0.5918581890251289 0.6609791552849961 0.7300021517036657 0.8011591557083022 0.0032957119895279594 0.016825324301355832 
0.5850881127179094 0.9852444826951051 0.9980788147086633 0.9997944447405271 0.997978966471256 0.3349716934987542 0.39610913541860626 0.46406698714891303 0.5311606349056036 0.5998822200159991 0.6621492299524748 0.7300456842964118 0.8011586496245084 1.769472226159901E-4 0.015559176596860898 
0.5955066897570185 0.997515040983821 0.9661549180959935 0.9996868593725079 0.9979538494595692 0.3471830251966289 0.4023229364829284 0.4701101581410541 0.5417596322822165 0.5911148998304991 0.6609942104452636 0.7401244505107433 0.7827434014058949 0.08725940197238544 0.056716528516013096 
0.605270893722898 0.9852444826951051 0.9980568469855094 0.9978821935510459 0.999995173272985 0.33830341269780645 0.40296375130324297 0.4652870808568455 0.5314705406828053 0.5999727079604692 0.67761755456063 0.7300056031314281 0.801159261118762 9.309150220630313E-5 0.020904770967051817 
0.6074281551184677 0.9983376414555357 0.9999640767925984 0.9996850166340763 0.999996165457205 0.32979827002320783 0.4010962621361265 0.46509709391274967 0.5314674145921088 0.599230809568835 0.6617604459332697 0.7315382053202713 0.8011391956433497 0.004062530839251068 0.005619647545381459 
0.6742477371613743 0.9813560543849442 0.9991100218202769 0.8826034184789409 0.9375227870204167 0.3598707913149347 0.40209756269000607 0.4646094063854437 0.531472460568623 0.5825965900678204 0.6776426899627493 0.7595540223167094 0.8007162982481446 1.3070657850532737E-4 0.12699834568010174 
0.6759518155982644 0.9436713154472001 0.9926608698529001 0.9997623166840403 0.9999101090140278 0.3471655801606155 0.4016003949269319 0.46461590501802913 0.5373201649784566 0.5991901578223515 0.6722571956965988 0.729941326954975 0.8009679914550931 0.05041486034177523 0.002225543110245809 
0.6859720788092611 0.9453623427056438 0.9927578773795375 0.9997987508222543 0.999998481716765 0.3429536347553985 0.40159893918630707 0.4646223778614914 0.5371465611240396 0.599745517022465 0.6723536286766388 0.7299425008581163 0.8009378863124385 0.01924115035766025 0.08805106270079238 
0.6960875103326741 0.9814113277043826 0.9406229604305744 0.9913418061425906 0.9999038877990486 0.33000661159746103 0.4015650537924523 0.4646072601054561 0.5374072872194184 0.5974837642510991 0.6721544895554132 0.7299706020232762 0.802116502158423 0.024996057153797192 0.05410488794219833 
0.7081619228556999 0.9960937241886046 0.9926984359961595 0.9997556870092015 0.9999965653418371 0.30181127500724747 0.4016007078855771 0.464669046706497 0.5374962542043829 0.5991492421741 0.6689994938062932 0.7354917002577263 0.8011831281137753 0.003954403625987687 0.015822435187069356 
0.7162575002636895 0.9730279839907565 0.9908344539517046 0.9776769454042753 0.9999930078419556 0.33469852256482213 0.40229882099903586 0.46406309579396693 0.5366672137872922 0.5965581888294841 0.6689032788296994 0.7315339295599267 0.8011817706488695 0.004007955269756736 0.01535953595552616 
0.7252837734618908 0.9831848302304267 0.9918099921046243 0.999955180112422 0.9999039698773692 0.3331760092721631 0.39536114245818244 0.46406777953408984 0.5368639814557257 0.5974855736558983 0.6689994892905758 0.73139012540847 0.8021430493928421 0.004013693766535324 0.015828718753040028 
0.7917796095638658 0.9802999493894646 0.9580987237007149 0.9999118105381352 0.9180202098190418 0.3145747870222595 0.3947840813289982 0.46503453258296107 0.5191736110573352 0.5973894107479515 0.6714232746813437 0.7528319409438277 0.7939016362779752 0.005657750527540177 0.015022587193663674 
0.7971632961519993 0.9875906113757327 0.9946558586026033 0.9998930648885068 0.9999988836326879 0.3318241164411656 0.3953704712889777 0.4650059801111135 0.5306174145324476 0.5836186758404892 0.6777010161067769 0.7299533158277557 0.7939423329954899 0.005658074054070628 0.13500026958514916 
0.8086014210114189 0.9798494576914748 0.9972264398653901 0.943937928838275 0.9999800737897212 0.36022566775785664 0.40215370948539747 0.46429617897862546 0.5304222956847929 0.586559418191409 0.6621957440782307 0.7299390948174723 0.8073514871704811 0.011867250274360011 0.016566952142286068 
0.8173617195353349 0.9787708004049593 0.9946510946297228 0.9998932640126977 0.9999677132444762 0.33108102109034565 0.3953793717604313 0.46415873797993723 0.5484542600730564 0.5855619739900801 0.6776071700355144 0.7299528887390266 0.8068512212621264 0.03271071233617476 0.06245900861188426 
0.8271875187184184 0.9918349041781215 0.9620385410585842 0.9992871917824594 0.9999815915428174 0.33744866584447986 0.3972822099756214 0.4649852397197983 0.5338461904845659 0.5999026574415381 0.6641021134633559 0.7299532895836476 0.8073472573429044 0.008182225822509524 2.584194689484419E-4 
0.8372536035128405 0.9794933776523531 0.9940758163629607 0.9998683698873495 0.9999816863936152 0.33444911639628533 0.3971982173051326 0.4649831830400975 0.5305438916030203 0.5999027466755973 0.6621583050994488 0.7299530414716069 0.7997573656734774 0.0012361390900367394 0.012437553348273424 
0.843137009642996 0.9794933776523531 0.9941953645919237 0.9998840526205133 0.9999813565281909 0.3344491232290243 0.4005791924597985 0.4649829709714606 0.5305439168402102 0.5999025734797923 0.6621583050994488 0.7299530410982471 0.8073472552069609 0.0010812999557937375 0.016478964620598138 
0.9079100013406349 0.9139365781276526 0.9992381683306754 0.9999003159491303 0.9999817029203891 0.3346876946182966 0.4030656183022023 0.4614167221989958 0.5303587718804716 0.5999150184672043 0.66214906861357 0.7319114392619599 0.8108303338809881 0.0022891417611469456 0.00945183697684876 
0.9179774242175709 0.9374388340691671 0.9991514481381224 0.9999003841729688 0.999981655610033 0.3318758549132171 0.40244318533918483 0.461586045371619 0.5338983061482174 0.5999168992334089 0.664907382173554 0.7317459701062764 0.8095051443676828 0.0036365627324533127 0.0337870099971708 
0.9285234211609038 0.9810356704721432 0.9667252512136654 0.9986478673563146 0.9999990545604701 0.33244299582468295 0.3800916143996005 0.47450414466936175 0.5339378676098095 0.5998851136512418 0.6684949776894963 0.7314398917859373 0.8104409646866974 8.453364611919168E-4 0.03378807205178681 
0.9381164147291633 0.9882910852420377 0.9855915366349025 0.9997847843509764 0.9999999174538134 0.3305939625243214 0.40296519723724006 0.46171578078142655 0.5339323360320627 0.6008437801060535 0.665211762356843 0.7317281141789508 0.8007572567025132 1.1189946652081432E-4 0.02425056268796869 
0.9482323136442544 0.9139365781276526 0.9939804526318297 0.9999197282856009 0.9999943490220817 0.33236012431252315 0.4030656183022023 0.4586215468150135 0.5351360183911673 0.5998956593746004 0.6636969134018161 0.7319114392619599 0.8016719666942799 0.0023079511626142076 0.009413790616690475 
0.9586799131542199 0.9994734649863377 0.9993026475954563 0.9914510768075808 0.999999809762467 0.3309197379499504 0.4017721988899882 0.44795027651580843 0.5354867356377258 0.5998953906694482 0.6743185030380473 0.7317281141789508 0.7999179390289834 0.0036488128998614193 0.05666487709136247 
0.9609804203586029 0.9808888934292288 0.9999774008901273 0.9999582955045285 0.9999999769553982 0.3324678908561959 0.40166567649772683 0.46691246702268957 0.5317039064053926 0.5998813088599995 0.6684944073261888 0.7336531465702364 0.8011412155218011 2.2726823884550813E-4 0.01884738592295042 
