0.4000022892092615 0.3675475899012923 
0.39613086456967106 0.40106644494361976 
0.39558356970315084 0.40593855246269495 
0.39548825321059655 0.40680910470110887 
0.39539432596537843 0.4077069671168154 
0.395435278442705 0.40732427974935537 
0.3955748721532495 0.40602299528040303 
0.395642483657377 0.40541935427026266 
0.3957246897776118 0.4046752839615465 
0.3957908609389513 0.40407147462113474 
0.3958646873818035 0.40342983390522436 
0.3959344513372386 0.4028088294515345 
0.3959999085290067 0.4022117209552881 
0.39606918540256614 0.40161971038749933 
0.39619627902695265 0.40052151126280544 
0.39625708131533494 0.3999771142820794 
0.3963234150564429 0.39940805360284865 
0.39637771711455694 0.3989462786631933 
0.3964362209824907 0.3984373143020711 
0.3964931050056709 0.39795049835328217 
0.3965475315743032 0.3974858845594655 
0.39660128828617586 0.39700492926160014 
0.3966542792174142 0.39657276014213433 
0.39670553220622135 0.3961288737804588 
0.39675548391218357 0.3956939887399118 
0.39680595096367516 0.39527674393004414 
0.396856481550677 0.39484032477882847 
0.3969012254349865 0.39445860566618823 
0.39694824021182196 0.39406653580396805 
0.39699356533021224 0.3936695068521318 
0.3970380909567211 0.393298458159488 
0.3970821259377178 0.39292988046736427 
0.39712127657782326 0.39255018744500375 
0.39716219617796666 0.39219039744168716 
0.39720289399971964 0.3918424630309309 
0.39724394150079834 0.3915024242363896 
0.3972793979786826 0.39115150568736357 
0.3973211855631455 0.390838604715579 
0.3973554451725844 0.3905037041278268 
0.39740101309745746 0.3902178543081304 
0.39742717796257065 0.38986683441659775 
0.3974631403643835 0.38956630342407594 
0.3974991164207782 0.3892624995904791 
0.3975328336177752 0.3889620276135344 
0.3975667705339382 0.38868707144304476 
0.39760142775692603 0.3884134965752425 
0.3976291016266501 0.3881212537182575 
0.39766591003164997 0.38786353218663455 
0.39769628261771195 0.3875925018025531 
0.3977269295333634 0.3873291623630979 
0.3977571461473719 0.38707029775100105 
0.3977849181203261 0.3868107966361925 
0.39781320952805477 0.3865556772441444 
0.39784181237083205 0.3863118019269171 
0.39787097867836463 0.3860728869041056 
0.39790813925213936 0.38586061553617834 
0.3979272334085642 0.38560498160824397 
0.397951585759978 0.3853695225485394 
0.39798260960602094 0.3851539365149151 
0.39800618443198005 0.3849260842178717 
0.3980314564378478 0.38470617135473845 
0.398055702193254 0.3844843398602673 
0.39808280598958773 0.38428201255051936 
0.39810538309681404 0.3840682983129224 
0.3981310503975575 0.3838669184609512 
0.3981510575370584 0.3836558363615904 
0.3981718675952342 0.3834480255440431 
0.39819599633980257 0.383254506342112 
0.3982257186991238 0.38307984904507847 
0.3982395968585729 0.38286998563573515 
0.3982636912406426 0.3826881456313118 
0.3982824506790968 0.3824970619871968 
0.39831401991361004 0.38233638464010444 
0.3983285932738783 0.382143277735875 
0.39835280109617766 0.3819730022506192 
0.39836689439512085 0.38178696270886 
0.39838844434833903 0.3816178784709427 
0.3984057536324904 0.3814427764702818 
0.398422449348784 0.38126874505250297 
0.39844263661525237 0.3811072332069529 
0.39845938556570776 0.38094019005560736 
0.3984804939932345 0.3807841843360168 
0.3984976759740133 0.3806236053215835 
0.39851484825638506 0.3804668219464313 
0.3985313311984041 0.3803098420141396 
0.3985485895052693 0.3801568709590849 
0.3985672608887497 0.3800093738041911 
0.39858302490600517 0.37985413631416487 
0.398604081065198 0.3797200470131748 
0.398615109660021 0.37956501367154194 
0.3986333941570196 0.37942504534362453 
0.3986472477725787 0.37928190045331633 
0.398663677321437 0.379138682482732 
0.3986809206493545 0.3790090909889185 
0.39869391326507814 0.3788729935790588 
0.39870920213962874 0.3787363527587023 
0.3987241569299211 0.3786042265738333 
0.3987388153724153 0.378473266755323 
0.3987539391803689 0.3783442776495357 
0.3987684400567499 0.37821738387719256 
0.39878280157633 0.3780917679388338 
0.39879648476509666 0.3779688819093002 
0.398810962587523 0.3778430938094255 
0.39882454160173025 0.37772239608991565 
0.3988382900231593 0.3776027789118848 
0.39885185065471007 0.37748411930986847 
0.3988654880104332 0.37736550543303454 
0.3988783598064847 0.377252006860775 
0.3988919630380145 0.3771378462857596 
0.3989048896905843 0.37702383704228876 
0.39891749208192745 0.3769126362602205 
0.39893011085974317 0.37680408473804144 
0.3989429692802083 0.3766939855178838 
0.39895534616650125 0.3765859058920806 
0.3989673499893502 0.3764794713781703 
0.3989797594084298 0.37637311756537856 
0.39899164474861637 0.3762684958929705 
0.3990038255013313 0.3761649560591212 
0.39901567358082507 0.3760630175620342 
0.3990268921548775 0.37596220317009293 
0.3990384915385 0.3758629135868476 
0.3990500717133418 0.37576430030917585 
0.3990610564959142 0.3756676456263847 
0.3990721034795757 0.37556961284107737 
0.3990832472589401 0.3754735385832208 
0.39909411728807564 0.3753804750066379 
0.39910502794095587 0.3752855708137432 
0.3991157077564787 0.37519313815433414 
0.39912625482435016 0.3751015136224138 
0.3991367491963507 0.37501098032926783 
0.39914716564827785 0.37492066515120626 
0.3991575340924266 0.37483196751181413 
0.39916792093177034 0.37474248550411304 
0.3991777979697614 0.37465699766051114 
0.39918774127939344 0.37457088254871274 
0.3991976287126761 0.37448521790557715 
0.39920743099969197 0.37440064767182124 
0.3992170902966318 0.3743176416686765 
0.39922676824041237 0.3742347787385356 
0.3992364832953796 0.37415235960321447 
0.39924561679975507 0.3740724783796484 
0.3992552278828828 0.3739910914751635 
0.39926432045607496 0.3739122562759467 
0.3992737031453775 0.3738318160506687 
0.3992827708221977 0.37375388829110495 
0.3992918426448873 0.3736766925479659 
0.3993007571315832 0.37359905550460343 
0.3993100764670905 0.37352436889665663 
0.3993183707196379 0.3734476680958602 
0.39932703616912185 0.37337511210895147 
0.3993355999813737 0.3733007230185812 
0.399344258408138 0.3732273175058867 
0.3993527681069998 0.3731548847823265 
0.3993614371072073 0.373082239548991 
0.399370288520647 0.37301417846243096 
0.39937820947465036 0.37294331260507835 
0.39938865721773587 0.3728734086673975 
0.3993946844278196 0.3728039995273796 
0.3994108889098248 0.37273897285412794 
0.39941203525333524 0.3726669078020436 
0.3994228116908468 0.3726015014838269 
0.3994260936702382 0.3725324768278787 
0.3994354574947608 0.372467083815834 
0.39945963722784616 0.3724101526144261 
0.39945975741411727 0.37234104273122004 
0.3994601100090928 0.37227262512882814 
0.39946876865972936 0.3722092612158407 
0.3994777414160851 0.3721466386540306 
0.39948246044484803 0.37208245096994536 
0.3994897666017101 0.3720199957399607 
0.3994984805158632 0.37195904046412287 
0.3995061704281902 0.37189801171382725 
0.399510572285733 0.3718355003084732 
0.39951978870139637 0.3717762362292249 
0.39952941159588673 0.371718275843446 
0.39953372981990243 0.37165764578459837 
0.3995393972220231 0.3715983751651325 
0.3995484526110387 0.3715411079190201 
0.399549985559316 0.37148068345817076 
0.39955953666169636 0.37142419257353326 
0.3995696360715086 0.37136940817893865 
0.39957338466367026 0.3713114294018715 
0.3995784000477364 0.37125513460785775 
0.39958880774273786 0.37120107339454245 
0.399592504026739 0.3711449632598035 
0.3995995466527176 0.37109083953130323 
0.39961057752646006 0.371038595465952 
0.3996106018040093 0.3709822913190111 
0.39961545108155255 0.3709285328486202 
0.39962394258015843 0.37087639868595074 
0.3996300573561869 0.37082373794040496 
0.399636255563787 0.37077184451877215 
0.3996395207808766 0.37071896056749987 
0.39964761898396933 0.3706686278360339 
0.3996542298485364 0.370617945568348 
0.3996629344514126 0.370568321564521 
0.39967027015087736 0.3705189031370989 
0.3996713564908203 0.3704674177820786 
0.3996768766165107 0.3704180927918861 
0.39968054318712115 0.37036779733797115 
0.3996898183814742 0.37032100196035683 
0.3996987176150747 0.370273706044307 
0.39970238922768137 0.37022521701627537 
0.3997050185024526 0.37017658903457407 
0.39971326549090136 0.3701302455359655 
0.3997133678956361 0.37008202303862775 
0.3997224190938026 0.3700366440092907 
0.39973371192474505 0.3699924857744437 
0.39973397015381995 0.3699447516447025 
0.39974143085207353 0.3698999064531049 
0.3997436838197664 0.36985397764773853 
0.3997460899620381 0.36980866466986295 
0.3997542630313875 0.3697648736631767 
0.3997624517603695 0.36972140318316643 
0.39976350035884545 0.3696764353642554 
0.39976743552864225 0.36963255116446203 
0.3997753571787151 0.36958944060174215 
0.39977568017953186 0.3695473744071157 
0.3997804441516127 0.36950372443507734 
0.39978693997367404 0.36946147837810533 
0.39979036391114803 0.36941910104868975 
0.39979849513398336 0.3693783399327838 
0.3998018100674527 0.36933630120442273 
0.3998075209173994 0.36929531837435714 
0.3998093599860871 0.3692540293781711 
0.39982086758268665 0.3692145107363972 
0.3998222242544334 0.36917374615720056 
0.39982697888720675 0.36913355056579444 
0.3998290391227493 0.36909338176714857 
0.3998359602904661 0.36905454180808883 
0.39984069489692536 0.3690149369218139 
0.39984760712885103 0.36893686933812503 
0.39984951381764644 0.36889829872682645 
0.39985697143416615 0.3688606397159228 
0.3998644875901459 0.368823293565689 
0.3998649205115434 0.36878487962996026 
0.39987085238508707 0.3687477210108976 
0.3998755541642699 0.36871078025850257 
0.3998755708855628 0.36867324669921886 
0.3998842299305882 0.3686367691870115 
0.3998847925359608 0.3686001560146011 
0.39988884972079913 0.36856371686174977 
0.3998935945469798 0.3685277440011218 
0.39989886864825963 0.3684923868613758 
0.39990583305120403 0.36842118888961883 
0.39990958222622636 0.3683861652521804 
0.3999130897288657 0.3683511999874379 
0.39991731750119586 0.3683164756741618 
0.399921358943182 0.36828241137698875 
0.39992368161733943 0.3682479420486947 
0.3999276067591949 0.36821403655618984 
0.3999332673826551 0.3681804604743134 
0.39993700283686345 0.3681470252334954 
0.399941239524948 0.3681137170945132 
0.3999477674289714 0.3680476643201599 
0.3999508941683813 0.3680150028411822 
0.39995875931999253 0.36798285226583327 
0.39995999188159936 0.36795002914621244 
0.399962499491014 0.36791760268035917 
0.3999669380958882 0.3678862273153885 
0.39997022723872366 0.36785437128750625 
0.39997520175298584 0.36782286925343094 
0.3999800911554254 0.36779163254309244 
0.39998161453528996 0.3677600314222225 
0.3999876722903489 0.36772947672889444 
0.39998856242416636 0.3676985191774489 
0.3999915515714853 0.3676681046580591 
0.39999475847984134 0.36763787914601137 
0.4000021508843076 0.3675775105717564 
