3.0427431124165117E-7 28.70999457843592 
0.366620297367848 28.343374585342385 
0.7268891429848983 27.983105739725335 
1.0906895397719918 27.61930534293824 
1.454031782066789 27.255963100643445 
1.8170581976684697 26.892936685041764 
2.1811538065390024 26.52884107617123 
2.545815023712411 26.164179858997823 
2.907180774271054 25.80281410843918 
3.272425341965718 25.437569540744516 
3.6330990243321026 25.076895858378133 
3.9805070537198493 24.729487828990383 
4.360774619819281 24.349220262890952 
4.7248170538224095 23.985177828887824 
5.092892454696439 23.617102428013794 
5.450899247862587 23.259095634847647 
5.815773427317155 22.89422145539308 
6.178477524633357 22.531517358076876 
6.542612978832582 22.16738190387765 
6.904917338624106 21.805077544086128 
7.268435017800168 21.441559864910065 
7.632227035291056 21.077767847419178 
7.995142011023784 20.71485287168645 
8.364329230769236 20.345665651941 
8.722031057596585 19.98796382511365 
9.084777035866015 19.62521784684422 
9.445487656182356 19.264507226527876 
9.81216715558343 18.897827727126806 
10.176931256086053 18.53306362662418 
10.544330776070998 18.165664106639234 
10.902820242386507 17.807174640323723 
11.266724702156738 17.443270180553498 
11.630952825737442 17.079042056972792 
11.994512394770021 16.71548248794021 
12.356132716917573 16.353862165792663 
12.717680755924237 15.992314126785999 
13.08368026619433 15.626314616515904 
13.447220757622613 15.262774125087619 
13.810158501010191 14.899836381700043 
14.173254758057311 14.53674012465292 
14.53726806733533 14.172726815374904 
14.89895576472268 13.811039117987553 
15.263877279103204 13.44611760360703 
15.626632530103738 13.083362352606496 
15.992230989270716 12.717763893439518 
16.353889755440154 12.35610512727008 
16.716749189651612 11.993245693058624 
17.078780748207983 11.631214134502251 
17.45226468762478 11.257730195085456 
17.807106946365966 10.90288793634427 
18.169974102056244 10.54002078065399 
18.531963318284387 10.178031564425845 
18.897921292023273 9.81207359068696 
19.260792615986823 9.44920226672341 
19.625586980400875 9.084407902309357 
19.988051681885445 8.721943200824791 
20.35060624380168 8.359388638908555 
20.714904478086126 7.995090404624106 
21.07644312198269 7.633551760727541 
21.440034932621884 7.2699599500883485 
21.808649269632877 6.901345613077357 
22.149950678772925 6.560044203937309 
22.593858302142937 6.116136580567296 
22.895308242918293 5.8146866397919394 
23.259528981407534 5.450465901302699 
23.622731198602867 5.0872636841073655 
23.98397634054135 4.726018542168883 
24.34899165874611 4.361003223964122 
24.71243922809197 3.997555654618263 
25.075830104961454 3.634164777748779 
25.438506792349 3.271488090361234 
25.802315729330186 2.907679153380048 
26.166046958434688 2.5439479242755465 
26.528882739581785 2.1811121431284475 
26.877090640854103 1.8329042418561292 
27.25605070734748 1.4539441753627544 
27.61976198223834 1.0902329004718927 
27.98427906795391 0.7257158147563251 
28.347141269436683 0.3628536132735506 
28.709985396772343 9.485937892601017E-6 
