1.0598201514305794E-8 0.09380017969837261 0.5039585789099841 0.600915305602476 0.40495273586286923 0.5893254485502554 
0.012769779265569794 0.09380017969837261 0.5039585789099841 0.600915305602476 0.40495273586286923 0.5893254485502554 
0.025318330635532307 0.09380017969837261 0.5039585789099841 0.600915305602476 0.40495273586286923 0.5893254485502554 
0.037989889731008905 0.09380017969837261 0.5039585789099841 0.600915305602476 0.40495273586286923 0.5893254485502554 
0.050645490812763524 0.09380017969837261 0.5039585789099841 0.600915305602476 0.40495273586286923 0.5893254485502554 
0.06329009131111829 0.09380017969837261 0.5039585789099841 0.600915305602476 0.40495273586286923 0.5893254485502554 
0.07597193296096821 0.09380017969837261 0.5039585789099841 0.600915305602476 0.40495273586286923 0.5893254485502554 
0.08867347535633155 0.09380017969837261 0.5039585789099841 0.600915305602476 0.40495273586286923 0.5893254485502554 
0.10126023310515529 0.09380017969837261 0.5039585789099841 0.600915305602476 0.40495273586286923 0.5893254485502554 
0.11398209422658037 0.09380017969837261 0.5039585789099841 0.600915305602476 0.40495273586286923 0.5893254485502554 
0.12654474649593309 0.09380017969837261 0.5039585789099841 0.600915305602476 0.40495273586286923 0.5893254485502554 
0.13864534180453633 0.09380017969837261 0.5039585789099841 0.600915305602476 0.40495273586286923 0.5893254485502554 
0.1518904701179669 0.09380017969837261 0.5039585789099841 0.600915305602476 0.40495273586286923 0.5893254485502554 
0.16457045962999436 0.09380017969837261 0.5039585789099841 0.600915305602476 0.40495273586286923 0.5893254485502554 
0.1773909217156805 0.09380017969837261 0.5039585789099841 0.600915305602476 0.40495273586286923 0.5893254485502554 
0.1898606833658906 0.09380017969837261 0.5039585789099841 0.600915305602476 0.40495273586286923 0.5893254485502554 
0.20256964346655237 0.09380017969837261 0.5039585789099841 0.600915305602476 0.40495273586286923 0.5893254485502554 
0.21520301727236346 0.09380017969837261 0.5039585789099841 0.600915305602476 0.40495273586286923 0.5893254485502554 
0.22788624677786626 0.09380017969837261 0.5039585789099841 0.600915305602476 0.40495273586286923 0.5893254485502554 
0.24050569729576626 0.09380017969837261 0.5039585789099841 0.600915305602476 0.40495273586286923 0.5893254485502554 
0.25316740903278157 0.09380017969837261 0.5039585789099841 0.600915305602476 0.40495273586286923 0.5893254485502554 
0.2658386762683592 0.09380017969837261 0.5039585789099841 0.600915305602476 0.40495273586286923 0.5893254485502554 
0.27847939519622233 0.09380017969837261 0.5039585789099841 0.600915305602476 0.40495273586286923 0.5893254485502554 
0.2913385831289859 0.09380017969837261 0.5039585789099841 0.600915305602476 0.40495273586286923 0.5893254485502554 
0.3037977224736176 0.09380017969837261 0.5039585789099841 0.600915305602476 0.40495273586286923 0.5893254485502554 
0.3164325550380735 0.09380017969837261 0.5039585789099841 0.600915305602476 0.40495273586286923 0.5893254485502554 
0.3289964938959508 0.09380017969837261 0.5039585789099841 0.600915305602476 0.40495273586286923 0.5893254485502554 
0.34176833523201094 0.09380017969837261 0.5039585789099841 0.600915305602476 0.40495273586286923 0.5893254485502554 
0.35447346116438416 0.09380017969837261 0.5039585789099841 0.600915305602476 0.40495273586286923 0.5893254485502554 
0.3672703815917786 0.09380017969837261 0.5039585789099841 0.600915305602476 0.40495273586286923 0.5893254485502554 
0.3797569552669066 0.09380017969837261 0.5039585789099841 0.600915305602476 0.40495273586286923 0.5893254485502554 
0.3924321389880079 0.09380017969837261 0.5039585789099841 0.600915305602476 0.40495273586286923 0.5893254485502554 
0.4051185962677356 0.09380017969837261 0.5039585789099841 0.600915305602476 0.40495273586286923 0.5893254485502554 
0.4177817670735069 0.09380017969837261 0.5039585789099841 0.600915305602476 0.40495273586286923 0.5893254485502554 
0.4303773918245697 0.09380017969837261 0.5039585789099841 0.600915305602476 0.40495273586286923 0.5893254485502554 
0.44297049887609324 0.09380017969837261 0.5039585789099841 0.600915305602476 0.40495273586286923 0.5893254485502554 
0.455718655459378 0.09380017969837261 0.5039585789099841 0.600915305602476 0.40495273586286923 0.5893254485502554 
0.46838116177167327 0.09380017969837261 0.5039585789099841 0.600915305602476 0.40495273586286923 0.5893254485502554 
0.4810226737214419 0.09380017969837261 0.5039585789099841 0.600915305602476 0.40495273586286923 0.5893254485502554 
0.4936697068724573 0.09380017969837261 0.5039585789099841 0.600915305602476 0.40495273586286923 0.5893254485502554 
0.506348681938985 0.09380017969837261 0.5039585789099841 0.600915305602476 0.40495273586286923 0.5893254485502554 
0.5189466534421135 0.09380017969837261 0.5039585789099841 0.600915305602476 0.40495273586286923 0.5893254485502554 
0.5316572622691561 0.09380017969837261 0.5039585789099841 0.600915305602476 0.40495273586286923 0.5893254485502554 
0.5442924178128093 0.09380017969837261 0.5039585789099841 0.600915305602476 0.40495273586286923 0.5893254485502554 
0.5570266053548333 0.09380017969837261 0.5039585789099841 0.600915305602476 0.40495273586286923 0.5893254485502554 
0.5696235691525258 0.09380017969837261 0.5039585789099841 0.600915305602476 0.40495273586286923 0.5893254485502554 
0.5822623535094669 0.09380017969837261 0.5039585789099841 0.600915305602476 0.40495273586286923 0.5893254485502554 
0.5948723020669427 0.09380017969837261 0.5039585789099841 0.600915305602476 0.40495273586286923 0.5893254485502554 
0.6078811493670764 0.09380017969837261 0.5039585789099841 0.600915305602476 0.40495273586286923 0.5893254485502554 
0.6202406868797382 0.09380017969837261 0.5039585789099841 0.600915305602476 0.40495273586286923 0.5893254485502554 
0.6328797401840913 0.09380017969837261 0.5039585789099841 0.600915305602476 0.40495273586286923 0.5893254485502554 
0.6454882139127349 0.09380017969837261 0.5039585789099841 0.600915305602476 0.40495273586286923 0.5893254485502554 
0.6582349237339642 0.09380017969837261 0.5039585789099841 0.600915305602476 0.40495273586286923 0.5893254485502554 
0.6708741222237584 0.09380017969837261 0.5039585789099841 0.600915305602476 0.40495273586286923 0.5893254485502554 
0.6835803022807162 0.09380017969837261 0.5039585789099841 0.600915305602476 0.40495273586286923 0.5893254485502554 
0.6962053376722359 0.09380017969837261 0.5039585789099841 0.600915305602476 0.40495273586286923 0.5893254485502554 
0.7088335029992375 0.09380017969837261 0.5039585789099841 0.600915305602476 0.40495273586286923 0.5893254485502554 
0.7215224023101823 0.09380017969837261 0.5039585789099841 0.600915305602476 0.40495273586286923 0.5893254485502554 
0.7341151821199164 0.09380017969837261 0.5039585789099841 0.600915305602476 0.40495273586286923 0.5893254485502554 
0.7467794759355226 0.09380017969837261 0.5039585789099841 0.600915305602476 0.40495273586286923 0.5893254485502554 
0.7596187097464969 0.09380017969837261 0.5039585789099841 0.600915305602476 0.40495273586286923 0.5893254485502554 
0.7715066049040675 0.09380017969837261 0.5039585789099841 0.600915305602476 0.40495273586286923 0.5893254485502554 
0.7869683848585232 0.09380017969837261 0.5039585789099841 0.600915305602476 0.40495273586286923 0.5893254485502554 
0.7974682105118149 0.09380017969837261 0.5039585789099841 0.600915305602476 0.40495273586286923 0.5893254485502554 
0.8101544105608641 0.09380017969837261 0.5039585789099841 0.600915305602476 0.40495273586286923 0.5893254485502554 
0.8228051344178043 0.09380017969837261 0.5039585789099841 0.600915305602476 0.40495273586286923 0.5893254485502554 
0.8353876912386706 0.09380017969837261 0.5039585789099841 0.600915305602476 0.40495273586286923 0.5893254485502554 
0.8481015673537995 0.09380017969837261 0.5039585789099841 0.600915305602476 0.40495273586286923 0.5893254485502554 
0.8607608370900242 0.09380017969837261 0.5039585789099841 0.600915305602476 0.40495273586286923 0.5893254485502554 
0.8734181321663227 0.09380017969837261 0.5039585789099841 0.600915305602476 0.40495273586286923 0.5893254485502554 
0.8860505512548387 0.09380017969837261 0.5039585789099841 0.600915305602476 0.40495273586286923 0.5893254485502554 
0.8987224078144607 0.09380017969837261 0.5039585789099841 0.600915305602476 0.40495273586286923 0.5893254485502554 
0.9113915577251612 0.09380017969837261 0.5039585789099841 0.600915305602476 0.40495273586286923 0.5893254485502554 
0.9240295182204313 0.09380017969837261 0.5039585789099841 0.600915305602476 0.40495273586286923 0.5893254485502554 
0.9361579739270541 0.09380017969837261 0.5039585789099841 0.600915305602476 0.40495273586286923 0.5893254485502554 
0.949357560622961 0.09380017969837261 0.5039585789099841 0.600915305602476 0.40495273586286923 0.5893254485502554 
0.9620260155069392 0.09380017969837261 0.5039585789099841 0.600915305602476 0.40495273586286923 0.5893254485502554 
0.9747225376486094 0.09380017969837261 0.5039585789099841 0.600915305602476 0.40495273586286923 0.5893254485502554 
0.9873614183925867 0.09380017969837261 0.5039585789099841 0.600915305602476 0.40495273586286923 0.5893254485502554 
0.9999996695945809 0.09380017969837261 0.5039585789099841 0.600915305602476 0.40495273586286923 0.5893254485502554 
