0.3000010859919958 0.9100008545453268 
0.3001825805697855 0.9098963961182851 
0.30026554819085355 0.9098956500737988 
0.300473168236057 0.9098393547198753 
0.30056088390057945 0.9097336891560566 
0.3006709630367219 0.9097305298993154 
0.3007681912403984 0.9096719324880299 
0.3008489522338893 0.9095552991937681 
0.30119466071438356 0.9095442310148794 
0.30126706584556256 0.9093809599841113 
0.30137221087573646 0.9093321193438212 
0.3014894382415688 0.9093206077925768 
0.3015942104508897 0.9092360774549693 
0.3018022494984573 0.9091804153040131 
0.30202064441078846 0.9090720515345425 
0.30223241131842604 0.9089747830374854 
0.3024097686793619 0.9087873165546051 
0.30252435155161683 0.9087279225705847 
0.3027726683627759 0.9087223442057599 
0.3028344285124188 0.9085498369755926 
0.3030563517399884 0.9083453875945618 
0.3032647422736733 0.908310559184966 
0.3034878278376616 0.9081369976723592 
0.3036824326775959 0.9079716106736182 
0.3040137092591401 0.9077682102083248 
0.3044685509501005 0.9076615251649853 
0.3046146862202992 0.9076445357342576 
0.30469467103751696 0.9073926112313716 
0.3048613167313066 0.9072882717387186 
0.30500437864058344 0.907206865570849 
0.3053614444063397 0.9071111476953433 
0.3055193253738961 0.9068974529236933 
0.3057917073258698 0.9067841851436187 
0.30601607881571447 0.9065715948842056 
0.3062291448253545 0.9064717539017378 
0.3065276736085809 0.9064441190488477 
0.3066823571840307 0.9061684390564891 
0.30689874555166813 0.9059533202465296 
0.3071066719218328 0.9058092261526124 
0.30721928074841803 0.9057311521635697 
0.3074471102572612 0.9055872731022966 
0.30767508008771394 0.9054330430878933 
0.30778857260000103 0.9053933025941 
0.30791402505248056 0.905284324237509 
0.30804664014002914 0.9052266071493594 
0.30816576636441323 0.905154941997654 
0.30829287715509646 0.9050573658923339 
0.30855309989677737 0.9049683470891831 
0.308661529164359 0.9048689294434726 
0.30876862347120215 0.9047752523105134 
0.30889373707129913 0.904710082561984 
0.30899963366175465 0.9046115808550643 
0.30916767196304046 0.9046109623506831 
0.30926581579372814 0.9044929069069223 
0.3093737947964349 0.9044855559211672 
0.30948323212237394 0.9043038318703049 
0.3096216954444988 0.9042178994561508 
0.3097613965822171 0.9041669093452056 
0.309886997824473 0.9040727861842718 
0.3099852125864726 0.903987354220646 
0.3102680600849102 0.903863660065953 
0.31038811577260134 0.9037736919682258 
0.3105186174110933 0.9037245264611387 
0.310613135553974 0.9036168815175283 
0.31075591650602824 0.9035300752548926 
0.3110234863452908 0.903374531290925 
0.3110795941001429 0.9033330671197294 
0.3112873560865546 0.9032304098030398 
0.3114142541260046 0.9031588995045091 
0.31156428223656274 0.9030871502025227 
0.31165138594270614 0.9030103310289909 
0.3117973499764744 0.9029064115493154 
0.3119455532837208 0.9028199749242737 
0.3120561640662199 0.9027553844845592 
0.31222760197585686 0.9026596137164381 
0.3123224863750149 0.902570655360451 
0.31245113963295795 0.9024873095115856 
0.3125606417660928 0.9023895833120802 
0.3127500711141511 0.9023320884069477 
0.3128315746869099 0.9022165805567821 
0.3129527705258715 0.902144111270875 
0.3131776842430958 0.9020128706228381 
0.3132214589221942 0.9019559061364856 
0.3133223253938132 0.9018867819345091 
0.31347428792785215 0.9017966302833001 
0.3136168600307624 0.9017141543758084 
0.31369424459357076 0.9016683709678739 
0.31397565344550793 0.9015303540727367 
0.31402953133580896 0.9014569727137888 
0.31417493509520855 0.9013701957067063 
0.3143050320242809 0.9013241721309004 
0.31448981968785605 0.9012089005221356 
0.3146530941554195 0.9011573629780247 
0.3147570987463222 0.9010358099636286 
0.31482077217855337 0.9010230430184953 
0.31510925427511877 0.9009138439521934 
0.3152827238127067 0.900856594894695 
0.3154940688332894 0.9006347245787703 
0.31568431138313824 0.9005654674601189 
0.3159905067241361 0.9005614727317527 
0.31600108645433306 0.9004057032131599 
0.316423155892005 0.9002829349351045 
0.3165416681320213 0.9001274006859367 
0.3168848448543423 0.899848392773724 
0.3172441694746577 0.8997051944962814 
0.31731909403833686 0.8996064190387936 
0.317670994508572 0.8994166007517852 
0.31781084111606744 0.8993058456655837 
0.317972236203204 0.8990917498011789 
0.31848457445135797 0.8989437629425497 
0.3185422508440959 0.898825684210168 
0.31890427329282117 0.8986610436085081 
0.31915054231500134 0.8984742463910009 
0.3194608133905193 0.8982386131189746 
0.31965283996880145 0.8980163255677426 
0.3197004515143485 0.8979573012912483 
0.32013330401711687 0.8977055440554071 
0.3202481892608228 0.8976150687471177 
0.3205467356745417 0.897550114435369 
0.32055002107356795 0.8973857036407514 
0.32058139073715636 0.8973647536990235 
0.32096284388854956 0.8971023175356796 
0.3213399676027261 0.8968895692854671 
0.3218228123944124 0.8967284952448614 
0.32200093935341145 0.8966183118998727 
0.32210495150938434 0.8965192029602299 
0.3222025271267815 0.8963924877813523 
0.32241887572223427 0.8963024035292312 
0.3224191315635551 0.8962828909255923 
0.3228956244164822 0.8959681580209391 
0.3229745641639805 0.8958377598698778 
0.32349011310638043 0.8955345933556004 
0.3236623949951057 0.8954309735634942 
0.3239161701497139 0.8953446053848652 
0.32393162334311715 0.8952990309440895 
0.3241733381076991 0.8951054468920667 
0.32433429862910257 0.8950036858646904 
0.3245646492675353 0.8949072300425943 
0.3246347938540757 0.8947723610756371 
0.3248026042781528 0.8946618021038153 
0.3248811579751562 0.8946025289300599 
0.3253678452478998 0.894246078695098 
0.32597589014182604 0.8940416982055774 
0.3260892321211777 0.8939005295811004 
0.3261197743790696 0.8937870602844814 
0.3266623451990254 0.8934978880082914 
0.3271438003940273 0.8932630477013854 
0.327533252708451 0.8931296221285298 
0.32760727005992163 0.8930062814965403 
0.3276920482819337 0.8928785328779428 
0.327897528328827 0.8927374450058814 
0.3283713306064563 0.8924025716202761 
0.3284254168227528 0.8923001115926504 
0.3288111450864108 0.8922010712789308 
0.32887127617606016 0.8920379903942048 
0.3294991647450246 0.8916957714133775 
0.32979955335454425 0.8915927494996966 
0.329878740605968 0.8913392945716817 
0.33000147384157835 0.8912530160352952 
0.3307434199934189 0.8908422324898256 
0.33106181636399784 0.8907283229916568 
0.33122223083479796 0.8906008551719398 
0.3313416674589422 0.8904800882546728 
0.33137327346954604 0.8903250835826687 
0.3314999124721608 0.8902771432624911 
0.33205567940370245 0.88982980499285 
0.3323523969878197 0.8897103503032132 
0.33244735704746736 0.8895902700826824 
0.3331187364839397 0.8892064820220589 
0.3333953423354831 0.8890754626366827 
0.3333985415662812 0.8890478662348317 
0.33418070174045983 0.8886825263816768 
0.33446779257301285 0.8885707838170629 
0.33468105728558234 0.8884623269749016 
0.3354387464603248 0.8881287094063564 
0.33683756253038427 0.8877930046082169 
