0.40000021436342414 0.3675447325344297 
0.39599262480239583 0.402240869511344 
0.39561369361181864 0.40559529278471984 
0.3953447596418321 0.408054107771511 
0.3953208070607077 0.40828079125329425 
0.39532950458234734 0.40819878711436786 
0.3953745289110113 0.407778341753796 
0.39547291778335564 0.40687719605151423 
0.3955339954537903 0.4063170176689368 
0.3956129917527312 0.40560181349227137 
0.3956852797660189 0.4049552512895826 
0.39579757658203285 0.403956497241986 
0.39583106863176576 0.4036621401072579 
0.3959000341896524 0.4030531403816139 
0.3959660896096211 0.40246940744633947 
0.39603418413047503 0.4018774792703201 
0.39610129044707504 0.40132952200194605 
0.39616337568242854 0.40075085139243294 
0.3962256953218099 0.4002346504207667 
0.3962881397166359 0.3996997828826793 
0.39634438567210106 0.39919318061898434 
0.39640353540878126 0.3986997435684686 
0.3964591054518827 0.39821335696877136 
0.3965163913515165 0.39774845644274853 
0.3965686701439576 0.3972753728749132 
0.3966220214293535 0.39682431200893187 
0.3966758673772898 0.39639030598711533 
0.3967247608455155 0.395955232742868 
0.39677377711485073 0.39553045253807717 
0.39682377822365184 0.3951054532720395 
0.39687308725790343 0.39468800262725745 
0.39691812974285423 0.39430724946577644 
0.3969635652756614 0.3939282968907246 
0.39700657573610026 0.3935403015695967 
0.39704827292471945 0.39316594567482915 
0.3970936970731234 0.39277329863828114 
0.39713033184527885 0.39243544204308656 
0.3971721696780545 0.3920709211769653 
0.3972123671944983 0.3917176982503489 
0.3972498549575756 0.39139306057091405 
0.3972870372681002 0.3910570655018305 
0.397324940137919 0.3907253453380942 
0.39736082554210433 0.39041249143547785 
0.3973985966197954 0.3900972729173529 
0.3974323067818297 0.3897937456547141 
0.3974719016270777 0.3894485337888522 
0.39750195567658303 0.38920034395681086 
0.3975343979437696 0.3889027948011813 
0.39756872305625424 0.388620632966771 
0.3975997943532334 0.3883498948996837 
0.39763217063406053 0.38806957973132106 
0.3976640525378106 0.38778885118146705 
0.39769386594845646 0.3875326102199 
0.39772406116768655 0.3872667078144589 
0.39775358545591805 0.387012843315865 
0.39778273212969967 0.38676078045098394 
0.3978121265406005 0.38651188016022664 
0.39783905279858767 0.38627415260538517 
0.397867644648659 0.38602657310361393 
0.397895398367361 0.38579050558046674 
0.39792177815939056 0.38556129634690156 
0.397948656482702 0.38533537503574766 
0.3979753139663454 0.38511690987729247 
0.39800021940179797 0.38488841559771086 
0.39802604826425947 0.38467244663299854 
0.39804956397577435 0.38446564372438474 
0.3980765400063653 0.38424522998859084 
0.39809964049898694 0.3840376785996546 
0.39812332173725246 0.38383393274573324 
0.3981462933505661 0.38363293150326916 
0.39816851345571214 0.3834395940935522 
0.3981918526201899 0.38324208657059117 
0.3982137918134397 0.3830485223834825 
0.3982358490389412 0.38285920933635065 
0.39825673198779526 0.3826663676962539 
0.39827871441950846 0.38246899858446404 
0.39829884079593103 0.382287447477061 
0.39831859532958513 0.38212567825725097 
0.3983385962439857 0.38194526054502526 
0.39835806353458475 0.3817726546593209 
0.3983784620551602 0.38159965096188136 
0.3983970875099339 0.3814311105592457 
0.39841653769071084 0.3812658430850715 
0.3984353259441212 0.38109803823188265 
0.39845486515041045 0.3809302287096283 
0.3984722312579627 0.3807769536793819 
0.3984903888709914 0.3806148434512756 
0.39850838364899066 0.3804604856195403 
0.3985263114359676 0.38030312640963326 
0.398543548871989 0.3801551263712029 
0.3985602993352411 0.3800075814181262 
0.3985780516251291 0.3798573519668925 
0.3985951111413172 0.3797070270952865 
0.3986106423130839 0.37957067873171885 
0.3986276499012908 0.37942599278872274 
0.39864422243087044 0.37927861096911425 
0.3986598786097852 0.379145771085993 
0.39867533113391335 0.37900861083105103 
0.39869103662273875 0.3788728040598181 
0.39870760571661756 0.3787310250529418 
0.3987217685036266 0.37860812132494837 
0.39873664525323127 0.37847820309655517 
0.398751424232431 0.37835001309434435 
0.3987662398843846 0.3782224117685652 
0.39878064296859667 0.37809728047372604 
0.3987948108721585 0.37797445436114796 
0.3988094031592809 0.3778478157386625 
0.3988230992511338 0.37772859855827623 
0.39883716452377505 0.3776074680456223 
0.3988514335065993 0.3774882532500507 
0.3988656882733442 0.37736518730357826 
0.39887759920069715 0.3772575917912015 
0.398890939399638 0.3771437546914879 
0.39890433307889006 0.3770276621011897 
0.3989165848608321 0.3769184353536996 
0.3989302187600241 0.37681000796975 
0.3989432083878048 0.3766969584562181 
0.3989555657933735 0.376582787509032 
0.39896735568807395 0.3764834711547237 
0.3989800282671235 0.37637641260835875 
0.39899159842715903 0.3762736966522076 
0.39900397503901536 0.37617012258124954 
0.3990156013898896 0.37606830153509396 
0.3990271145104778 0.37596585046081027 
0.39903880107869094 0.37586586116606413 
0.3990501089774435 0.3757676935090435 
0.399061526407979 0.37567006751415133 
0.3990727855486103 0.375572877761568 
0.39908383754369076 0.3754767801145682 
0.3990949534950304 0.3753804429990868 
0.39910566024278704 0.37528696001074596 
0.3991163514061019 0.37519443435296823 
0.3991269530311127 0.37510185203644153 
0.39913724992395766 0.37501207843266005 
0.39914759364412133 0.37492134196910126 
0.3991587637799302 0.3748286399817543 
0.3991680673184811 0.37474233836474635 
0.3991782345956913 0.37465461913477854 
0.3991883731023385 0.37456620575670474 
0.39919791630357626 0.37448390308324947 
0.39920794437595936 0.3743975126646388 
0.3992177304783778 0.374313589188828 
0.3992272333757866 0.37423083415847325 
0.39923701087705676 0.3741470489000398 
0.3992462988672214 0.3740670106319344 
0.39925558315624515 0.3739852788668348 
0.39926518975434344 0.3739031553171552 
0.39927390484812364 0.37382773729966173 
0.39928352692983 0.37374570071230967 
0.39929219269764654 0.3736705747146631 
0.39930109741153413 0.37359326393924486 
0.39931035490302236 0.3735169252919406 
0.39931892676717656 0.3734410353541556 
0.3993276907693647 0.37336552612309054 
0.3993368813196577 0.3732861311873251 
0.3993448440337754 0.37321820013109125 
0.39935353330838563 0.3731432706747857 
0.3993616368389208 0.3730723315065376 
0.39937014401657794 0.3730026744287827 
0.3993783273787228 0.3729288488095105 
0.3993864843183127 0.37285949491729015 
0.39939469863467664 0.3727885618651235 
0.3994023349793832 0.3727212461757862 
0.3994103329100645 0.3726528452827069 
0.399418273352913 0.372584353679437 
0.3994259467644431 0.3725169249269508 
0.3994338374641156 0.3724508994524545 
0.3994413271426481 0.3723841761102533 
0.3994488950771094 0.3723175949773974 
0.3994564521626499 0.3722535784604084 
0.39946366743360345 0.3721897407143308 
0.39947124340542806 0.3721242289239604 
0.39947850501114385 0.3720621458319894 
0.3994856728372849 0.3719993442240352 
0.3994930889727169 0.37193593837601724 
0.3994999114950946 0.3718752876725816 
0.39950716932974717 0.3718135963858092 
0.39951421007427307 0.37175279019097596 
0.39952078504319094 0.37169437156782237 
0.39952780955466866 0.37163411517366884 
0.39953474533142 0.3715740534866344 
0.39954187143808695 0.3715135415862707 
0.39954813751844026 0.3714571142296884 
0.39955479356713397 0.37139924408077035 
0.39956159519333073 0.3713406950017917 
0.39956795460849165 0.3712852175710283 
0.39957437265550744 0.37122970118417475 
0.39958091893019304 0.3711724412253449 
0.39958731719254503 0.37111797411649955 
0.3995937851179342 0.3710613759009804 
0.39960010711513 0.3710067572820313 
0.39960632955509995 0.3709538974506275 
0.3996125456657022 0.3708990701958529 
0.39961870941061356 0.3708461383459439 
0.3996247741075 0.37079368389212136 
0.3996309911862724 0.37074034729447675 
0.3996369780679593 0.3706885243607569 
0.3996428630032832 0.37063663136674374 
0.39964893335300533 0.3705857081140332 
0.39965474501007203 0.3705345188814187 
0.3996605635605543 0.3704837729609062 
0.39966638862498594 0.3704339569499271 
0.3996713280248484 0.37039039214460023 
0.3996777975459663 0.37033435064056885 
0.3996835332741222 0.37028482016214165 
0.39968907674218623 0.37023676058519683 
0.3996945985651742 0.3701891030491256 
0.39970099589942576 0.37013398684811505 
0.39970579318924515 0.3700932315398968 
0.3997113625566924 0.37004527761404954 
0.3997166615901486 0.3699986216582998 
0.3997218419814783 0.3699537196935952 
0.39972746545062676 0.3699059085674112 
0.39973266947144875 0.36986047957978024 
0.3997381841096175 0.3698121995803059 
0.39974315944294003 0.36976924751502954 
0.39974843381134334 0.3697244265237918 
0.3997534857048238 0.3696795290628617 
0.3997586647373059 0.36963532563099294 
0.3997637866418762 0.36959156590175823 
0.39976881940517206 0.36954751230788657 
0.3997738265311318 0.36950466058710213 
0.3997787595452143 0.36946271833059335 
0.39978394013070845 0.36941682767516565 
0.3997885520363793 0.3693762429912407 
0.39979351786538875 0.3693336701548538 
0.3997984790773985 0.3692919893456433 
0.39980324429937014 0.36925080436283364 
0.39980787326813566 0.3692094180988853 
0.39981251086234404 0.36916885281491135 
0.39981747035192183 0.369126482285344 
0.3998220138698883 0.36908662546086995 
0.39982650083427157 0.36904777893740254 
0.39983118615487173 0.3690072007439128 
0.39983580110217626 0.36896705107356853 
0.39984021205182707 0.36892865912604583 
0.3998448506335383 0.36888890482696185 
0.39984921883187374 0.36885022548171476 
0.39985367940536554 0.3688115465538236 
0.3998581932761861 0.3687725867280345 
0.39986256536700415 0.3687349347991204 
0.3998669148961918 0.36869741384572424 
0.3998712544686607 0.368660006823806 
0.3998755684849569 0.36862250767317717 
0.3998798702624602 0.3685850465109731 
0.3998840623773897 0.3685485944961828 
0.3998882741588815 0.3685121778181101 
0.39989254198429736 0.36847514256927527 
0.39989670252050236 0.36843893300945735 
0.399900838351982 0.3684032784680727 
0.3999050710001969 0.3683674924783038 
0.39990900992013084 0.3683325957275788 
0.39991311367309074 0.3682971621077182 
0.3999170960244683 0.36826248510759524 
0.3999211507035754 0.36822765970669663 
0.39992516706599895 0.3681927874413758 
0.39992913030980987 0.3681584044099136 
0.3999330505698706 0.36812442424876746 
0.39993698572532 0.3680905261551823 
0.3999408599730363 0.36805688382005297 
0.39994476354218883 0.3680232267532028 
0.3999485912194937 0.36799015871499235 
0.3999525401177697 0.367956715310882 
0.3999562604146409 0.3679239992641099 
0.39996002808047415 0.36789136030905156 
0.3999638661839202 0.3678581675476927 
0.39996749129727877 0.36782693628526997 
0.39997125559074226 0.3677943726170953 
0.39997495046766535 0.36776264439500433 
0.399978586927883 0.3677311618440609 
0.39998225101598855 0.3676997051552719 
0.39998589565492126 0.3676683161096269 
0.39998951237170666 0.3676369501087863 
0.39999308229989256 0.3676061476224859 
0.3999966827698977 0.36757555792773466 
