0.009998891029445282 0.9000055456117383 
0.009652489680985168 0.9017529151552363 
0.009313518445836977 0.9034934279712282 
0.009277348945404136 0.9036810042744021 
0.01218326875019351 0.8896221546247416 
0.01505507254750709 0.877300886123569 
0.017854107547024958 0.8663807480201638 
0.020642342695084418 0.8563255670100375 
0.02339769322846088 0.8470486131671632 
0.026135066582117103 0.8383365638696371 
0.028864849987038997 0.8301034138467593 
0.03154860644825753 0.8223807261377603 
0.034191505982155826 0.8150974632976344 
0.03684200985396785 0.8080953683981262 
0.03947424935380392 0.8013398840319169 
0.042090592495269856 0.7948413559373513 
0.044700584325674184 0.7885748730030628 
0.04728562887748787 0.7825872117606573 
0.04986159756062755 0.7767097023534637 
0.10000025931442834 0.683771823971347 
0.10215790875417051 0.6803784914090973 
0.10459101822324841 0.6765946533790232 
0.1070237542724916 0.6728588531051176 
0.10945454897542425 0.6691608412303648 
0.11188446549622609 0.6655334260086063 
0.11430760091713006 0.6619059288939397 
0.11673447300054805 0.6583687152406191 
0.11916498329051332 0.654891878776038 
0.12157086906893165 0.6513304386805281 
0.12399057272696103 0.6478837107576597 
0.12641004368790965 0.6444798823298256 
0.12882680612127415 0.6410998169807975 
0.13126243818019842 0.6376985281840232 
0.1336665242848109 0.6344875879424965 
0.13606940392803918 0.6311514767352835 
0.13847838269681562 0.6278767585936953 
0.14089529624036098 0.6246624303357134 
0.14330129941044406 0.6214796464250987 
0.14574869620749722 0.6184211180464764 
0.14813430233742253 0.6151426650080958 
0.15095109261344622 0.6136916417732954 
0.2000002421095967 0.5527861338133959 
0.20142316300640725 0.5511980804373522 
0.20386468221233298 0.5484941821316041 
0.20631543327444601 0.5457965172841799 
0.20876460849602238 0.5430923413907025 
0.2112136739130697 0.5404201115006817 
0.2136676685109708 0.5377697975411923 
0.21612160626698912 0.5351111893506726 
0.218581113018415 0.5324734092927095 
0.22104406638611535 0.5298467628675779 
0.22352368507923426 0.5272629073343378 
0.22597934998009886 0.5246331029486668 
0.22846587145486197 0.5220686230521272 
0.23092056393204993 0.5194624110087239 
0.23347121420788322 0.5170176550068282 
0.23589574803089694 0.5143237190175793 
0.23838390899945935 0.5117779843147525 
0.24087211057532154 0.5092127644535811 
0.24336546751923627 0.5066792307309279 
0.24585936021566904 0.5041715319411493 
0.2484343451249885 0.5017758394559633 
0.3000001070352126 0.45227734478551196 
0.3020108756666356 0.4504448383768642 
0.3046225033101399 0.44807382440209576 
0.30724364547651417 0.44570436996446405 
0.3098675487211025 0.4433425211846185 
0.3125093349743528 0.4409746562325202 
0.31513259248047165 0.43863328164161175 
0.3177786704593391 0.4362813907104789 
0.3204290365326522 0.4339354837718157 
0.3230768667892053 0.43160148945550403 
0.3257531587862276 0.42925210575401695 
0.32841842856753733 0.42692196991375286 
0.33110361702711816 0.42458396179189406 
0.33378253954483866 0.422260837795434 
0.3364718909907552 0.4199380283187396 
0.33916705663362606 0.41761949154043354 
0.3418836173653602 0.4152918528313836 
0.34458791179395204 0.4129838913675824 
0.3473076473012672 0.4106718678858081 
0.3499998184293106 0.40839217514530224 
0.40000225735182826 0.36754268337553064 
0.40050441178577917 0.36714582107267935 
0.403387380557779 0.36487215416282137 
0.4062820678236171 0.36259740522680883 
0.4091913041475892 0.3603193733216652 
0.4121152866042138 0.3580379399028252 
0.4150343547176679 0.35576839978338237 
0.417974061615026 0.3534908650181199 
0.4209144341753219 0.35122081246752335 
0.4238724748382946 0.34894510612522966 
0.4268324510138315 0.34667584537702234 
0.42981297861152956 0.3443987655506394 
0.4328011091248152 0.3421237889049239 
0.43578553827457084 0.33985945566525855 
0.43880076259634704 0.3375796179189986 
0.4418325993402978 0.33529510356828907 
0.4448570174807112 0.3330239753329173 
0.44789840233598405 0.33074787834779495 
0.4499999061166532 0.32917967672658266 
0.5014478974514842 0.29190291568198956 
0.5047089307704522 0.2895993914009013 
0.5080167274211579 0.28730141999480896 
0.5112861755340724 0.2849931806493192 
0.5146215822342602 0.28267827260282286 
0.5179838144276543 0.2803764449554852 
0.5212176726618997 0.278047202823936 
0.5245555613685319 0.2757379194183037 
0.5279335998138661 0.2734096065775228 
0.5313248219432848 0.27108573267912717 
0.5347069771531708 0.26876339185550535 
0.5381202100900161 0.2664345942437787 
0.5415234710853017 0.26411721647719977 
0.5449850108186945 0.2617689994821779 
0.5484491562124417 0.25943273525218313 
0.5499994119123328 0.25838054777916697 
0.6022732204720197 0.22766326024816208 
0.6023462945295418 0.2238902818998223 
0.6060765009952511 0.22149084719881396 
0.6098586657880927 0.21907549167838813 
0.6136481555292578 0.21666311076056255 
0.6174225734018509 0.21423758477910915 
0.621239543976133 0.21181249440499372 
0.6250780149046335 0.20938124553954485 
0.6289555025410053 0.20694116131955342 
0.6328459207688213 0.2044971126338675 
0.6367442416592519 0.20204860750839682 
0.6406601961116014 0.19959018322174682 
0.644604554737592 0.197127311096294 
0.6485709313008345 0.19466101165483918 
0.6499981447671344 0.19377537573756087 
0.7023436356921712 0.16195164014570362 
0.7066393832044084 0.1593815471901604 
0.7109840681090692 0.15680264622952733 
0.7153454676381894 0.15421901910826263 
0.7197367583115166 0.15162699340943397 
0.7241415283664514 0.14903494292293185 
0.7286480420255549 0.1464124135490259 
0.7330913690286462 0.14379244979465466 
0.7376090294095242 0.14115832110363657 
0.74213175379585 0.13852930763963656 
0.7467151638040407 0.135873185411705 
0.7499962565391777 0.13397675750637172 
0.8008518956909754 0.10628356170882902 
0.8041119148240945 0.10327712484646179 
0.80912674543299 0.10048560723458999 
0.8142189944962219 0.09767127229274697 
0.8192355395270723 0.09488368729368835 
0.8243787765920364 0.09204726900559546 
0.8295528354651769 0.08920976204012565 
0.8346919402880646 0.08638523419985256 
0.8399804153291607 0.08349554538499138 
0.8452778891494819 0.08061005580328051 
0.8499956370272559 0.0780479204279374 
0.9005192758755769 0.05104305899816097 
0.9063381261433681 0.04798207677409616 
0.9121622483999227 0.0449281449022193 
0.9180444718597395 0.041853627121757664 
0.9240027898144526 0.038749373417998 
0.9299944169894526 0.03563829575291755 
0.9360518559127109 0.03250821434913487 
0.9421475221061764 0.029357929446017228 
0.9483076044190685 0.02618914270936168 
0.9499997382566435 0.025320699790624346 
