0.009998890928578412 0.49999999433529635 0.500000013842687 0.499999978295411 0.5000002244527944 
0.00965248968057483 0.5000000136124513 0.49999999921213234 0.4999999961053616 0.4999999973901829 
0.009313518444921265 0.5000000131577302 0.5000000147648305 0.49999999599256106 0.49999999248239524 
0.009277348938850268 0.500000052640732 0.5000000142860913 0.49999998160410125 0.5000000022290084 
0.01218326874977651 0.5000000138113042 0.49999999932999306 0.4999999964096963 0.49999999730614864 
0.01505507254634624 0.5000000171300133 0.5000000014204273 0.49999998304612014 0.5000000022346315 
0.01785410514228899 0.4999998376886522 0.5000001959556315 0.4999989263202203 0.4999999897637329 
0.020642342695008923 0.499999995798462 0.4999999993172973 0.4999999963300949 0.4999999974027538 
0.023394962177584765 0.5000187347739742 0.5000165462949573 0.49997421490515204 0.49999034477172255 
0.0261350665816326 0.49999999968202224 0.5000000131253564 0.4999999961408415 0.4999999923837358 
0.028864849986655748 0.49999999968202224 0.5000000131253564 0.4999999960767315 0.5000000024504107 
0.0315486064475874 0.5000000139597601 0.5000000094932942 0.4999999959064019 0.4999999938650873 
0.03418963863639336 0.5000000693146828 0.5000084669713949 0.4999704453270494 0.5000005971215592 
0.03683144328785687 0.49996453007012503 0.4999361592098071 0.5000040326608554 0.5000005963276808 
0.03946823237862848 0.49999998189554173 0.49994480313547207 0.4999999816039384 0.49999998285553515 
0.04209022147130808 0.5000000376827284 0.5000083181529938 0.500010888470411 0.5000003404243891 
0.04470058432567196 0.49999999987841703 0.5000000000462806 0.5000000000919232 0.5000000010203309 
0.04727356591858099 0.5000004029166614 0.49999959785279025 0.49999999651105426 0.4999218478395801 
0.04985949568456147 0.4999990705784493 0.5000076506420965 0.49996830003404485 0.49999999503418346 
0.10000025931441635 0.4999999998866488 0.5000000001005394 0.49999999797594097 0.5000000013957163 
0.10215790875402041 0.49999999988671195 0.50000000012216 0.49999999142071244 0.5000000015375443 
0.1045910182231183 0.5000000001493579 0.49999999880081397 0.5000000008835788 0.50000000797574 
0.10702228881604918 0.5000027330621091 0.5000004185060446 0.5000270995761683 0.49999996310287925 
0.1094545489754096 0.4999999998724783 0.5000000001220778 0.4999999979819707 0.5000000018146761 
0.1118745332349753 0.5000025267664548 0.49996242597611007 0.4999482602223165 0.49996943856359294 
0.11430760091709409 0.49999999988660926 0.50000000012463 0.49999999765130554 0.5000000035745124 
0.11672108347039899 0.5000419034975606 0.4999622553301896 0.4999409159403611 0.499989593419358 
0.11912630986015298 0.5000470362872743 0.4999998471024904 0.49995767534169283 0.499875185985273 
0.12157062982495502 0.49999991712955116 0.49999520168648365 0.5000011757100615 0.4999901649569111 
0.12398781983416553 0.4999992079386229 0.4999626940832566 0.5000011779475418 0.500000424149237 
0.1264009909856858 0.5000070708187134 0.49996268104136127 0.4999439550187056 0.5000003051722169 
0.12881663925495065 0.5000046512251127 0.499962687285675 0.4999479973210998 0.49996790889716014 
0.13126239080687493 0.5000000002283862 0.5000048938147988 0.4999998062943276 0.49999997744134256 
0.13362770369209492 0.5001388937990173 0.5000027869821172 0.5000182752860247 0.499995135287032 
0.13605779622071273 0.5000323063872557 0.4999629363213268 0.4999459019818109 0.49997690140682943 
0.13847684856746317 0.5000000299210992 0.49999999898279607 0.5000278712177201 0.4999999997963437 
0.14088558287656414 0.500000161893259 0.4999626819522356 0.4999414412437577 0.4999901730170819 
0.14328784431014968 0.5000319954125966 0.49996293907717954 0.4999419101766804 0.4999677301842721 
0.14566575060976475 0.5001388923179032 0.5000019935311371 0.5000034436557709 0.49984935858363594 
0.14812349046826656 0.5000023771096319 0.499962687285675 0.49994393706831336 0.4999694443784642 
0.14998302782410403 0.4993911276282814 0.5002960188628078 0.5000979820396427 0.49985075617300007 
0.20000024210958248 0.5000000001430414 0.49999999982593546 0.5000000000161424 0.4999999973338121 
0.20142316300467353 0.5000000002120318 0.4999999998953261 0.4999999705298382 0.49999999692607994 
0.2038609099657743 0.49999967933655687 0.49999588346298024 0.49995649110729506 0.4999999407692666 
0.2063077674543322 0.5000290129878938 0.49994486597861704 0.4999997330222516 0.500000040230133 
0.20876460849592202 0.5000000001454001 0.4999999998640833 0.5000000000808368 0.5000000071304059 
0.21121367391305726 0.5000000001414903 0.49999999986527066 0.5000000001909789 0.49999999750733987 
0.21366200021366372 0.4999999713312905 0.49994642630490277 0.49999999854757865 0.49999999672454465 
0.21612160626696691 0.4999999994186017 0.4999999987643625 0.5000000000174699 0.4999999969321174 
0.21858111301839814 0.5000000001899739 0.4999999999006144 0.4999999999740298 0.4999999970754229 
0.22104406638610513 0.4999999997648331 0.49999999986390276 0.500000000083646 0.4999999977130268 
0.22350141503236187 0.49992336056768444 0.4999380589772954 0.4999604662843004 0.5000017984082218 
0.22597644688820842 0.5000080670917194 0.5000374820001906 0.49999999984278104 0.4999999657086364 
0.22844160094077814 0.5000367606518056 0.4998954188943247 0.49999983013532584 0.49999909550822463 
0.23091842760704592 0.5000315654755655 0.5000091955502453 0.5000000002742023 0.4999991112829435 
0.2333698602206198 0.5000074831305097 0.49998681666729766 0.5001454575270751 0.4998269876228632 
0.23588849510736984 0.5000261385506628 0.49994532643661277 0.4999997078804846 0.5000000941253188 
0.23837218478067643 0.5000306801682218 0.49994149569034746 0.4999603642710003 0.5000012402022047 
0.24087211057530866 0.5000000003260227 0.4999999997323224 0.49999999999393024 0.4999999974913711 
0.24336542416616846 0.4999995019381714 0.4999999997771323 0.500000004097493 0.4999953412751291 
0.24585258674381363 0.500000000633725 0.49994144980859784 0.5000001850346916 0.5000012602037137 
0.24833065086929804 0.5002282042931167 0.49999938094692925 0.499981728435297 0.5000097459280409 
0.30000010703521085 0.49999999977885606 0.49999999994129807 0.5000000002490627 0.5000000010048343 
0.30201087566663337 0.49999999976454995 0.4999999999486478 0.5000000002275032 0.5000000010543361 
0.3046225033101346 0.4999999997553513 0.49999999990294147 0.500000001115698 0.5000000011605049 
0.3072436454765035 0.500000000203843 0.4999999999457982 0.5000000003223004 0.49999999765990677 
0.30986754872109984 0.4999999997865349 0.4999999999425604 0.5000000002499609 0.500000001195175 
0.312509334974351 0.5000000001113619 0.5000000000480614 0.5000000002947358 0.5000000010146795 
0.315132592480469 0.49999999976685616 0.49999999987210847 0.500000000249425 0.5000000011410045 
0.31777867045932623 0.49999999976255993 0.4999999999100628 0.5000000000537917 0.49999999745127405 
0.3204290365326504 0.4999999998150772 0.49999999987210847 0.5000000002493057 0.5000000009633987 
0.3230768667892035 0.49999999978900467 0.4999999999400026 0.5000000003230773 0.5000000009709018 
0.32575315878622585 0.5000000001113619 0.5000000000524188 0.5000000002949476 0.5000000009630585 
0.32841842856753556 0.5000000001283382 0.4999999999441188 0.5000000001953383 0.5000000009802085 
0.3311036170271155 0.4999999997570375 0.4999999999359667 0.500000000277931 0.5000000011618625 
0.33378253954483644 0.5000000001066673 0.4999999999456497 0.5000000002523752 0.5000000010527909 
0.3364718909907534 0.49999999978012727 0.4999999999217582 0.5000000002504708 0.5000000009651621 
0.33916705663362473 0.5000000001976168 0.5000000001784137 0.5000000000957995 0.5000000008695267 
0.34188361736535844 0.4999999997864673 0.4999999999859397 0.5000000000745504 0.5000000009864222 
0.3445879117939494 0.5000000001581751 0.4999999999161439 0.5000000003132157 0.5000000011968752 
0.3473076473012374 0.49999999978674997 0.4999999999446543 0.5000000005767197 0.49999999617631696 
0.34999981842930883 0.5000000001600231 0.500000000046587 0.5000000002579229 0.5000000009715698 
0.4000022573518265 0.5000000001578252 0.5000000000483646 0.5000000000780904 0.5000000009705785 
0.4005044117857765 0.5000000002340539 0.49999999993447375 0.5000000000816263 0.5000000011445168 
0.40338738055777723 0.49999999979990445 0.49999999995413485 0.500000000130487 0.5000000009723139 
0.4062820678236082 0.5000000001657356 0.4999999999175229 0.4999999980365935 0.5000000007529908 
0.4091913041475883 0.5000000001563475 0.49999999990540683 0.5000000000713927 0.5000000007609198 
0.4121152866042116 0.5000000001623105 0.49999999994252114 0.5000000000881704 0.5000000010208038 
0.41503435471766614 0.5000000002153937 0.4999999999425419 0.5000000002502721 0.5000000010137411 
0.4179740616150229 0.5000000001665326 0.4999999998938775 0.5000000001491485 0.5000000012552802 
0.4209144341753126 0.5000000002674347 0.4999999999594565 0.5000000000711559 0.4999999978102712 
0.42387247483829193 0.49999999978138504 0.49999999994720595 0.5000000001688867 0.5000000011957422 
0.42683245101383016 0.5000000002156183 0.49999999990568206 0.5000000000683992 0.5000000007756014 
0.4298129786115278 0.5000000002156183 0.49999999990568206 0.5000000000685221 0.5000000009747793 
0.4328011091248143 0.5000000001657336 0.49999999993453387 0.5000000000572861 0.5000000007574913 
0.43578553827456995 0.5000000001653254 0.499999999901064 0.5000000000967594 0.5000000005660425 
0.43880076259634393 0.5000000001657336 0.49999999993382693 0.5000000000882319 0.5000000012435095 
0.4418325993402951 0.5000000001655817 0.4999999999362089 0.5000000000388468 0.5000000011891022 
0.44485701748070855 0.5000000001657545 0.49999999989809274 0.5000000000170457 0.5000000011834604 
0.4478984023359814 0.500000000001939 0.49999999988804467 0.5000000000170574 0.5000000011691214 
0.44999990611665275 0.5000000001654232 0.49999999993741034 0.5000000001490721 0.5000000005456796 
0.5014286869660951 0.5000925465025986 0.5000196726120653 0.4999786253583498 0.49998215343501534 
0.5046924462278723 0.5000019053478714 0.4999360158954627 0.49999882549687563 0.4999348235147843 
0.5079847901941202 0.5000908204851997 0.5000730381225914 0.4999789385920288 0.5000463132618259 
0.511265013772897 0.5000930555082446 0.500019312423817 0.4999760593688685 0.5000333139477118 
0.514592370242373 0.5001145137130911 0.4999595720403886 0.4999999990031856 0.49999338777328456 
0.5179322613092743 0.5000951268160466 0.49996094694766374 0.5000000949323603 0.4998753816368221 
0.5212169233240368 0.5000000000104285 0.49999999940143863 0.49999998639480087 0.49998052112328484 
0.5245555613685301 0.5000000000307768 0.4999999996593754 0.5000000000388374 0.5000000010140239 
0.5279335998138515 0.5000000000104285 0.49999999940143863 0.5000000002030804 0.5000000026337532 
0.5313212363284304 0.5000000001613589 0.49995795867871523 0.4999999981926361 0.4999930644211295 
0.5347069771277876 0.5000000000157255 0.49999999965527014 0.5000001133642766 0.5000000010276019 
0.5381193971752504 0.5000000001653656 0.5000202883788075 0.5000000242337298 0.5000000075183759 
0.5415234710852866 0.5000000004783781 0.499999999946155 0.4999999998817825 0.500000002724775 
0.5449850105387993 0.4999999914376707 0.49999998947038304 0.4999999908542921 0.5000003761075493 
0.5484454149471975 0.4999609950767728 0.5000193132333823 0.4999999988249048 0.4999999434986232 
0.549999411912331 0.5000000000089578 0.49999999965540654 0.5000000001103274 0.50000000101048 
0.6000080771937651 0.4999512409880167 0.5010640708799202 0.49989016280158743 0.4999737897578826 
0.60234629452954 0.5000000000165595 0.49999999995626443 0.5000000001160346 0.500000000902429 
0.6060765009952391 0.5000000000164176 0.499999999951334 0.500000000192038 0.5000000024568528 
0.6098525850028222 0.5000153555819963 0.4999594519403585 0.49999902230330784 0.4999653862973073 
0.6136358932246989 0.49995530129749616 0.4999594519403585 0.5000008424641336 0.5000506575365931 
0.6174225733131552 0.5000002100770531 0.4999999995487613 0.5000000277447554 0.499999997025807 
0.6212395439761117 0.4999999997525919 0.4999999991291337 0.5000000003352263 0.5000000031458542 
0.6250780149046211 0.5000000004555065 0.5000000000673603 0.5000000001911393 0.500000002446757 
0.6289504057482472 0.4999999864337059 0.4999999990366317 0.5000000003867009 0.5000508011806224 
0.6328377861305272 0.5000004808780246 0.49996789443694023 0.5000555695444228 0.5000000015492049 
0.6367373782154591 0.49999816176324924 0.5000112284660253 0.5000556280961324 0.5000158543737968 
0.6406585345915989 0.5000013466534124 0.5000003919634123 0.49999991522547105 0.49997102871096627 
0.644604554679979 0.4999999928609608 0.5000000042578109 0.49999999870335576 0.499999829407975 
0.6485709140056999 0.5000014483615725 0.49999999967562664 0.500002557779111 0.5000003426307874 
0.6499981447671255 0.49999999978350024 0.49999999967562664 0.5000000002719343 0.4999999979234664 
0.7023366919261472 0.4999999998087107 0.49999999856874977 0.500053456700814 0.5000256584433289 
0.7066393832044084 0.49999999978404785 0.49999999985311694 0.5000000002820127 0.5000000003000317 
0.7109832154038401 0.5000015891779318 0.4999999961564912 0.49999620965389274 0.5000203684710237 
0.7153454676381894 0.49999999978223936 0.5000000001206999 0.5000000003530941 0.5000000001197477 
0.7197367583115166 0.49999999971196074 0.500000000122614 0.5000000002335934 0.5000000000848005 
0.7241415283663502 0.4999999944635299 0.5000000001379927 0.5000000004105248 0.49999999547762675 
0.7286346427807705 0.5000822314014383 0.5000047629319505 0.4999999912362988 0.49999984001989467 
0.7330913690286436 0.500000000147525 0.5000000001419235 0.5000000003515933 0.5000000011478293 
0.7376090294095242 0.4999999998181425 0.49999999984966265 0.5000000002427007 0.5000000000765451 
0.7421317537958477 0.49999999978233767 0.49999999985627774 0.5000000002828211 0.500000001098439 
0.746715159364011 0.499999999757971 0.5000014910541525 0.5000000168252495 0.49999984289892646 
0.7499962565391777 0.4999999997821545 0.4999999998561092 0.5000000002820119 0.5000000003501769 
0.8000905342369706 0.5000015869379449 0.5000936310536667 0.4996921167049911 0.5005310203604416 
0.8041119148239275 0.49999999977511383 0.5000000001246285 0.49999999085385083 0.5000000009393752 
0.8091265301294452 0.4999999999315781 0.4999999999441944 0.49998955879206725 0.5000000011537437 
0.8142111997512231 0.4999999990732006 0.5000420126265944 0.5000000000867699 0.5000467098087956 
0.8192355395270714 0.5000000002584182 0.4999999998984217 0.5000000000032955 0.5000000005651114 
0.8243785582353481 0.4999999990258756 0.4999999998530255 0.49998949200782383 0.5000003832508945 
0.8295478815474169 0.5000000010369925 0.5000223953926822 0.49999998986692357 0.5000447980018341 
0.8346919402880624 0.4999999998355089 0.49999999995134314 0.5000000002413968 0.500000001078681 
0.8399804153291585 0.5000000002448256 0.49999999993448163 0.5000000003596936 0.5000000010723364 
0.8452778822241704 0.49999911419636756 0.5000016498416192 0.5000000004939709 0.5000000012251115 
0.8499956370272541 0.5000000002452052 0.49999999989847244 0.5000000000740382 0.5000000010011363 
0.9005192758755738 0.5000000002228924 0.5000000005322255 0.500000000492759 0.5000000010982489 
0.9063381261433663 0.500000000222331 0.49999999989847244 0.5000000000740382 0.5000000010011363 
0.9121622483999204 0.5000000002119234 0.5000000000576137 0.5000000004822311 0.5000000009666783 
0.9180444718597368 0.5000000002442749 0.5000000000686418 0.5000000004926605 0.5000000011018474 
0.9240027820436566 0.4999991161703989 0.5000017197067927 0.5000004429339938 0.49999999895982455 
0.9299941027327311 0.5000126141859942 0.5000000760879354 0.49999999643679455 0.499999985170721 
0.9360479374596165 0.4999991163577016 0.5000017485116189 0.5000004527511795 0.49995550208367956 
0.9421470145127158 0.500016029360881 0.49999999965640207 0.499999718479639 0.5000000011245638 
0.9483075980946679 0.49999914667609247 0.500000078810036 0.4999999178909343 0.5000015688344759 
0.9499997382566417 0.5000000002126497 0.5000000000529161 0.5000000002763012 0.5000000009693413 
