0.002519179060160583 1.1509526481552552 
0.023655923285744705 1.149816918087611 
0.0483837624615671 1.14922578163741 
0.1539439683004124 1.14084341106095 
0.17161443778969673 1.1360456715202971 
0.20227052938532591 1.1258785100922246 
0.21301406390722938 1.12121542496099 
0.22689093809896688 1.1127045658226666 
0.26127905213776176 1.095030641199424 
0.27018199832435835 1.0713807244944804 
0.282131059564069 1.048707731699017 
0.30128733729083695 1.0041742111638958 
0.3033929820358676 1.0034843634247173 
0.311453576531162 0.9742890235533268 
0.32024303621844014 0.9490785079294812 
0.3357353642306445 0.9439273723471375 
0.35131700124030635 0.9380815803031753 
0.36707327744257856 0.9319893120359257 
0.383004901389871 0.9257564415772521 
0.39919057048917533 0.9193296593212678 
0.4152617961551348 0.9120817490363381 
0.4316772838772325 0.9051670779338897 
0.44927519144783784 0.8993470439450219 
0.7392324489280038 0.8815504679027291 
0.7562019695593309 0.8695953027180141 
0.7868394026152672 0.8463389719058085 
0.7921281265495681 0.8426662724128064 
0.8043514248948459 0.8226149013810229 
0.8122748467500316 0.8188954911604494 
0.8406537858467205 0.7870457555742689 
0.8543170538112309 0.7710652812447809 
0.8707347595126992 0.7520415538569538 
0.886196555172493 0.7364898092781936 
0.8968287461457285 0.7300640204129775 
0.9003718473961797 0.45134512435880564 
0.9044800516411947 0.43317906919769655 
0.9118541896918535 0.4169486791929161 
0.9190967380178222 0.40082786298181966 
0.9259351130562482 0.3848438807040653 
0.9325369108988042 0.36899710386157375 
0.9387559052167088 0.3532547934299516 
0.9446872980480514 0.3376899377005975 
0.9503709128989787 0.3223682520121851 
0.9592946520946808 0.3164271826292988 
0.9984012735854879 0.3035444015951281 
1.0251368970371706 0.29298122314620145 
1.0724453359960902 0.27363500407189384 
1.110970201812364 0.25182553552034914 
1.1122920840183614 0.22903113763124566 
1.1237083818027238 0.20882692079835868 
1.131458550147228 0.18884334021885965 
1.135030887593241 0.1749942789691091 
1.1401944573432663 0.1451870923558136 
1.1426460101037128 0.129644293341371 
1.1490067724302804 0.06379981233000953 
1.1498232029297084 0.03720535027377755 
1.1517273992533508 0.004019305795316372 
