0.0021887720835833298 0.8478688340691353 0.7980899830791761 0.84554073051883 0.9971663741609808 0.8089829770821793 0.7711097327094467 0.9962675046473116 0.6636908929258638 0.9345371961327619 0.7652499084368809 0.9469524090203267 0.7528168269062223 0.9759843524694917 0.758770154597737 
0.020569290662126056 0.8478688340691353 0.7980885228063236 0.8455407305190749 0.997200159950845 0.821973428681006 0.7711097327094467 0.9662887541731504 0.6636908929258638 0.9346654254271085 0.7635856692129971 0.9469524871199109 0.7528168269062223 0.9808498546824789 0.7587701120142376 
0.04206391800173704 0.8476291696911713 0.8067264204402392 0.8453101881401028 0.9971647309906645 0.8184553109715683 0.7844351145870943 0.9652378236467505 0.8958973215222932 0.9348351752070289 0.7631487496009711 0.9469863869885847 0.7518207221788369 0.9962282876011171 0.7749590004756695 
0.13372674934510514 0.9448619916320037 0.923619575025884 0.7593261558531545 0.983194921733431 0.8225517885833977 0.8329178724964322 0.7682674098202812 0.8522510654537897 0.9352794102506258 0.7631514978354639 0.8712690010793271 0.7894548703039859 0.994882816642906 0.749297905887041 
0.14936829378327923 0.8946234693864947 0.9184393077394875 0.7476044272601432 0.9976861456786841 0.8230161503736982 0.8419057178447684 0.76795575282611 0.8553351792006211 0.9225029700114895 0.8608533294908847 0.8711748561933101 0.7842787647091735 0.9650256799382797 0.6400912532533479 
0.17682478057743814 0.8274840285391487 0.7973517087537041 0.8444222485477648 0.9920039994293299 0.7876210646395847 0.8412629328483345 0.8004942360228998 0.8538797154778274 0.9442359827693966 0.8996653515713758 0.8695370249418642 0.8105541750985642 0.9828843688081269 0.7915428848395915 
0.18664638174122028 0.8937938650948944 0.7947700114068177 0.7476044272601432 0.9919554285563886 0.8240174488356169 0.8419398525383464 0.7687315051985348 0.855359150751129 0.9225029700114895 0.8608533294908847 0.8711924983173235 0.7842787647091735 0.9650256799382797 0.7986377956700992 
0.19979801198459238 0.8946503585329221 0.8194620150755395 0.9049292986333565 0.9920039994293299 0.7749591010248715 0.841903522278591 0.8004942360228998 0.8524212100937254 0.9441582321371101 0.8995673201702115 0.8680623704654831 0.8101148096024099 0.9828843688081269 0.730117292840855 
0.23208912502198442 0.9733334623599598 0.8169264237202312 0.7724809526361966 0.8276377646333047 0.8663793684448985 0.8186149745878356 0.7886685555479275 0.829957512149733 0.9512958959860431 0.8109402990298569 0.9258164713870148 0.8155200298781838 0.9616783151141353 0.8398156402583592 
0.24452562178142975 0.9741888921241744 0.8169264237202312 0.899390346260683 0.8285727924348635 0.9038105752877384 0.7552608726556097 0.7886685555479275 0.8299531616393097 0.9579416199909454 0.8110313235289611 0.8981661961720557 0.8297153654355444 0.9616783151141353 0.7293352504708532 
0.25979030813724674 0.9754521651309818 0.8187497049536636 0.8783971150811797 0.8273578008886691 0.8670521584780386 0.8432257169495775 0.897326860154234 0.7530714971636284 0.9164266614132268 0.7865395796473996 0.8389759693584579 0.746521218249135 0.9645866539592033 0.8195481725504613 
0.28737857787111365 0.9741223259119794 0.7923380862876165 0.909833855527324 0.8273532879178607 0.902065946449656 0.8358714741150524 0.7907771521982244 0.8303755589223127 0.9578156953764956 0.8357132073638941 0.8984226395228112 0.8295779264817044 0.8993376705143168 0.8386698877988621 
0.2894017271486471 0.9741223259119794 0.7923380862876165 0.909833855527324 0.8286137773398566 0.902065946449656 0.8358714741150524 0.7907771521982244 0.8303755589223127 0.9578156953764956 0.8357132073638941 0.8984226395228112 0.8295779264817044 0.8993376705143168 0.8386698877988621 
0.3044928910482844 0.9632748366094726 0.7922859173150292 0.9098570743036182 0.8485011358211281 0.8955882980183976 0.8256435163454455 0.9561746308769942 0.830334836295729 0.9577795068276439 0.7785046990506131 0.9299032451817495 0.8308444909643727 0.9003743515743191 0.8290877810947003 
0.31971504453607236 0.9695478333825555 0.7808117095437689 0.9163148585315539 0.828517613915927 0.903655109873313 0.8339778445330329 0.8989913338064639 0.8304085692912705 0.8958042179896335 0.8357131658198673 0.8984501540972869 0.8295412808842109 0.8900420381525482 0.8386698854149588 
0.33511311426623325 0.9742063864737688 0.7807976468854506 0.9165386573367709 0.828469597131196 0.9045458983161896 0.8337915088894514 0.9008954668288875 0.8303667541848733 0.8958121642749682 0.8428348721789386 0.8978980317242912 0.8295216934653623 0.8994222829263953 0.8390535617801131 
0.3507176657164326 0.9733993343799149 0.7808113233490956 0.9163207964287786 0.828589604749094 0.903554245289174 0.8337804008111487 0.9008328153165642 0.830374861653933 0.895812113578513 0.8357132073638941 0.8984208450825426 0.8295217076977947 0.8993376705143168 0.8386698877988621 
0.3664605420303277 0.9744997551816446 0.7793505188043979 0.9157256740936353 0.8227463087640676 0.9036740427739252 0.8337949093140291 0.8993284222265427 0.8305048031492771 0.8959225409032847 0.835740229397622 0.8984206396150283 0.8295430853658606 0.8993940336890821 0.839053740736298 
0.3822949234023333 0.9734126641390634 0.7807887019916557 0.9159000960024638 0.822563528843869 0.903649235838533 0.8334388197603493 0.8991197470739827 0.8304102604643913 0.8959318705320656 0.8357120561407836 0.8984265290673326 0.8295218492717119 0.8994222907040083 0.8390538244033955 
0.3982914201037022 0.9738700214785616 0.7807976406901757 0.916543697002917 0.8230083976632188 0.9045340133362405 0.8337912309900903 0.900893661105532 0.8311963224248395 0.8958162891559476 0.8355822839930215 0.8853071772971277 0.844837766122082 0.9003860109963799 0.8378475121897064 
0.41436453381624133 0.9860223914474925 0.7807888230488425 0.9165414519825504 0.8230337584984934 0.9036499371924117 0.8337915235926928 0.9008974047386688 0.8303739473557434 0.8958121642749682 0.8357120477793011 0.8984304591914981 0.8295216934653623 0.899422282672747 0.8390535575957189 
0.43045807719043605 0.9740642008946014 0.7793461574554215 0.9153552878638591 0.8311110201279363 0.9036723194129029 0.8265516135658519 0.899340358947831 0.8304319323560794 0.8959317869754528 0.8430456940943611 0.8985093039210856 0.8295739234945488 0.8978575748842896 0.8390042851034389 
0.4468965901043695 0.9740642008946014 0.8011376935827393 0.9099879795753733 0.8307593464128353 0.881669374745605 0.8265447342289938 0.899340358947831 0.8312492513594137 0.8959313699355888 0.8428904615179258 0.8982065065493874 0.8292907478385203 0.8978399771806573 0.8379368616900117 
0.6425446697685627 0.9539137513127222 0.930324116602653 0.7917609588878795 0.95137614330658 0.9576626194221266 0.8811587099395035 0.9258124792083718 0.7726728672474742 0.991833334545957 0.7880036418123768 0.9265819664117143 0.7439503486605988 0.9832610842840547 0.7667649503366424 
0.6561945964308834 0.9029498384133388 0.881041872303909 0.6417030023859919 0.9816043019569967 0.8160314320679506 0.8787689144922797 0.8734925522164082 0.7727446343170986 0.9322930113358782 0.7192349798235873 0.9535724697624494 0.7750727134470239 0.9833027674743272 0.7794013479940058 
0.6808939173669789 0.9029498384133388 0.881041872303909 0.6340331263908707 0.9816043019569967 0.8160314320679506 0.8787689144922797 0.8734925522164082 0.7687411990385477 0.9322930113358782 0.7192349798235873 0.9663964542370794 0.7750727145276866 0.9693840439772279 0.7586798236362631 
0.6849200298877983 0.9049506344317928 0.8808881575610561 0.7971019568615465 0.9829247372160659 0.8162353097250765 0.8397725280852262 0.8934340723339543 0.6651341702524259 0.9325489700175937 0.7551996422720287 0.9542120786515267 0.7748502202599622 0.9017610329981044 0.6994192819011338 
0.6991251213219881 0.9059776965127124 0.881041872303909 0.6419557692309764 0.981197594221178 0.8162404796784238 0.8796952465587955 0.9831771418397869 0.7683764455741023 0.9331817031711829 0.7570273135157148 0.9535724697624494 0.7751319325144789 0.9704754760511753 0.7794142340693636 
0.7042309536386198 0.9918895162790746 0.9302935336131463 0.7916974962390393 0.9518326422940542 0.9697878531787577 0.8352082606437501 0.9256385785052863 0.7685741507210805 0.932280930739036 0.7624236074810421 0.9539310354238668 0.7439503486605988 0.9709791276017958 0.7671441365721076 
0.7299994233071955 0.8501879132864203 0.881041872303909 0.6608996060012319 0.9277850850411077 0.8171301280600601 0.8362379837140629 0.9826705841899774 0.768495766794291 0.9331817031711829 0.755326908248811 0.9636112616862978 0.8331264465571526 0.9708478282898115 0.7591679207236387 
0.7423515251655795 0.9539137513127222 0.930324116602653 0.7917450101890814 0.9513761452923759 0.9697878531787577 0.8787330756191748 0.9258124792083718 0.7726728672474742 0.9322739175404553 0.7754064365172606 0.9273077374801557 0.7439503486605988 0.969580579473544 0.7667571195684146 
0.7568043680985412 0.8522196495766426 0.8573771453604249 0.6598515464441199 0.9499061263227976 0.8157709032448601 0.8356683319588771 0.99352384130528 0.7710605841063206 0.9315228884617436 0.786930288663767 0.9633118416030754 0.743794042193721 0.9827180132678228 0.7800208271458593 
0.769077329592319 0.9122983443560643 0.881041872303909 0.63389146280333 0.9815813023021379 0.8157707645239254 0.8359314742506532 0.9831771418397869 0.768574945662064 0.9331817031711829 0.7559918955573157 0.9539023376352066 0.7439516997999372 0.9155515163831186 0.7809243472769207 
0.7755251125522281 0.9047575540826279 0.881041872303909 0.63389146280333 0.9830210450911949 0.8170957353832156 0.8362356619851462 0.9826705726545513 0.7683710426475048 0.9331817031711829 0.7587879002274811 0.9445406512677186 0.8346956690741912 0.9709447031698093 0.7592978153441186 
0.8939663355570208 0.8257397057215573 0.8786596890943424 0.8661074706531651 0.8466079822837346 0.8986915115805668 0.8413829226838808 0.8934342718809933 0.8090284951852961 0.9167319220140256 0.8177559893556712 0.8935659930900678 0.8459462289474219 0.9015241658975215 0.8312744716014523 
0.9019005754322185 0.8289817648279378 0.8869942182039827 0.8622115746974288 0.8568801826386374 0.8814985484825111 0.8432348133962883 0.8932079464019412 0.8329077916835276 0.9029350077409027 0.8248180422952016 0.8985564807654428 0.8371028564848251 0.8920476533302472 0.834866486314174 
0.9094363639047703 0.8290284059603442 0.8858133164548936 0.8655346909954417 0.8568903278324203 0.8854465643303704 0.8433418314590944 0.893190741382811 0.8329339680904415 0.9003015165642262 0.8246314356157813 0.8988404436331603 0.8369874672686004 0.8948251094007862 0.8394883695477128 
0.9166243663545833 0.8286408422250395 0.8869905744041651 0.862133480795799 0.8568805675243586 0.8855152272786125 0.8431845496142956 0.8932105487587806 0.832786736077952 0.9011464775156728 0.8240819750230827 0.8986821917951905 0.8369852033686951 0.8973156449300291 0.8396420735622375 
0.9234173179828931 0.8290580311778912 0.8858469058120657 0.8655347023549058 0.8568903607554896 0.8801958560295422 0.8433627687812475 0.8932047545175614 0.8329261399833418 0.9029918415435655 0.824912929556235 0.8988296529170567 0.8369887737754821 0.8949204119746079 0.839531152269733 
0.9298516789812531 0.8284551320180263 0.8858115355341875 0.8655341930686765 0.8568904877209412 0.8816449968435925 0.8471411675747953 0.8934346616827084 0.8353438294637908 0.9028472677837864 0.8248165728906155 0.8986841027255913 0.836987389080929 0.8921116842047881 0.8398888676031627 
0.9359282456703649 0.8187098235212228 0.8858133097172476 0.8655341828838482 0.8568904877209412 0.8854476803340949 0.8465839302462276 0.8932084130288432 0.8350824038393394 0.9029139575272789 0.824641670250468 0.8988404237875132 0.8369873501964696 0.8921116842047881 0.8398888676031627 
0.9416466465581499 0.8183780823159413 0.8858116958728726 0.8655341879690367 0.8568805689504725 0.8851529715986435 0.8411123010447382 0.8934340723339543 0.8328243280361278 0.9011462332578567 0.8248222442928904 0.8986821926077719 0.836990072915505 0.8921488890813964 0.8396409424622472 
0.9470026557680186 0.8187098235212228 0.886999855571268 0.8655388621950941 0.8568802924749561 0.8855192908169498 0.8431137442750233 0.8932138187980181 0.8354342580970224 0.9029139575272789 0.8240961167772806 0.8986733825266467 0.8369873473804009 0.8918841072602282 0.8396990348309458 
0.9496699012555883 0.8236385867388566 0.8852639678902012 0.8344949116442486 0.8405908569422968 0.8856763373471604 0.8428044395966741 0.8934515911453217 0.8354426492459311 0.9028996159627265 0.8610428456082863 0.8930640836379 0.8352242254847737 0.8922696899002364 0.8469348834496001 
0.9567584179019017 0.8237084860826824 0.9153307203291816 0.833602422727899 0.8411923196050591 0.9459201459928986 0.7860258076652683 0.9802495548674411 0.8084658513989366 0.9019974270861663 0.8595775905535216 0.9405147847473452 0.8027467345519467 0.9180444101057172 0.7696741326003799 
0.961502893930306 0.8423096311462225 0.8579914043898028 0.8692271975341844 0.8981253563845353 0.8089016617420728 0.8140014230976865 0.9797443211265566 0.8305320999167682 0.873906099993601 0.8256797532892428 0.8273164359180359 0.8371854891342471 0.8917754157952644 0.836862099364102 
0.9689568589891078 0.8433495732804667 0.8870973601511665 0.7302717229857852 0.921541707434463 0.7313853988194077 0.832952419412014 0.9115475518309776 0.835261146477782 0.8739775847611636 0.7841870895356345 0.9416738337843779 0.8376686386057884 0.8943648324083677 0.7731945880261966 
0.9752593650955896 0.8423096311462225 0.8579918180478929 0.7539798719024364 0.8982568389414572 0.8188264106150259 0.8091632301052407 0.9797443211265566 0.8326315020795697 0.8578159673561494 0.7825191701433605 0.826125488120825 0.8275558561595446 0.9791886065309122 0.7348143969671016 
0.9794518555018318 0.7835111666519753 0.8172356195307752 0.753639147095307 0.8981253563845353 0.8089016617420728 0.8149009169869179 0.9567562826857436 0.8305440373406191 0.8602814319839579 0.8567923796838888 0.8074676656810645 0.8559257543035379 0.9701042009361001 0.8386409148019389 
0.9831670187268284 0.7846447458734019 0.8335334338711764 0.7399235801593987 0.8981253563845353 0.8089016617420728 0.814472876861917 0.9797443211265566 0.8305440373406191 0.8602814319839579 0.8567481639624445 0.8273164359180359 0.8559257543035379 0.9812264053990929 0.8355139121849522 
0.9863561651461994 0.8867666690672674 0.8318437501378051 0.7532165480646364 0.9239180098433439 0.8187264307805946 0.8096344379384136 0.9384474035841517 0.9105315826732414 0.9428776109139999 0.7825816307440217 0.9500849297063114 0.747455525559104 0.9958021847371437 0.7612280477973883 
0.9883226848500224 0.8820520910526677 0.831192786361356 0.7338085070612453 0.9516756849428101 0.7819806093333515 0.9447224498907262 0.9372601459669376 0.7235175042471125 0.9597629981890082 0.7944333758529288 0.9487199417408094 0.7516938551273847 0.9962565926815515 0.7885134255961901 
0.991990126047431 0.8180970575203786 0.8767801211185358 0.8352537077366654 0.9831982655058723 0.906724270029769 0.8287726287654089 0.7901561437181587 0.815900371429717 0.9622453609122341 0.8739766531703281 0.9148789765688071 0.7916376359097697 0.9814049760128266 0.7938700993902275 
0.9936249308745545 0.8847130033699858 0.8318437501378051 0.7532165480646364 0.9239180098433439 0.8187264307805946 0.8096036931138431 0.9388457212871385 0.9105315826732414 0.9428779408880471 0.7825844463496787 0.9517931997820118 0.747455525559104 0.9958021847371437 0.7636129719971483 
0.9984619841814407 0.8922508108439119 0.9177176269787669 0.8460334511198923 0.9262126137742109 0.7826811046295273 0.9437666577236042 0.9774898239411384 0.8560455004161304 0.9253506682637203 0.7958527331332964 0.9569262710095534 0.7544640361002354 0.9786212389076164 0.7586703221938002 
0.999476908340701 0.8248943320408538 0.868866832367769 0.7381817316743964 0.9243050443784109 0.8201138308416148 0.956823691948881 0.9749933197463672 0.8340566194578771 0.9379798664244302 0.8223493329132793 0.8442851583974719 0.8858140281285827 0.9034574722198592 0.7744565712053911 
0.999993910680822 0.8868420160683385 0.8318437501378051 0.7532165480646364 0.9240493981192174 0.8536126998407759 0.8151784880205503 0.9418199583209618 0.909201105370947 0.9430836886691211 0.7943689577092707 0.9583140938632628 0.747455525559104 0.9958021847371437 0.7904264828175126 
