3.5679964335908345E-11 0.5000613058828396 
0.006330435506288441 0.4937308703962882 
0.010108094297665614 0.489953211605666 
0.18991729138014915 0.31014401452318247 
0.19622639604115596 0.30383490993873663 
0.202553864580871 0.2975074413229048 
0.20888661884587906 0.2911746870607389 
0.21012988728140214 0.2899314186222847 
0.38994121410074695 0.11012009180289553 
0.3924550099206088 0.1076062959842772 
0.3987836980127054 0.10127760789377925 
0.4051141734321884 0.09494713247438509 
0.41015732473522415 0.08990398117054997 
