7.135118017254083E-11 0.4999999517360378 0.49999998896660774 0.4999999308468981 0.4999832533622656 0.5000184495868493 
0.012659318830643043 0.49999995173781964 0.49999998896685444 0.4999999318704602 0.499983253362704 0.5000184495866813 
0.020213710155809656 0.4999999517407702 0.49999998896663017 0.49999993189332215 0.49998325336238336 0.5000184495866852 
0.3797880162654749 0.4999999517407934 0.49999998896663017 0.49999993189324826 0.49998325336238336 0.5000184495866838 
0.3924046785756429 0.499999951740586 0.4999999889666503 0.4999999318901176 0.4999832533394258 0.5000184495868497 
0.4050580642603197 0.4999999517353401 0.49999998896546877 0.49999993189277486 0.49998325336244726 0.5000184495868497 
0.4177220200374528 0.4999999517344885 0.49999998896664805 0.49999993189278846 0.49998325336159344 0.5000184495868497 
0.42020825206954465 0.49999995174075 0.49999998896556747 0.49999993189324854 0.4999832533624546 0.5000184495868476 
0.7797868171305485 0.49999995174087936 0.4999999889668825 0.4999999318930423 0.4999832533624546 0.5000184495868476 
0.7848137924017972 0.4999999516554378 0.49999998896629816 0.4999999318855109 0.4999832533623776 0.5000184495868537 
0.7974696168299034 0.4999999517416539 0.4999999889669149 0.49999993188535297 0.4999832533616287 0.5000184495868499 
0.8101290154769062 0.49999995174086453 0.49999998896687564 0.49999993188575825 0.4999832533616024 0.5000184495868476 
0.8202140815360538 0.49999995174165307 0.4999999889669078 0.499999931892856 0.4999832533616287 0.5000184495866791 
