7.348942790066405E-6 1.0006113433609123 
0.008590290356540499 0.9933049791689585 
0.01720065842422802 0.9859870109324304 
0.025867159139909442 0.9786216520400035 
0.034554928591955816 0.9712367185842309 
0.043243270750551954 0.9638619828476755 
0.05199027533244528 0.9564304266131328 
0.06074548111112325 0.9489928338997909 
0.06943991919581337 0.9415903052523013 
0.0782549962332242 0.9342094338166149 
0.08714376864025111 0.9265730984134312 
0.09603554790913663 0.9189789207209934 
0.1049268620143212 0.9114405704167657 
0.11378172496742212 0.9038774828366695 
0.11485626093375541 0.9029673418504183 
0.20869459343777896 0.8259441765435442 
0.2143321837804223 0.8210052245802261 
0.22369018145407565 0.8131179742953363 
0.23286761507645976 0.8048614937683302 
0.2422314131497943 0.7973784914712904 
0.2516978043322205 0.7889887246193954 
0.26415444624629186 0.7878603000943823 
0.2700650495976064 0.772168692691685 
0.27941165083283204 0.7638871387209076 
0.2888610590780572 0.7556618229556318 
0.2983883697253882 0.7477778114353583 
0.29933235634094696 0.7471738554844536 
0.40470290573268664 0.6588519271798831 
0.4052500786413611 0.6576350436340845 
0.4153226636643582 0.6493380408445246 
0.42514499979054404 0.6408601506168237 
0.4533798189068694 0.6327283603672145 
0.455265497538403 0.6155247027317088 
0.4665216305246109 0.6080990728995994 
0.4746586084556984 0.5977814852828343 
0.48578843594346816 0.5900799966720578 
0.4862524811165548 0.5884912620701757 
0.6019511509487439 0.4926446674094979 
0.6017088198615116 0.49284733719433316 
0.6122662570842259 0.48387256446800847 
0.62410731357821 0.47701941306631623 
0.6300056673459604 0.4665491388123633 
0.6409146906786792 0.45705058682241734 
0.6521737204205134 0.4483185138686214 
0.6618125546558822 0.4401255283669418 
0.6736139186523852 0.42928759547686113 
0.6735801557031913 0.42932128044388373 
0.8004501733870047 0.32884285784502715 
0.8064984141503233 0.3182556789818971 
0.8190910387580085 0.30885563795970533 
0.8341238237829743 0.2999757083839403 
0.8374346718419865 0.2893063422971108 
0.8496479545046274 0.27932585784846825 
0.8606506825185537 0.2697193076616358 
0.8621561832428388 0.2684404150808451 
0.9904926550747013 0.1611007427083457 
0.9999552255208236 0.15099823179550076 
