7.348942790066405E-6 0.9527245099871864 0.9572519455449601 0.9614872248072209 0.9656650978196474 0.9694968029419683 0.9729651461954825 0.9770149565045848 0.9797135902984953 0.9827494383356402 0.9859064348342793 0.9893471145160321 0.9918801781175931 0.9946529189829412 0.9974274327706495 
0.008590290356540499 0.952724113677924 0.957251437462964 0.9614872251604534 0.965665438447144 0.9694569343353081 0.972965145788514 0.977015082819886 0.9797135881959891 0.9827494358634549 0.9859049673635811 0.9893484873403141 0.9918711711460257 0.9947443123883789 0.9974274318785161 
0.01720065842422802 0.9527242772867573 0.9572514905448384 0.9614871686423486 0.9656660294064175 0.9694569343353081 0.9729651461616715 0.977015082819886 0.979713658702472 0.9827494358113943 0.9859049673635811 0.9893485261116352 0.9918711711460257 0.9946529233958122 0.9973999289588833 
0.025867159139909442 0.952728287902676 0.9572519194260418 0.9614871668251462 0.9656660295784307 0.9694577026821255 0.9729646868212878 0.9770149587605834 0.9797136057782064 0.9827494358625304 0.9859064304337799 0.9893491674815647 0.9918715979825867 0.994652928653269 0.9974273986175467 
0.034554928591955816 0.9527281914477845 0.9572765562955362 0.9614871668251462 0.9656660287933724 0.9694567278160329 0.9729646868175249 0.977014953727136 0.9797136057782064 0.9827494373904142 0.9859064304337799 0.9893485237433082 0.9918715979825867 0.9946529287351611 0.9974273996166674 
0.043243270750551954 0.9527241118122642 0.9572514385726912 0.9614876532701789 0.9656654096800126 0.9694965817882526 0.9729653961094775 0.9770150814830316 0.9797135876014471 0.982749584820997 0.9859077426510457 0.9893485141312522 0.9918635701321267 0.9947450765382635 0.997427980311771 
0.05199027533244528 0.9527241228227951 0.9572719289823296 0.9614877066761648 0.9656648395315063 0.9695004389505464 0.9729894442919497 0.9770151014801485 0.9797135031966804 0.9827494441819026 0.9859049668772224 0.9893471877600966 0.9918636253530716 0.9947447311489882 0.9974290128129394 
0.06074548111112325 0.9527122760857368 0.9572742602761617 0.9614875185419357 0.9656647709140506 0.9694997806632504 0.9729648916023007 0.9770150367144737 0.9797148891590219 0.9827494420179588 0.9859041480378689 0.9893583184732885 0.9919117180688724 0.9946448148443068 0.9974008587404994 
0.06943991919581337 0.9527134533356436 0.957285438834367 0.9614874140573949 0.9656654099220696 0.9694938032150243 0.9729902167653807 0.977015304378219 0.979741574103833 0.9827493838880705 0.9859077766247981 0.9893485506369558 0.9919099565058455 0.9947435933136679 0.9974322403956286 
0.0782549962332242 0.9527129665143831 0.9572718009368276 0.9614876702500138 0.9656654291188964 0.9695504347772873 0.972964972002857 0.977014043562413 0.9797135852173552 0.9827495725481739 0.9859090359100142 0.9893494190785223 0.9918717483235153 0.9946376662691175 0.9976270140510641 
0.08714376864025111 0.952713496179141 0.9572718013616051 0.9614877072745315 0.9656648314076253 0.969499608793923 0.972964756944819 0.9770140637409351 0.9797135852173552 0.9827495756901835 0.9859090359100142 0.9893494470176304 0.9918710656355088 0.9945672720361277 0.9974278435440204 
0.09603554790913663 0.9527134541511445 0.9572857254206374 0.9614797554626298 0.9656664862227862 0.9694566986110041 0.9729695736985173 0.9770060645307685 0.9797409886273358 0.9827761152256931 0.9859089227997639 0.9893581772304141 0.9919119500652904 0.9945756406940035 0.9974329989607521 
0.1049268620143212 0.9527134097079629 0.9572765748220813 0.961557044629169 0.965665024569699 0.9694591479388007 0.9729743883314896 0.9770149582557692 0.9797409591950228 0.9827545772470782 0.9859064988741684 0.9893493012861919 0.9919100468648528 0.9945756759307779 0.9974275472338664 
0.11378172496742212 0.9526941820507405 0.9572858720989532 0.961485184026127 0.9656414202397228 0.9694581902465944 0.9729753817937641 0.9770060633345611 0.9797116880801245 0.9827553444255342 0.9859089955860099 0.9893489990853431 0.9919129832046597 0.994642240742264 0.9974385601457484 
0.11485626093375541 0.9527195273781277 0.9572858721093549 0.9615610961725602 0.9656420213527807 0.9694581921715464 0.9729738014873824 0.9770061372087665 0.9797136127102484 0.9827548549814644 0.9859090041438882 0.9893489991170272 0.9919129832046597 0.9946427986994281 0.9974387108211391 
0.20869459343777896 0.9528417862116277 0.9565837619582603 0.9614830710664125 0.9656848357349818 0.969500381840284 0.9729845100542739 0.9770242636484142 0.9791488110022283 0.9826879329925062 0.9858228617308323 0.9893600427737433 0.9916439278873619 0.9951007794635579 0.9984016778172959 
0.2143321837804223 0.9528490675413223 0.9565836849285337 0.9614966620887357 0.9656011297466243 0.9695011961313702 0.9729845100542739 0.9770243525174981 0.979136638887119 0.982688072977097 0.9858344944441609 0.989360654410239 0.9919087583933608 0.9950795206797821 0.9984013761203041 
0.22369018145407565 0.952841888789136 0.9565837619582603 0.9614837242942995 0.9656848491292964 0.969500381840284 0.9729845100542739 0.97701951451849 0.9791488110022283 0.9826879381702117 0.9858227211167268 0.9893601252690413 0.9916439228100049 0.995100318907624 0.9983785871399503 
0.23286761507645976 0.952970138285017 0.956593254418354 0.9614840768062491 0.9656766529506796 0.969499287999143 0.9729492645523573 0.9769426928466696 0.9797957013978367 0.9826931386614405 0.9858226810942331 0.9893601157446132 0.9916599643797849 0.9951257524532727 0.9983793076428853 
0.2422314131497943 0.952850979934104 0.9565836906373328 0.9614830710664125 0.9656816381395888 0.969500243000363 0.9729845730456791 0.9770247968976202 0.9791303460589079 0.9826879373068251 0.9858227154680655 0.9893599854794847 0.9916554212372717 0.9950984608102008 0.9983793328131197 
0.2516978043322205 0.9529791143968885 0.956633964952789 0.96148430192896 0.9655887984335909 0.969498829289314 0.972949026129465 0.9777567024413552 0.979698820174643 0.9836750637073288 0.9858186206906694 0.9893588239798409 0.9918570145674533 0.9943750990850883 0.9974759620528664 
0.26415444624629186 0.952954971389639 0.9566232645144396 0.9614833408969536 0.9657177405343301 0.9694999496162089 0.9729437888696018 0.9758924338213678 0.9799503243747548 0.9826303894426062 0.9858107431655401 0.9909644822372212 0.9916150520613526 0.9925751777816478 0.9974090111159832 
0.2700650495976064 0.9529531519262274 0.9576063132493383 0.961484369489542 0.965688900422069 0.9694980325872632 0.9729435799189924 0.9758973750071384 0.9797091736719798 0.9837057286858187 0.9861652191364885 0.9893588468258877 0.9917848380087454 0.9951214834924014 0.9978226546032789 
0.27941165083283204 0.9529669885110146 0.9576063132493383 0.9614843695061972 0.9656875239224582 0.9694993708789102 0.9729438122833581 0.9759202042898575 0.9797975737774317 0.9837061483946496 0.9861644688509528 0.9893588468258877 0.99187363144319 0.9951216794789788 0.9974081960285403 
0.2888610590780572 0.9522306455925281 0.9576061872439043 0.961484369519502 0.9656530109006779 0.9694993672202348 0.9725356565242312 0.9769837726244809 0.9797975890943899 0.9827630950986054 0.9861644731684144 0.9893588468258877 0.9918746029853845 0.9951216793472879 0.9973427421115635 
0.2983883697253882 0.9529531466990837 0.9576063132493383 0.9614843694891421 0.9656907220905059 0.9694993705430969 0.9729437888702791 0.9758968619256166 0.9797975668002022 0.9837061483946496 0.9861652092652451 0.9893588468258877 0.991876074615926 0.9951214815031486 0.9974084745431655 
0.29933235634094696 0.9529529816410233 0.9576063132493383 0.9614843695046336 0.9656858621435822 0.9694993599709301 0.9725532818352374 0.9770151777130117 0.9797975584783104 0.9837061483946496 0.9861644688506794 0.9893588468258877 0.9918736972757153 0.9951216794826473 0.9974084198862814 
0.40470290573268664 0.9522452177037171 0.9576384777750038 0.9614949980626646 0.9658621631199905 0.9694992878756192 0.9725487702843992 0.9770417470484336 0.9797987821748471 0.9838093256815432 0.9855687933760711 0.989579651259279 0.9923547801260092 0.9951216652365814 0.9973494783067903 
0.4052500786413611 0.952299066077073 0.957608640137397 0.9614858033211046 0.9656921027514614 0.9695007195010052 0.9725487704011343 0.9770417470439122 0.9798154647696101 0.9838126704137902 0.9858190484678352 0.9894475656040147 0.9919108375304416 0.995121665494922 0.9973540329640799 
0.4153226636643582 0.9522427817799082 0.957608675823421 0.961484368927514 0.9657214894960308 0.9695007195010052 0.9725487702840004 0.9770417470484585 0.9797987703912613 0.9838094996672291 0.9855688124957703 0.9894476923514411 0.9918746049701925 0.9951216509315787 0.997354032881433 
0.42514499979054404 0.9523086931915399 0.9576071140140175 0.9615577082992078 0.9656920610758825 0.9695007112298091 0.9725564846271303 0.9770417470439675 0.9797987821785914 0.9838133021739609 0.9858167789000605 0.989346416026138 0.9923348555247219 0.99512188488233 0.9973540284738683 
0.4533798189068694 0.9522448907948339 0.9576545569663125 0.9614956189411177 0.9658648434235897 0.9695006547543928 0.9725710607466365 0.9770422716218309 0.9798444182174606 0.9827010923999688 0.9894421993128379 0.9895890845283032 0.992334003431381 0.9951023529011638 0.9985404530314469 
0.455265497538403 0.9528516037284117 0.9575982839758821 0.961566235773513 0.965739185342703 0.9694993375933366 0.9729616096482019 0.9770797271757119 0.9807861027015773 0.982763710282788 0.9858283553483848 0.9893345094686303 0.9923992702192624 0.9951514913218459 0.9973555269240588 
0.4665216305246109 0.9532974219247268 0.9568420519448093 0.9615683055333514 0.9657391729334204 0.9694993176672599 0.9729709600013016 0.9770797198106381 0.980826880675101 0.9836843066051537 0.9858365782614926 0.9896026878724313 0.9923993106973704 0.995151331068544 0.998226196714868 
0.4746586084556984 0.9528518776816334 0.957599534649831 0.9615661629600633 0.9657395951405471 0.969499333979762 0.9729640014182004 0.9770106489664856 0.9797987526026688 0.982766921576465 0.9858251462835734 0.989334742791472 0.9923234404789663 0.9951513804959393 0.9974004505836226 
0.48578843594346816 0.9528520622706357 0.9581150082173403 0.9615661629651235 0.9657395951405471 0.9694992272493443 0.972359795141072 0.977079533037264 0.9807031545930183 0.9827454984769256 0.9858251462835734 0.989334317874771 0.99239622402037 0.9951527364722732 0.9974004505836226 
0.4862524811165548 0.9528518551565627 0.9581122642186563 0.9615662355424073 0.9657396071137297 0.9694993626221226 0.972961611429486 0.9770797301978932 0.9797987526026688 0.9827455636138337 0.9858251462835734 0.9893434121256622 0.9923993163793455 0.995151386772357 0.9974004505836226 
0.6019511509487439 0.9527013771298348 0.9575156114872867 0.961568159785721 0.9656831209172778 0.9697315993512808 0.974897325006873 0.9770135071327704 0.9799453773037248 0.9827133546966332 0.985915716897474 0.9893465524575507 0.9917846428761637 0.9946663324509307 0.9973522064900058 
0.6017088198615116 0.9526950093779597 0.9575156114872867 0.9614276785421577 0.9656831209172778 0.9697339212621037 0.974897325006873 0.9770135071327704 0.9799453773037248 0.9827133546966332 0.9859157950020866 0.9893465524575507 0.9917846402153737 0.9946663324509307 0.9973522064900058 
0.6122662570842259 0.9526950093779597 0.9575156114872867 0.9614276785421577 0.9656831209172778 0.9697339212621037 0.974897325006873 0.9770135071327704 0.9799453773037248 0.9827133546966332 0.9859176062391514 0.9893465524575507 0.9917853174617928 0.9946663324509307 0.9973522064900058 
0.62410731357821 0.9526912268915553 0.9574818327488179 0.9614792614583866 0.9656430426828921 0.9694386787352431 0.9730053595441126 0.9770157323834647 0.979688875094378 0.9827497488816122 0.9858599833697707 0.9893520826989645 0.9915879344333203 0.9968050832637074 0.9974153312011429 
0.6300056673459604 0.9526911590788671 0.9575156361610855 0.9614831224771258 0.9656450862119567 0.9694897720565225 0.9729741617000265 0.9777240654418858 0.9799516929565557 0.9826975383601831 0.9858586853551091 0.9893277676860182 0.9917704437298223 0.9946599271418182 0.9974151131973632 
0.6409146906786792 0.9527232060227867 0.9574738130562637 0.9614846632827295 0.9656661699363434 0.9703410156820841 0.9729582526086286 0.977005979485069 0.9799456239030491 0.9827405643529106 0.986139948219065 0.9893269073269135 0.9916371791109874 0.9951021077810428 0.9974153368237849 
0.6521737204205134 0.9527232048347941 0.9574738131911451 0.9614864659986211 0.9656661729822484 0.9703410156820841 0.9719654709929633 0.9770177604080273 0.9799456239008942 0.9827395920183498 0.9861399481133227 0.9893489733817082 0.9916452733280877 0.9951021069997498 0.9974157706555438 
0.6618125546558822 0.9527232048193609 0.9574738209034573 0.9614864659986211 0.9656661729822484 0.9703410156820841 0.9719654709929633 0.9770178065565285 0.9799456239008942 0.9827395920183498 0.9861399481133227 0.9893489733817082 0.9916452733280877 0.9951021072782921 0.9974152721516281 
0.6736139186523852 0.9527233297281211 0.9574738209034573 0.9614864658641019 0.9656659923523986 0.9703410156820841 0.9730005927867009 0.9770184319125592 0.979945624128195 0.9827400026816786 0.9861399451363682 0.9893485244264543 0.9916389242664941 0.9951013476326979 0.9974152715735697 
0.6735801557031913 0.9527233297281211 0.9574738209034573 0.9614864568977487 0.9656659923527265 0.9703410156820841 0.9730005927867009 0.9770184319125592 0.9799456241187006 0.982730912292743 0.9861399479162652 0.9893485244264543 0.9916389242664941 0.9951013476768512 0.9974152715735697 
0.8004501733870047 0.9523886377967012 0.9574637181523342 0.9580409056570921 0.9642998410237487 0.9695449171034761 0.9729690250383501 0.976976310969757 0.9797766631041027 0.9828280277640598 0.9858122248992514 0.9893452600355822 0.9918657479581928 0.9950436838287422 0.9974461173690701 
0.8064984141503233 0.9528366563643211 0.9574639049284877 0.9615628952432985 0.965665374000738 0.9695817838677122 0.9720004455674967 0.9758911285741971 0.979878187628881 0.9827496746002519 0.985810414787706 0.9895745807125528 0.9923126949391883 0.9958088617272881 0.9976163739431343 
0.8190910387580085 0.9526877365565813 0.9572336828801761 0.9614849846314107 0.9642534922339944 0.9695450176119242 0.9719469171019415 0.9771312414217803 0.97873420667584 0.9827494437278773 0.9859118036939241 0.9895734472202093 0.9911687747296744 0.9950462628203905 0.9976764761893026 
0.8341238237829743 0.9526948782059298 0.9566700548293834 0.9580079981319839 0.9656505924497152 0.9695446610905349 0.9729690830199932 0.9758380980288003 0.9797106438325927 0.982750391061936 0.985901363349855 0.9895833034243011 0.9915473122143131 0.9950663845107489 0.9974153271466272 
0.8374346718419865 0.952693889397627 0.9567733610007676 0.9614891520966039 0.9656320210635385 0.9695449413626688 0.9729690726943595 0.9758400042920184 0.9797134141059457 0.9828232950835784 0.9859057498461237 0.9895728510763737 0.9918670942418537 0.9950436423197215 0.9974079621689803 
0.8496479545046274 0.9526994009240881 0.9566698517501596 0.9615631664703351 0.9656479137726331 0.9695478774042288 0.9729684674568096 0.9758340251541476 0.9797093907474083 0.9827463898329052 0.9858906702449254 0.9895755025427666 0.9915544705622961 0.995121678970587 0.9974009796327675 
0.8606506825185537 0.9526949036093495 0.9566552306478885 0.9614891520966039 0.9656506681053272 0.9695443925376839 0.9729691838982891 0.9758325058415734 0.9797104273177131 0.9827500506555786 0.9859057498457646 0.9895735632438087 0.9917900086534581 0.9950486024906947 0.9974157622233222 
0.8621561832428388 0.9527060495712414 0.9566552094563181 0.9614891520966039 0.9656506687649248 0.9695551145583866 0.9729690724814193 0.9758325058415734 0.9797104273177131 0.9827500505381441 0.9859057498461237 0.9895735632438087 0.9917900086534581 0.9950465025075345 0.9974079621689803 
0.9904926550747013 0.9526937915331692 0.9566565861740268 0.9614891468403255 0.9656506687654847 0.9695553204890507 0.9729690720316059 0.9759131928912887 0.9799172027432174 0.9827500484207903 0.9859070985761778 0.9895735632438087 0.9918686207130257 0.9958598238873065 0.9974290747594959 
0.9999552255208236 0.9527059557969006 0.9576015982380012 0.9614885921318248 0.965650668765507 0.9694883184418357 0.9729692199966636 0.9768942969268681 0.9797119144280426 0.9827500551353167 0.9859068759329794 0.9895735632438087 0.9918742174187346 0.9950347980567084 0.9974079622059182 
