0.5000000001296669 1.500000000129667 
0.5128106270155159 1.4998358879715155 
0.5250300709159738 1.4997025263140182 
0.5291481990437702 1.4994826547524458 
0.5332029951998214 1.4991461239936474 
0.5373241147560637 1.4989647307951857 
0.5457514323380952 1.4984463253340345 
0.549841554869857 1.4976038001271625 
0.5541122890707377 1.4973760617451886 
0.5584373408144865 1.4972810085670287 
0.5627000363395777 1.4961526813501962 
0.5713009045238318 1.4960777553552185 
0.5757926015193399 1.4958670722330512 
0.5800981400796502 1.4935889280110735 
0.5844031987983226 1.4929343813342562 
0.5892151982918221 1.492121946285153 
0.6022404197948894 1.4899479600259813 
0.6067411258854783 1.4889441734733335 
0.6112943309207453 1.488469797896641 
0.6156415194436571 1.487205985718738 
0.6248929169182095 1.4844470713717801 
0.6382078948426277 1.4810870924943815 
0.6481358972981659 1.4793259324948653 
0.6530915062686298 1.4786483354431263 
0.657753665103553 1.4769794607140965 
0.6622764226820651 1.4758886211462536 
0.6670158919136113 1.4729611101037792 
0.6719707644871586 1.47186594372992 
0.6764653773177233 1.469292101426924 
0.6816737944627732 1.467054329036206 
0.6862145657041945 1.4662213761633942 
0.696997651206424 1.4613012119896722 
0.7060333520587079 1.4578552543058447 
0.7102002399099573 1.456562785287025 
0.7151554902422366 1.4550352515133693 
0.7195119865372714 1.4542630457835424 
0.7249424478452218 1.4494077700860206 
0.7355023243969969 1.4487875807672843 
0.739603240145377 1.4447977844136166 
0.7490593869622971 1.43978009986306 
0.7542196767980097 1.4359563717417334 
0.7594994583152714 1.4334703265986537 
0.7698749665659435 1.428186185855338 
0.7743590844265156 1.425792339806581 
0.7792035148852106 1.4221997086135505 
0.7847019270095841 1.4214552180510953 
0.7950839512374952 1.4164383772679554 
0.7998859075329685 1.4135098312098036 
0.8091306780634439 1.4046531663459483 
0.8148919456399205 1.4026200014289247 
0.8187268533477572 1.398435741157847 
0.8241200909734984 1.3967064652939492 
0.838591905388333 1.385506245125294 
0.8438408811643705 1.3833167451364388 
0.8561217984595244 1.3818214691786932 
0.8618752182359346 1.3799194027400583 
0.8703393003225788 1.362930897346263 
0.8788149090264179 1.356949247520984 
0.8838646384852311 1.3545753795532556 
0.8878636614802498 1.3499368634763766 
0.8931895476107283 1.345605981948919 
0.9036106211899438 1.3374419068754306 
0.9081980165857935 1.3343062161367598 
0.9137051677723185 1.3333278616515705 
0.9171957614400275 1.3267371663226224 
0.9264704401120891 1.3189323436785632 
0.9321033983658396 1.3136759242380198 
0.9434418846648385 1.3108484082213172 
0.946561875125472 1.3068507376446663 
0.9527667038604302 1.2959493318810558 
0.9634801079951223 1.2954245469035468 
0.9647865137154839 1.2841104087280728 
0.97083823778623 1.2822958471490762 
0.9750429419398314 1.2768676507297232 
0.9784040733692263 1.2712139646909313 
0.9860863966078889 1.2708622599300146 
0.9903449563687521 1.2666389282432995 
0.9951555286127638 1.2616267704855708 
0.9987150727968013 1.2553431136795894 
1.0033684142744486 1.2510632993250503 
1.0064575179309876 1.2436138023096401 
1.0199768070220054 1.2335865723777748 
1.0213208983657078 1.233019582557823 
1.024521653036191 1.2250710154061841 
1.0287898745801316 1.2209087182368608 
1.0341720371141754 1.2168614503822086 
1.0385719172106116 1.2130106304472559 
1.043454900127728 1.206280191178551 
1.0491854923894959 1.2055698902295577 
1.051390594896215 1.1960382241013685 
1.0560599207653465 1.1933266598831702 
1.0603837004832743 1.186640365478359 
1.0647956956345979 1.1826790225782953 
1.0693577547912576 1.1770593494445938 
1.0728994629915523 1.1726339386082825 
1.0766405111786193 1.1677141491921859 
1.0822806400020355 1.1641527331138888 
1.0853486847825689 1.1574875465666268 
1.0894725939719074 1.152567160759812 
1.0937324535588608 1.14762686849796 
1.0980434257317644 1.1424169709730874 
1.101975590750995 1.1381397456817977 
1.1067384495941939 1.1329461444946323 
1.1104969896972354 1.128016411532767 
1.114091971557953 1.1230928602490367 
1.1187082079223343 1.1179750883632036 
1.122903389049564 1.113239736059807 
1.1265365330961643 1.1075295201586366 
1.1315790525556269 1.1019156700207293 
1.1346716671423307 1.0975619484724106 
1.1389095518671981 1.0956971038829406 
1.1431778037680456 1.0870501242762287 
1.1463725918604046 1.082643770104934 
1.1521712619192512 1.0793131182355817 
1.1573350097537978 1.0755119425514703 
1.158228042844056 1.0669138113571583 
1.1620028549699648 1.0620743258662846 
1.1666130863904096 1.056686965042399 
1.170366896088078 1.05285561731658 
1.173228837739504 1.047063146759217 
1.1771830099159413 1.041971484352339 
1.18496029560341 1.0311052975810442 
1.188389460245241 1.026404271978538 
1.1920576397873226 1.021618985533324 
1.1955505602844316 1.0164612062276053 
1.2002819526921085 1.0119961737130525 
1.2026880387213552 1.006304806978556 
1.206399906895266 1.001095328899705 
1.2103233414834231 0.9960599527547507 
1.213639888608824 0.9907503788631539 
1.2171451188288913 0.9857627574875019 
1.2207870359756336 0.9805406817454118 
1.22579570264105 0.9780024974173095 
1.2274706215444091 0.9715610846830866 
1.2305458209673281 0.9667887517033517 
1.2347862237053508 0.9601101161277581 
1.2382520189659045 0.9557791625621694 
1.2424165441207362 0.9511905182946822 
1.2447518650857465 0.9454710788715467 
1.2479144092490837 0.9406564308462985 
1.2508892365503348 0.93651313676627 
1.2556467392086965 0.9307425124896581 
1.2585054290323372 0.9252639527757699 
1.26208841389816 0.9208071859646272 
1.2654696898806495 0.9156672262473049 
1.2686645803796686 0.9108218858752788 
1.2715807814764557 0.9058748659080266 
1.2744289641591653 0.9004559013386476 
1.2777151420482542 0.8953433869201476 
1.2812062563145357 0.8908400886366542 
1.2859503449103231 0.8868558450559398 
1.287066125932094 0.8806520888771902 
1.2920514462288613 0.8767126943526209 
1.2936116531080746 0.8709449003875399 
1.2978533074993397 0.8666592125173134 
1.305805129913852 0.8512806587921613 
1.3093275680647412 0.8466520862284692 
1.3130731631162762 0.8420725145305674 
1.3151189873958793 0.836671581011285 
1.3207428619168318 0.8332300936640655 
1.3212741089602318 0.8271780363277242 
1.325650545832055 0.8231369744061152 
1.329630744910129 0.8127488331980535 
1.332739179478168 0.8079649326405631 
1.3393229706284 0.7988262440701625 
1.3412450602905701 0.7936779343988299 
1.3431989023286637 0.7895009044950569 
1.3479338669652763 0.7845739840731776 
1.349010468170543 0.7792940440992575 
1.3581516338710942 0.7768526389955014 
1.359407062387001 0.7659431826543792 
1.3621708964657464 0.7611858179380626 
1.3671759515898674 0.7573049373435536 
1.3711281945865121 0.7413153536874089 
1.3734746415279895 0.7378759669301703 
1.379790522125334 0.7339253705995498 
1.3819727110775157 0.7290983697158151 
1.3826478475634532 0.7213846670238198 
1.392436464351039 0.7054844840044063 
1.3947933039102876 0.7012012378830865 
1.400124569470846 0.692043533137382 
1.4028736649658218 0.6879895101262846 
1.4043446350067343 0.6829747906283197 
1.4050569490399947 0.6811157152016527 
1.4138138805613818 0.6650923643332989 
1.419846799302234 0.6608978024086614 
1.421475462399842 0.6568895582019927 
1.4244969293600651 0.6528979479359653 
1.4264788535957953 0.6483091786259145 
1.426646259894855 0.6435130712902181 
1.4292442757610835 0.6393704473097471 
1.4311630180488657 0.6379716036634033 
1.4366109315731386 0.6227731088787714 
1.4429122803851548 0.618538899132048 
1.4476610190531154 0.6093197031090782 
1.448438001113916 0.6006692294812536 
1.4495648933415375 0.5985727225548243 
1.453183945129207 0.5922133510116935 
1.4545695080056533 0.5887970548141414 
1.4570896491138456 0.5840638674116284 
1.4621984426153354 0.575873170770099 
1.463882447836212 0.5717368857254003 
1.4657205034742677 0.5675681190252662 
1.4706347480201685 0.5635327537460183 
1.4744382994638383 0.5513827799163951 
1.4761685719143682 0.547312273577637 
1.4802385187567586 0.543544508376971 
1.4824409441112012 0.5353113439267861 
1.4840521488109961 0.5317489056018028 
1.4882562064368967 0.5274160855707619 
1.4883513423797963 0.5234097938420654 
1.490283670350148 0.5194462216288956 
1.4949859247197406 0.5123961021178159 
1.4985109913209396 0.503881502397641 
1.5000000000997282 0.5000000000997282 
