0.015075350374459645 0.9666349108784124 
0.02240511549622475 0.9506210752005555 
0.029404620563864597 0.9395298499037429 
0.03865265535878423 0.920263999437595 
0.04807058854264877 0.9058020824216845 
0.058427774045289996 0.8900963387948005 
0.06696026230363843 0.877236406965303 
0.07540731950367645 0.8665258819675591 
0.08615618312751964 0.8545860946633019 
0.0954662799467595 0.8461255194212399 
0.10289646619656444 0.8383663983723706 
0.13408795884583366 0.8339211367121577 
0.13601378761724217 0.8317019202710982 
0.147478943429408 0.8190522844952368 
0.15677329562224007 0.8153094756251991 
0.165250129819741 0.8009831926296207 
0.17539375532882256 0.7915882877869116 
0.1930206974308246 0.7827600527265177 
0.19616922060260417 0.7803278476801927 
0.2054342668035137 0.7751026558226352 
0.23062193106554993 0.7649758439885169 
0.24391249475962037 0.7598925511954567 
0.2541372094839603 0.7557526900098748 
0.2665035771183149 0.7512991866159889 
0.2789803333702842 0.747067540968116 
0.29324143881150083 0.7436175482825053 
0.3061006298543432 0.7411684360170887 
0.3237485409568778 0.7336008218421508 
0.3322244588090155 0.733561486653014 
0.34416399226400557 0.7277515644742535 
0.3816766587826339 0.7250279764622887 
0.39262049857718667 0.71345249044244 
0.4000375451178051 0.7085499077777145 
0.4386752194458165 0.6950415934401236 
0.44679018914792773 0.6925357107812452 
0.46085325349209777 0.6871572907257427 
0.48059543911262187 0.6787685342569472 
0.492827667038758 0.6727272778463905 
0.4961938042677801 0.671138415077379 
0.5347757930877937 0.6495669568387924 
0.5362029656321445 0.6492692517274035 
0.5545919391661229 0.6366804524235957 
0.559495432559173 0.6324055593055828 
0.5783735244196516 0.6187491100872254 
0.5908203526690593 0.6057440587381169 
0.6030339832397649 0.5919525080905285 
0.6155604272055324 0.5770376463944321 
0.62904292683782 0.5638843270703796 
0.6366855283433187 0.5461647244735789 
0.6448496482558869 0.5366381481423899 
0.6544939325650289 0.5212191896895524 
0.6618759466278472 0.4993717717753285 
0.6686482515081315 0.4947643765722793 
0.6721818637484569 0.47745698699301153 
0.6814281172260567 0.46559930906609964 
0.6831023679364429 0.46073913682836476 
0.7029501539012204 0.4078137064782301 
0.7048201775682492 0.406123728751254 
0.7110308662839152 0.3915816092515502 
0.7110620751715907 0.39152960185069285 
0.7270297179230824 0.36300602028161233 
0.7331667502211304 0.3533502638114437 
0.7421730985543202 0.34137836156183665 
0.7518097702657306 0.32778888495972675 
0.7625328488677018 0.31823264999159206 
0.7716801791026119 0.3053343455143977 
0.7816839990242237 0.3002642001534652 
0.8024839563215669 0.2784451056121275 
0.8088088649772471 0.27356890758614844 
0.818351932129694 0.26676324909304816 
0.837288005534721 0.2547682307081956 
0.8571011853969766 0.24690994022369422 
0.8729681382954376 0.23663084411693527 
0.874687257802135 0.23616499582683637 
0.9031195075710896 0.22494333385881862 
0.9339015087516092 0.21108310410667308 
0.9412985644714581 0.20825236511575124 
1.003834581449487 0.20197044409158874 
1.0161664518131825 0.18442362041060806 
1.0416683037553234 0.17621875474406842 
1.0762190221670953 0.16509068892684486 
1.1590384893884518 0.13416766625306678 
1.1652278041647783 0.13129039878231225 
1.233252754065147 0.1116066194232523 
1.2418064200218728 0.09618368448500451 
1.2490510511759902 0.0846880389058627 
1.2610760635390192 0.07050137273771483 
1.2788354073323578 0.05614877281569799 
1.288323065204816 0.04362053067690486 
1.2993814362126581 0.029420617555001527 
1.3082524116076517 0.016553701029025234 
1.3166175599987082 0.0040024039283834 
