0.012933222600489683 0.9528949849037768 0.9571853540558936 0.9614343136795659 0.965507020979752 0.9695027369533059 0.972747273574312 0.9764069867688935 0.9798402532720633 0.9829628078361864 0.9861129042142887 0.9999211062733034 0.9919796076160743 0.9947788721475805 0.9991443286353078 
0.019305914028928714 0.9528236804920539 0.9571892924581314 0.9614314811770156 0.9654408163209928 0.969501327191213 0.9727472735810576 0.976406988281143 0.9798402559154432 0.9829719676280216 0.9861240264233789 0.9999158801009895 0.9919775658310305 0.9947868628185118 0.9974164343000264 
0.025337317876463577 0.952829761116532 0.9572640550542408 0.9614250280394426 0.9654467770913051 0.969489632690322 0.9727472735810568 0.9764069885041824 0.9798392598126507 0.9829555727259157 0.9861240264233789 0.9999158801009895 0.9919711403586022 0.9947905014937795 0.9974164550488525 
0.03346757353014271 0.9528255787931244 0.9571939823633092 0.9614313434934559 0.9654467315320889 0.9694321238879673 0.9727472735810576 0.976406988264814 0.979839279986329 0.9829542559336004 0.9861240264233789 0.9997208544806552 0.9919687289964889 0.9947865976227404 0.9974164592171065 
0.04161738873717044 0.9528251996300194 0.9572614359002898 0.9614236534683147 0.9654441115808912 0.9695641101988415 0.9727472735810576 0.9764069882800199 0.9798392723051974 0.982971967627942 0.9861240264233789 0.9997239700482095 0.9919717965899065 0.9947908454137443 0.9974164548650933 
0.05058270508621162 0.9528251428145523 0.9572626079482991 0.961431336766165 0.9654374804795447 0.9695011317257595 0.9727472735810576 0.9764069882685058 0.9798395495847982 0.9829624987649561 0.9861240264233789 0.999725970993058 0.9918704426642867 0.9947866565097978 0.9974164352498562 
0.05797960979258254 0.9528255226627921 0.9571939823633092 0.9614254933670799 0.9654467315416818 0.9694283500579822 0.9727472735810568 0.9764069882566755 0.9798392817771064 0.9829549913463245 0.9861240264233789 0.9997195903805641 0.9919713263139291 0.9947905014956471 0.9974164550568935 
0.06518817730876648 0.9528968798801851 0.9573054194977221 0.9614343450592341 0.9655128833773597 0.9695027369533059 0.972747273574312 0.9764069867688935 0.9798387739458714 0.9829629740624551 0.9861122449141383 0.9997844869823085 0.9919796092382894 0.994779008811786 0.9974170939168417 
0.0742313630867137 0.9528279215129384 0.9572600769813034 0.9614254962574902 0.9654373084524925 0.9718162934945433 0.9727472736059809 0.9764069885070433 0.9798393163372682 0.9829575351010864 0.9861240264233789 0.9997379657392275 0.9918710090761669 0.9947905599994125 0.997395270764425 
0.08189210978896773 0.9529352811586795 0.9588510282720905 0.9614239577298451 0.9654424747895537 0.9694990045960646 0.9727472735742959 0.9764069883588247 0.9798394579028973 0.9829716660318273 0.9861118405898986 0.9997837706501164 0.9919691566413406 0.9947905353269191 0.9995399395585436 
0.08807491643374835 0.9528961484038504 0.9573044275047949 0.961326800196448 0.9654402736400872 0.9695004722033266 0.9727472727976352 0.9764070094885308 0.9798392813112426 0.9829746985619889 0.9861118304791855 0.9999142974116558 0.9919749253750543 0.9947871134615235 0.9995851886365245 
0.11086483448901646 0.9529356748203175 0.9572647619490438 0.9613355442118926 0.9655123288005003 0.9695012954642857 0.9727472050776423 0.9764081464617581 0.9798940929251272 0.9829581305613266 0.9861114582412587 0.9743582362048465 0.992024043244707 0.9948415026386886 0.997331108892413 
0.11245795419707212 0.9529356748203175 0.9572647619490438 0.9613349897809625 0.9655125552658697 0.96950116050785 0.972746538916215 0.9764081815100933 0.9798940929251272 0.9829581305613266 0.9861114473679684 0.974358147337705 0.9919959332038907 0.9948415026386886 0.9974286473215204 
0.12193138627910258 0.9529356748203175 0.9572647623568733 0.9611520610406994 0.9655184378001269 0.9695011260802205 0.9727465590738982 0.976407007762312 0.9798940992389378 0.9829581545038035 0.986111447369641 0.9743582383664298 0.9919954790225444 0.9947927080400606 0.9975244802483845 
0.12882479965493093 0.9529356704354013 0.9572647816042701 0.9611816912134451 0.9655099699333332 0.9694963196489143 0.9727472251586986 0.9764070133762324 0.9798947078470488 0.9829570645553571 0.986111487848302 0.9743581893382917 0.9920202967268394 0.994792792799233 0.9995394344038779 
0.13662801008552258 0.9529312304111518 0.9572647619505116 0.9613355549201247 0.9655125599319032 0.9695012956277396 0.9727472251586986 0.976407009370029 0.9798940851097478 0.982957497431556 0.9861114582954462 0.9743582411880685 0.9920231735728876 0.994786951722068 0.997232848141229 
0.14501778536838722 0.9529356748203175 0.9572647619490438 0.9613349895154404 0.9655125583907884 0.96950116050785 0.9727465403133833 0.9764082133167388 0.9798940929251272 0.9829581305613266 0.9861114473680705 0.9743581483876131 0.9919959332038907 0.9948415026386886 0.9974314790401778 
0.15859361080646356 0.9529312240964979 0.9572647619497126 0.9613327304984127 0.9655129771078805 0.9695008985669186 0.9727472647776166 0.9764070093755838 0.9798940937349068 0.9829744010169553 0.9861114884096558 0.9743559860002273 0.992022298718024 0.99484151106118 0.9995538823549956 
0.16118159665576864 0.9529312240964979 0.957264761950804 0.9613290305057467 0.9655123250894319 0.9695008949193378 0.9727465593976263 0.976407009142398 0.9798940937139081 0.9829743982785505 0.9861114470966652 0.9743559860002273 0.9919806416983015 0.9948411807016927 0.9995538823549956 
0.1685125292882986 0.9529359348580282 0.9572647699290531 0.9613342281157459 0.9655121237823021 0.9694963693692478 0.9727472479429471 0.97640690343168 0.979894093294385 0.9829581233062499 0.9861114476475128 0.9743666010360044 0.9919437332032004 0.9948402189141091 0.9998553749689616 
0.18801095572467608 0.9530401000649703 0.9572645984560035 0.9613349797557424 0.9655129748715227 0.9694970950234915 0.9727472238420891 0.9764077043827635 0.979894007742242 0.9829568642100995 0.9861114875970609 0.9743510907223194 0.9944725220220817 0.9947869524655931 0.9995838338466023 
0.1984708103096937 0.9530230829859317 0.9572604157130172 0.9613273498929767 0.9655136033800547 0.9694964788650612 0.9727086810478415 0.9764018140426755 0.9798982957159965 0.982978408209043 0.9861102388341895 0.9738072235017265 0.9919731299463566 0.9947869035761375 0.9994298949700263 
0.20670783788721037 0.9538926003413577 0.957264901757068 0.9613252820579444 0.9655123342329824 0.9694965260955078 0.9730769037361098 0.9764017254189056 0.9798329061633992 0.982978081080803 0.986123881133895 0.9738113578255411 0.9919733783327342 0.9947862027301824 0.9994313772974504 
0.21672064954137257 0.9538715343497876 0.9572603821392677 0.961327670749334 0.9655132829126617 0.9694971030077895 0.9731273583393131 0.9764018399460136 0.9798356736102085 0.9829573080494907 0.9861102463793631 0.9738064402882919 0.9918429542897576 0.9947875993393036 0.9994533929504197 
0.2269744758899788 0.9530232633512765 0.9572583984096269 0.9613353524704116 0.965512355950096 0.969497110811304 0.9730938036844621 0.9763991233446796 0.9798939424901274 0.9829539476763899 0.9861097665544726 0.973806745204053 0.9920697215147002 0.9948604094806468 0.9994494218343191 
0.23858164507052393 0.953021166156671 0.9572603820921749 0.9613276801146644 0.9655136117771383 0.9694971030077895 0.9727632797524951 0.9764018400884416 0.9798356736102085 0.9829573080494907 0.9861102463793631 0.9738064402882919 0.9919717630779861 0.9947875993393036 0.9994533929504197 
0.2490852491705513 0.953024932826645 0.9572547651921672 0.9613258330443041 0.9655221629699386 0.9694971119199188 0.9727476346831129 0.9764070377781381 0.979895091420231 0.9829783237907114 0.9861106556062571 0.9737989039500488 0.9918485137614881 0.994861570351668 0.9993885525438175 
0.26532094014953916 0.9538704114591042 0.9572583349103213 0.9614581994840115 0.9655110821958809 0.9694971035452304 0.972747280361878 0.9764067216322848 0.9798932977943519 0.983523786730941 0.9861248187494576 0.974194299882854 0.991857869759659 0.9948602864373965 0.9993251111693303 
0.2720600883144522 0.9538704114591042 0.9572583349103213 0.9612141606152024 0.9655124804830455 0.9694971035452304 0.972747280361878 0.9764067216322848 0.9798932977943519 0.9836003118538547 0.9861248187494576 0.974194613846369 0.99184656327246 0.9948602864373965 0.9994466652708921 
0.28384107800364033 0.9530242673211572 0.9572548368851367 0.9614524382229871 0.9654403133244641 0.969497106260024 0.9727123529223947 0.9764070201360416 0.9799060089239132 0.9829695334445113 0.986110485807155 0.9743199804239874 0.9921134881407089 0.9948591261356733 0.9962332655870674 
0.3143206279633886 0.9533698276774807 0.9572549460654526 0.9614381256077619 0.9661776144400976 0.9694971062360724 0.9727168410453914 0.9764664264247526 0.9798962776342958 0.9835602268298244 0.9861106628732534 0.9741943678994254 0.9918466105315668 0.9948602719626503 0.9976818770487146 
0.32189677258457655 0.9533671900969456 0.957254827579131 0.9614457197246421 0.9654273093618628 0.9694971398018298 0.972716488459404 0.976466475829584 0.9798961997137938 0.9835238550571274 0.9861104854274038 0.9741943012199696 0.9918575286307021 0.9947087720069728 0.9993191340354057 
0.3262856311875302 0.9538704114591042 0.9572583349103213 0.9612141606152024 0.9655124804830455 0.9694971032463413 0.972747280361878 0.9764067216322848 0.9798932977943519 0.9848822954476673 0.9861248187494576 0.974194613846369 0.99184656327246 0.9948662750865711 0.9996166922373448 
0.3455413967655565 0.9527234688037615 0.9572943519835895 0.9506696335137902 0.9654389662622237 0.9694971386364273 0.9732671222530974 0.9764070241051013 0.9798962281762119 0.9835474657699005 0.9861248210570901 0.9746135491533736 0.9918568348728818 0.9947154901497309 0.9967606607450213 
0.3493679616148196 0.9520029965147924 0.9572583315691034 0.9504285584649965 0.9655131186848978 0.9694971287817806 0.9727440330767009 0.9764067079231696 0.9799162863619343 0.9829695135069145 0.986124778731274 0.9747836176824417 0.9920616860527175 0.9932945774750785 0.9996663055405316 
0.35616702669962 0.9533645544757968 0.9572535770399951 0.9614405209118895 0.9654326253349438 0.9694964675054983 0.972712973511848 0.9764214020068963 0.9798456843301684 0.9829693846604879 0.9872572542047586 0.9708665350661915 0.9920435327841338 0.9948699373822119 0.9974716693532285 
0.3657580940315257 0.9527768637701244 0.9572580631251755 0.9523513108044019 0.9677643244355345 0.9694970940624675 0.9809027114434903 0.9764070333635956 0.9798415561250076 0.9849765571365144 0.9861248214169973 0.9748823425810923 0.9918503506212666 0.9947981657008398 0.998194976638102 
0.3718434626847881 0.9520252366173848 0.9572946604527968 0.9523513108044019 0.9677643244355345 0.9694971715056141 0.9726613764629951 0.9764070334163031 0.9798416160656475 0.9830583380041135 0.9861248214169828 0.9716799508398036 0.9920586195186664 0.9947976272091567 0.9981471623643484 
0.37349017686405495 0.9520563964690437 0.9572947470305141 0.9523513108044019 0.9677643244355345 0.96949712949265 0.972747272117225 0.976407161164459 0.979696274845553 0.9830657530872577 0.9861363825777508 0.9716799508398036 0.9920410243462442 0.9932814581780826 0.9982538774016302 
0.39313174870565976 0.9528044678511117 0.9572946544429631 0.9613052445871727 0.9658468754825091 0.9695233462489238 0.9822937877177569 0.9764038822732866 0.9798299266553362 0.9829706295678764 0.9872570501353967 0.9716657517294596 0.9920565146565854 0.9932235028845904 0.9974353343072637 
0.39371272832523435 0.9528044678511117 0.9572947469769439 0.9613052445871727 0.9657406159080101 0.9694974714682691 0.9824166134733137 0.9764038516027533 0.9798299266553362 0.9829706295678764 0.9861428333509221 0.9716657517294596 0.9920408071305978 0.9932235028845904 0.9982554848653925 
0.40373739598824065 0.952793665019298 0.9572946606322074 0.9613051364423846 0.9654188808078055 0.9694964643538975 0.9820632327191189 0.9764038821991801 0.980952996826291 0.9829698239085248 0.9872570477091827 0.9708611679941066 0.9920414093065013 0.9947482122864796 0.9974353440532038 
0.4067032686899212 0.9527966518824921 0.9572946521751982 0.9613078967775869 0.9654205580677561 0.9694964641704502 0.9821780073062689 0.9764038822559585 0.9809629001478727 0.9829804804862 0.9872570446003273 0.970861181832089 0.9920414906761652 0.994770942282915 0.9974365747687224 
0.41738533281498713 0.9528070009212792 0.9572947413282192 0.9611509658634053 0.9654388273604664 0.9694966704113338 0.9723278726734238 0.9764070242399869 0.9798025533552885 0.9832509166965175 0.9861247774076182 0.9669613407067027 0.9920349959933871 0.9948375162846738 0.9974652178568885 
0.4258679253574076 0.9528069456198321 0.957294746635692 0.9611509658634053 0.9654393970551003 0.9694963084689232 0.9727376277264778 0.9764040077900137 0.9798025533552885 0.9832611163970055 0.9861247774076182 0.9669613407067027 0.9930959981874298 0.9948375162846738 0.9974642738902683 
0.4347826497703336 0.9527874342447379 0.9572947456192773 0.9611509658634053 0.9656585629026648 0.969496639022099 0.972312250679326 0.9763953895130876 0.9808962338965151 0.9829813218735072 0.9861247774064041 0.9669613407067027 0.9920413971473444 0.9947547733295915 0.9974681634377852 
0.4445430177825128 0.9531981844485398 0.957291430755636 0.9611508915310077 0.9544766584027904 0.971865590901976 0.97230545032563 0.9764039281019216 0.9807232096860647 0.9831184020368149 0.9872574301147121 0.97089235967378 0.9920454604408967 0.9973707422788889 0.9974352598816685 
0.45438866225637575 0.9527730657374772 0.9573445520724735 0.9622998012442017 0.965654978515678 0.9695017563711541 0.9727067714335708 0.976407130993055 0.9808990799533185 0.9832513913048165 0.9861646941387254 0.967082335832617 0.9920455029912635 0.9948890872974175 0.9974505858461515 
0.46450787405321753 0.9531980381237188 0.9572954169546447 0.961308329430547 0.9547512990271358 0.9694963342104288 0.972706574205894 0.9764057083409489 0.980902136110912 0.9829697179907059 0.9856056810878533 0.970603571688709 0.9920467051627198 0.9947897779624085 0.9974491773144158 
0.4717812360898684 0.9528232618228618 0.9573428724641598 0.9614377295779757 0.9555810699822747 0.9695019988455611 0.9727064662417181 0.9764069933742232 0.9808964556698988 0.9831196295643194 0.9871442500230956 0.9704068505200428 0.991977870564685 0.9948060680368204 0.997436003742189 
0.48284677209051563 0.952774300030034 0.957351190467751 0.9613126826862589 0.9656625620358094 0.969432655746572 0.9726990393342141 0.9764051004838072 0.9808958956032743 0.9829824566846562 0.9860961528936711 0.9706575087901572 0.9919943223903454 0.9881668482296274 0.9974362248468924 
0.4974734047787341 0.953196609784653 0.9573487235981645 0.962299530743906 0.9652755704574136 0.9695018173366167 0.9727063809217859 0.9764056574696264 0.9808993302605443 0.9831173952794326 0.9861521188666911 0.9693463547790683 0.9920466256411155 0.994889087224358 0.9974501797843608 
0.5030805270642614 0.9531962109664617 0.9573481376387712 0.9612667941947449 0.9654328317325529 0.9694961199628456 0.9727063792284982 0.9764140896279586 0.980845793336891 0.983062436456196 0.9861624667889405 0.9693767408831424 0.9920462456017298 0.9947953495048326 0.9974417890812456 
0.5155955556612279 0.9531346734073852 0.9572937019869154 0.9613126826862589 0.9654368129445511 0.9694969378000067 0.972736537286426 0.9764048961815968 0.9808650616840465 0.9830621102963811 0.9861682161582096 0.9710421130042435 0.9919943223903454 0.9970458076847549 0.9953830082892323 
0.5285927766730605 0.9531346734073852 0.9573512457473193 0.9613126826862589 0.9654324656400686 0.9694969378000067 0.9727069535900746 0.9764048961815968 0.9808650616840465 0.9830621325293096 0.9861352591162645 0.9710421130042435 0.9919943223903454 0.9948106986954386 0.9974502037488162 
0.5332201191236118 0.9531354406205276 0.9572945462270898 0.9612859294270617 0.9654327604086591 0.9694964373362561 0.9727129070581148 0.9764422355215152 0.9798099322589829 0.983062447587337 0.9861892534847709 0.9713256294135164 0.9919704829931337 0.9948055225347733 0.9974421811234732 
0.6033737124877332 0.9531424717088612 0.957282451972455 0.962288394046873 0.9654327604086591 0.9694970554012097 0.9727128663307815 0.9764057131157383 0.9808756375232838 0.9830647666286142 0.9872488325317447 0.999948349528468 0.9919953455659923 0.9944847568299837 0.99744217522754 
0.6074164809778424 0.9531346738950267 0.9572945462270898 0.9612859294270617 0.9654327585169467 0.9694962362870331 0.9727470189405685 0.9764429117084866 0.9798099322589829 0.9829607948370547 0.9861227238289403 0.9999072143733294 0.9919700046981592 0.994790390194474 0.9974166963342367 
0.6276904758531701 0.9531837384212551 0.9589981889100182 0.9622898725940513 0.9654326045327161 0.969496178476579 0.9727128142275127 0.976442559068229 0.9808430776605956 0.9829644343249794 0.9872500087365462 0.9781103953504323 0.9919780224997643 0.9944690569614852 0.9974421770983496 
0.6277188256509777 0.9531837384212551 0.9589974412513309 0.96228999573288 0.9654326045327161 0.969496178476579 0.9727128141094884 0.9764425590678472 0.9808430776605956 0.9829644343221888 0.9872500087365462 0.9781103944409765 0.9919780224997643 0.9944690569614852 0.9974421866154168 
0.6430729272332064 0.9529698133037403 0.9572943472563085 0.9622558326571043 0.9654326085481649 0.9694961871124912 0.9727128136722791 0.9764432295277826 0.9807352651803888 0.9829644176254291 0.9872500087371747 0.9781088363598959 0.9919881623320747 0.9948025737568552 0.9974419653348635 
0.6484662955722348 0.9529694081141132 0.9572823708016367 0.962288404529152 0.9654326085481649 0.9694962102580514 0.9727128684982289 0.9764039389540538 0.980698996064473 0.9829644445150951 0.9872500896692119 0.9781088363598959 0.9920775612122695 0.9944659009592408 0.9974421785551773 
0.6554712751057805 0.9529719446843442 0.959062771370385 0.9622892541504983 0.9654326073112821 0.9694961789637405 0.9727128140965114 0.9764432295322552 0.9806963126324334 0.9829643926743791 0.9872500045677491 0.9781200458171915 0.9919881564349342 0.9947973715966475 0.997442417518938 
0.6633576054831404 0.953183741816574 0.9590629735480676 0.9622654605440804 0.965432603750273 0.9694962108401627 0.9727128141079093 0.9764425591522865 0.9808689302294972 0.9829644343979637 0.9872500087365462 0.9781103228278464 0.9924313688847909 0.9944170940080985 0.997442417518938 
0.6696988515059777 0.9529599272322418 0.9572861994477694 0.9622567882952583 0.9654326046663211 0.9694961871502549 0.9727113858867168 0.9764425708587741 0.9807361718237148 0.9829644175974551 0.9872507586809761 0.9777177575578574 0.9919881720862506 0.9945080407684193 0.9974419685109188 
0.6773098838811478 0.9531830637734244 0.9572945518614234 0.9622898725940754 0.965432527725309 0.9694961794263492 0.972712814099624 0.9769551489441158 0.9808467712114484 0.9829643925139908 0.9872508547696972 0.9777128407650856 0.9919727090379474 0.9945069793774999 0.9974477417715966 
0.6814909709648902 0.9531836906634542 0.9590629652022981 0.962265487141497 0.965432969232732 0.9694962108352545 0.9727437760307801 0.9764432839805234 0.9808635108792845 0.982958078356864 0.987089263074728 0.9992529702179047 0.9919726380716873 0.9944172697149518 0.9974429073514789 
0.6956170391459789 0.9531841496729974 0.959063864043979 0.962856420322099 0.9682354370312396 0.9694962108352364 0.9727457259073576 0.9764432839805234 0.9808634369354914 0.9829581108752973 0.987089263074728 0.9992529702179047 0.9919724743492764 0.994439214755117 0.997559930302756 
0.6991143260936616 0.9531946284007358 0.9590651809844258 0.9628496945152133 0.9654723756347391 0.9694962175750557 0.9727456629210232 0.9763960853130594 0.979892702101794 0.9829644353493695 0.9872163168622241 0.9992529702179047 0.9920390080685036 0.9972658106405045 0.9975545211262649 
0.7041472921477753 0.9532006665764723 0.9633039686550614 0.962895220652706 0.9654325286181312 0.9694962008020519 0.9727128140996328 0.976947792088538 0.9806934572665652 0.982964440168992 0.9872494401348573 0.9790927535945481 0.9919781976207973 0.9988700380231944 0.9974516599871961 
0.7134671835295767 0.9531941864611059 0.9593071456758906 0.9614152051294645 0.9653180942424674 0.9694964574562099 0.9727468021619847 0.9769549121612164 0.9799175824065695 0.9831140461059976 0.9846047903607602 0.9998346489471523 0.9919782446220837 0.997240458699152 0.9975507266646312 
0.7208248658311953 0.9531945369670541 0.9572089857915179 0.9614830958741862 0.9725249926166507 0.969496477528421 0.9727376711713634 0.9769554491025338 0.9806862040680193 0.9829724282818839 0.9846743611102271 0.9994282637936619 0.9919791205873295 0.994883031279103 0.9975480143765377 
0.7289857035634764 0.9531945369670541 0.9572089857915179 0.9622994760048416 0.9725249926166507 0.969496472717437 0.9727376711713634 0.9769551614967209 0.9806862040680193 0.9829724282818839 0.9846901202223042 0.9997147944780155 0.9919782144643806 0.994883031279103 0.9975542750486472 
0.7295134621513093 0.9531945369670541 0.9572914425845683 0.9622789119400269 0.9723457241554251 0.9694964729000406 0.9727121781173552 0.9769549359650067 0.9806862051583151 0.9830882041986505 0.9846901202223042 0.9995063447634984 0.9919791275281405 0.9971886997572487 0.9975470308643638 
0.7403397993876785 0.9531987638142053 0.9572913681034564 0.9613568919200369 0.9723267019069961 0.9694965660082311 0.9727128670437833 0.9764311495456989 0.9798685872554512 0.9829728121920911 0.9847263333895115 0.9998035618894319 0.9950625650688039 0.9972248453312901 0.9975532335490488 
0.7534877142624289 0.9532033772532449 0.9572933290467915 0.9628298392705256 0.9653442684904461 0.9694887956618474 0.9727376643917376 0.9845184938887542 0.9795843048794137 0.9829721886051644 0.9872946184692566 0.9999985123552687 0.9921009790266507 0.9949773102354262 0.995344706588525 
0.7564146910463859 0.9534657025018702 0.9572945762884753 0.9628168578963414 0.965429176395081 0.9694964668771511 0.9727129758544683 0.9843759467736262 0.9806854348575523 0.9829665209554256 0.9872842507049818 0.9998964768706207 0.9919846175181877 0.9971814145189364 0.9953197402542062 
0.7696231459114615 0.9532033772532449 0.9572933641163679 0.9628370434404138 0.9722963463901017 0.965490753366282 0.9727386354323098 0.9858527937505913 0.9795843048794137 0.9830886488799433 0.9848083046676944 0.9999985123552687 0.9921011568037984 0.9949773102354262 0.9975656330705984 
0.7845671474531303 0.9534656548483034 0.9572871266503761 0.9614407721419066 0.9654321787171717 0.9697460563922488 0.9727953869600517 0.9764198940593833 0.9796699651690358 0.9829693430628295 0.988008669208836 0.970990441602465 0.9921017747986637 0.9950169628818656 0.9965815222096785 
0.7953186923651325 0.9534677203386454 0.9572091208125606 0.9614257384322027 0.9654323245640307 0.9694724474868978 0.9727391585657311 0.9762080158727202 0.9806864604652568 0.9829693673325152 0.9888385881316689 0.9705717805097951 0.9919764791249088 0.994874433258943 0.9972969946802247 
0.811482724049683 0.9532060180086062 0.9572060719927841 0.9614257384322027 0.9654323245640307 0.9694724474868978 0.9727127172877175 0.9813603581306002 0.9806864604652568 0.9829693415590873 0.9872842507049818 0.9705717805097951 0.9919763296038878 0.994869966853764 0.9972917986855412 
0.8817693644666285 0.9529677730532208 0.9572625227515237 0.9614342626242578 0.9654278833410542 0.9694964668771511 0.974354804969747 0.976408403483498 0.9806811765140431 0.9829687504525025 0.9872842507049818 0.9705675506489054 0.9921048661912107 0.9973654646685889 0.9972452344234914 
0.8950392527978632 0.9526083219292183 0.9572058182948242 0.9614160086124318 0.9654325947296275 0.9694964668771511 0.972712976072785 0.9764152159661392 0.9806799726126281 0.9829693745856951 0.9872842507049818 0.9705680019945211 0.9919844848896827 0.9948751409028302 0.9974933842383593 
0.9464500473649665 0.9531962805692651 0.9572048404815175 0.9614258260021603 0.9654326023429489 0.9693487411445547 0.972712822526246 0.976415231104625 0.980680266615662 0.9829692670251219 0.9872842507049818 0.9705211636545337 0.9919767222371053 0.9948709213510586 0.9972988115629278 
0.9538198119343949 0.9532093933224842 0.9572060698710074 0.9614245562972514 0.9654322989054931 0.9694685269620309 0.9727375303060326 0.9764152113279833 0.9806799641159216 0.9829692383808812 0.9872842507049818 0.9705695933069018 0.9919877203396301 0.9949386242398144 0.9972917986855412 
0.9593756592117366 0.9532094656277393 0.9572623816886967 0.9614159402732554 0.9654322999093778 0.9694769100381936 0.9727375303060326 0.9764212287383323 0.9806804903305513 0.9829693805167659 0.9872842507049818 0.9705675502124211 0.9919877242814787 0.9948707139809011 0.9972919877399217 
0.9663603798874169 0.9534695054742034 0.9589083161391847 0.9614133082640445 0.9654326023667942 0.9694884404696116 0.9727128225352555 0.9764152315963764 0.9806883962574628 0.9829692366289545 0.9872842507049818 0.9705212053132023 0.9921069617781849 0.9949411710392536 0.9972988383175747 
0.9735829198817055 0.9532094656277393 0.9572060692318036 0.9614159402732554 0.9654323695934097 0.9694769100381936 0.9727375303060326 0.9764150311321507 0.9808674634099015 0.9829693987946894 0.9872839886013384 0.9705696162962772 0.9919877452457051 0.9974240086156704 0.9972918167172897 
0.9797884907315416 0.9534656803428188 0.9589501807055478 0.9614258225257709 0.9654291763943632 0.9694964668771511 0.9727129754726815 0.976421184504085 0.9806885400911706 0.9829692400887867 0.9872842507049818 0.9705684599710044 0.9921042021073841 0.9973856269187908 0.9976516391104797 
0.9869116740190401 0.9531866487895425 0.9588590372648986 0.961334209352399 0.9654423954657005 0.9694964668771511 0.972712957763232 0.976421184504099 0.9806835575107907 0.9829694889681408 0.9872837409626942 0.9705684599710044 0.9921154990054766 0.9973856269178 0.9962210837905411 
0.9934549242162738 0.9531896880811448 0.9590260858989681 0.9614258225263823 0.9654292022147313 0.9694678169550117 0.9727376089039237 0.9789618138237012 0.9806884559149552 0.9829692400888964 0.9872842507049818 0.9705684599710044 0.9919790097588163 0.9948531398759282 0.9994362522502896 
0.9999568480285428 0.9534656787701181 0.9588519687681205 0.9613312454441828 0.9654420807857335 0.9694964668771511 0.9727128287395282 0.9764068794868316 0.9806840987009704 0.9829694934631572 0.9872837372053587 0.9705684599710044 0.9921152875313123 0.9973856272421022 0.9962448027816658 
