0.0021198868277727758 1.2998807152574396 
0.0027401878723837332 1.2992013965429823 
0.03960801142389444 1.287558174229117 
0.12955135528960246 0.9927354136570645 
0.12956655809895692 0.9927186179861707 
0.13558652403138666 0.988241572814477 
0.2355551176513253 0.9674043402910733 
0.23711436132540253 0.964284067706247 
0.2387133108774977 0.9642733227175618 
0.248465874925639 0.9605400852673823 
0.30604309602950486 0.9409398273012741 
0.3536147483993552 0.9214772099295108 
0.3982280619115589 0.9010852703095723 
0.41532034463292655 0.8921669931382981 
0.44995343251063097 0.8841308173020409 
0.4504456004683785 0.8830914919694014 
0.4870160351110171 0.8627271147394305 
0.4870268909117499 0.8627142700879632 
0.5305980918000255 0.8212337662896058 
0.5441523587620081 0.8122866173094705 
0.579853893565945 0.7890532409410037 
0.6160214557648154 0.7503484746630873 
0.6450911183767805 0.7286093286265074 
0.6564522400587735 0.6728071491720581 
0.6811677585145682 0.6404621497789458 
1.307703481576156 0.008251079611798905 
0.7303664565220683 0.5872001593120257 
0.7318595506333725 0.586228435896757 
0.7552473525388529 0.5199754983180304 
0.7771465296396167 0.48805546289673457 
0.7802523239564593 0.4873452102583405 
0.8021717347951965 0.4191453107509433 
0.8402415742853309 0.3765425668598523 
0.8540251636541831 0.3201257588448049 
0.8764274522302398 0.29450641600018496 
0.9113341430379349 0.1973711256428756 
0.9181985214029821 0.18783422407015496 
0.9320705800943077 0.17849889242047742 
1.1890485329613028 0.09536620025836424 
1.2007918254259689 0.09417559604749912 
1.2050225210887584 0.09403317501765264 
1.2321153454076168 0.039123594737591465 
