0.0015966080217275115 0.9526075667743306 0.9571396213939718 0.9621440107112029 0.9653395809479602 0.9693097275329572 0.9729324158059848 0.9813609804467086 0.9796074585583745 0.9832376377224312 0.9666441855478176 0.9890393884396759 0.9919641425813781 0.9947227528471809 0.9974679334188646 
0.0020575954019597803 0.9526075664226085 0.9571396299227469 0.9623028364387177 0.9653396379550375 0.9693097280224627 0.9729323209838122 0.9813783327682172 0.9796066601653952 0.9831088691520536 0.966905977270682 0.9890393895190462 0.9919668252657396 0.9947227368658814 0.9998405019771536 
0.027222370943706154 0.9526075664361227 0.957139223469128 0.9623037383748495 0.9653396379550375 0.9693096635375903 0.9729342131883079 0.9813681580002085 0.9796066544944511 0.9709927113666738 0.9669106525202754 0.9890393905012185 0.9919668261731167 0.9947227239770106 0.9988227000185441 
0.09809544449666484 0.9526075669695149 0.9571392234866103 0.9622679875132134 0.9653370189166549 0.9693105189690682 0.9729341145949175 0.9813679843986076 0.9795957645458524 0.9831422623148438 0.9669597577557291 0.9890394070014586 0.9919673938918889 0.9947227251871213 0.9974678142259591 
0.09810643690233857 0.9526075664385913 0.9571392278141797 0.9622701914076011 0.965339645718998 0.9693105189690682 0.9729341643584347 0.9813683564958309 0.9795917636656504 0.9831422623148438 0.9669597571313389 0.9890394070730544 0.9919668707257774 0.9947227235766641 0.9974678142231542 
0.10226956343737448 0.9526074451438671 0.9571393717116572 0.9643162646492002 0.9653722416060158 0.9693054158577843 0.9729341160878376 0.9813679898849096 0.9797677839207029 0.9829897095974603 0.9669561565252615 0.9890394066743496 0.9919674171548452 0.9947228608636032 0.997467812577074 
0.16184436462821525 0.9526074451438671 0.9571394273096165 0.9643162646492002 0.9653721878340616 0.9702428578481491 0.9758241321689876 0.9813679898849096 0.979767783568857 0.971451685368074 0.9669561565252615 0.9890410453128154 0.9920335573429463 0.9947228608636032 0.997467371374015 
0.16306905635467744 0.9533345607728521 0.9571454160607349 0.9648453258146734 0.9653706923763601 0.9702349543914889 0.9729341841025675 0.9813995239838189 0.9797677597461746 0.9711937532364625 0.967014084635375 0.9890410045912925 0.9920326304679689 0.9947406616330295 0.9974673776417742 
0.1639121209235856 0.9533345607728521 0.9571390739641819 0.9643315737169341 0.9653706923763601 0.9692921623710155 0.9729341149671874 0.981399113198966 0.9797676337699215 0.9711937532364625 0.9670137334526533 0.9870388121789612 0.9919642243501 0.9947230380850988 0.9976631528765691 
0.16949699623552406 0.9533345607728521 0.9571451706129432 0.9648453258146734 0.9653739243067461 0.9692656329020163 0.9729316961814888 0.9817041413997996 0.9797646028242694 0.9711937532364625 0.9666055439772518 0.9890410045650935 0.9920327938189909 0.994740663468335 0.9974672297496043 
0.20103485088852616 0.9526691154411876 0.9572589631038685 0.9614058582500654 0.9727379410338649 0.9692657654639697 0.9729486316099281 0.9764445177423312 0.9797674480821709 0.9830162124453956 0.9698467496879285 0.9890562602988967 0.9760762426280988 0.9947249083548413 0.9974537989218296 
0.22637155103820125 0.9526677243625471 0.957232604924659 0.9604550694582189 0.9653925947898121 0.969247461146201 0.9729490806560332 0.9764398407250503 0.9797674127420095 0.9830147100323452 0.966257027693989 0.9895126867354224 0.97614792986991 0.9947248975245288 0.9974557044222474 
0.2497099233922958 0.9526566694642264 0.9477689312862477 0.9769096633905721 0.9652091060012135 0.968573025504929 0.9723042377004067 0.9764399047069975 0.9798493941386232 0.9830147103628516 0.9664139186768909 0.9894639248892512 0.984623165127652 0.994724889155144 0.9974155902388422 
0.2586918632727439 0.9526677243625471 0.94807285441882 0.9604550694582189 0.9653925947898121 0.9692389597883427 0.9729608774211022 0.9764399044600224 0.979768986298346 0.9830147100323452 0.9662634821007045 0.9895126867354224 0.97614792986991 0.9947248975245288 0.9974535935517225 
0.27457905437438124 0.9526660449676656 0.9479097844539456 0.9544068448017596 0.9653992122921488 0.9692114042479912 0.9728124185083501 0.9764411296878429 0.9797686033519322 0.9830149392954668 0.9661425176968198 0.989512476779936 0.9761449818596228 0.994724898211288 0.9974535961806685 
0.27499135744727016 0.9526660704604588 0.9479083895904908 0.9544814500453409 0.9653992122921488 0.9692114042479912 0.9728124185083501 0.9763903861238551 0.9797686033519322 0.9830149392954668 0.9661465942394231 0.9895124714739013 0.9761449818596228 0.994724898211288 0.9974533720123983 
0.29379984018635014 0.9526120694360051 0.9573659720027244 0.9546777800214271 0.9712478473881273 0.9693392212075392 0.9729252506527355 0.9780585645816656 0.9798479028121038 0.9830063449671624 0.9644811027358215 0.9888246020113681 0.9761469219522482 0.9947257757215335 0.9974484766815204 
0.2938068745060946 0.9526120694360051 0.9573659720027244 0.9546777800214271 0.9712314392080187 0.9693391949319693 0.973344901788937 0.9780585645816656 0.9798478805971259 0.9830042279282291 0.9644811027358215 0.9888246020113681 0.9761469219522482 0.9947266367539871 0.9974484766815204 
0.3199814693264261 0.9526120694360051 0.9573659720027244 0.9546778174529215 0.9712478473881273 0.9693392212075392 0.9729166414638777 0.9780585645816656 0.9798479028121038 0.9830288238968156 0.9644805626493649 0.9888246020113681 0.9761337674088434 0.9948303809683923 0.9977603501808842 
0.32720839950309427 0.9526120814227568 0.9573659720027244 0.9546778155958694 0.9679958167210363 0.9693410332092356 0.9733624064469385 0.977948495389842 0.9798483554081956 0.9830505444901106 0.9644800538376525 0.9888239891231566 0.9761481219575522 0.9988507170632919 0.9974484770756626 
0.3460801205480978 0.9495787673755091 0.9571702110483774 0.9688539863477328 0.9553931545587832 0.9693399347505852 0.9725916154972049 0.9764912972380111 0.9798438568038619 0.9854977449018528 0.9664397660874954 0.9889294722430507 0.9759839278621079 0.9947448954701587 0.997416950317172 
0.36934253427851216 0.9526448467736083 0.9571700542691468 0.9688539863477328 0.9556715876462352 0.9693397712738776 0.9732729762489409 0.9764345287238377 0.9799005293156551 0.9854965888467698 0.9664080250254665 0.9888236658630719 0.9759839446973637 0.994744895471245 0.9974169273343103 
0.38557692082049855 0.9495787673755091 0.9571702141892271 0.9688539863477328 0.9556715876462352 0.9693399353030733 0.9732348154150228 0.9764292369381303 0.9798438646162237 0.9854965888467698 0.9664075110816392 0.9889294436011168 0.9759839446973637 0.9947448954701587 0.9974169283454482 
0.4068629423507967 0.9526903546230803 0.9571915934211309 0.9690895639441962 0.9697781629858101 0.9693671516429612 0.9732944064928517 0.9764345726812598 0.97990064097298 0.9864678664862169 0.9671890482906877 0.9888237385838823 0.9759843533593315 0.9947448946467614 0.9974159457252852 
0.4260869276643503 0.952728681173658 0.957018816849422 0.9611398359753421 0.9561912228335009 0.9693449012100863 0.9728457218715125 0.9765261710815849 0.9798759015818046 0.9830167095194565 0.9671736333024566 0.9888304653023927 0.9759940892999328 0.9948179043197947 0.9976953342809325 
0.9896148929829991 0.9525242955377436 0.9571566579010385 0.9618708457486594 0.965320793334026 0.9693108005459182 0.9729324616151656 0.9814276523730995 0.9797742943262872 0.9830252670431596 0.9953078727925908 0.9895613196487925 0.9787267121745142 0.9947455122838732 0.9975359978953214 
0.4616091091867071 0.9527533175285978 0.9564435646001656 0.9689116325427294 0.9653260144978667 0.9780193347654375 0.9729891904365228 0.9582229018076767 0.9798331196788143 0.9851899739721212 0.99655655960242 0.9887364029268351 0.9845454957084236 0.9998150330609175 0.9974512871996115 
0.46245579547590226 0.9527533175285978 0.9564435646001656 0.9689082623541486 0.9653260144978667 0.9780193347654375 0.9729876162524896 0.9582037762312108 0.9798351740428654 0.9851899739137561 0.99655655960242 0.9887364029268351 0.9845454957084236 0.9998150330609175 0.9974512871996115 
0.497302033534128 0.9647609875098392 0.9570246135026832 0.96145779046798 0.9656698628744972 0.973255825340874 0.986587101087306 0.9814563460497246 0.9798300584853292 0.9836357644189392 0.9966103827728426 0.9889986266862837 0.9841318317638749 0.9947119749069645 0.998967789955653 
0.5185590047776489 0.9540633571031588 0.9573666960986772 0.9614284765864723 0.9654865076905946 0.9732508027395644 0.974352948733477 0.9799635490337355 0.9798491250044291 0.9836512127390569 0.9655445570411665 0.9892865515240146 0.9807113856804347 0.9947119749069645 0.9974585554959331 
0.5198180771470613 0.9527507315463793 0.9570246135026832 0.9592771713406206 0.9654865076905946 0.9732527561484225 0.974352948733477 0.979985857986705 0.9798832010183552 0.9836179601332855 0.9655445570411665 0.9892664380494036 0.9807113856804347 0.9947119749069645 0.997459468111749 
0.5609514922672822 0.9428412463306629 0.9565121501568639 0.9614707524351894 0.9710872287851734 0.9693651662153503 0.9744266875212924 0.9814010883701029 0.9814783688173264 0.9832113620297414 0.9857085081848808 0.9890248602020955 0.9772300157846393 0.9854768219670561 0.99745426636021 
0.5958625804130031 0.9525077097329482 0.9570592261710599 0.959033732653074 0.9712434669703157 0.9693651662153503 0.9744376726389438 0.97685570798341 0.9798804922509364 0.9856141123931693 0.9865299898174814 0.9890259631275489 0.9756654513356143 0.9854016236459089 0.9974596595569643 
0.6354426186541076 0.9426718341035394 0.9657575101203288 0.9587941486329493 0.9720539276430825 0.9687602291719605 0.9729099314517342 0.9813195836726353 0.9815369645779989 0.9832070464450807 0.9730928474382715 0.9892343228750246 0.9875847451971645 0.994000617871748 0.9974475585643442 
0.6589288460825686 0.9525929929234834 0.9654499598388414 0.9590401595607947 0.9712238415990251 0.9687602722681055 0.9729328944089547 0.9781730887830985 0.9799458963530918 0.9840448863554649 0.9865302170169766 0.9890242788399632 0.9760174392335642 0.9951117209888795 0.9974481140759089 
0.7456242782136943 0.9526068627963769 0.9571564656963499 0.9618743245740615 0.9720298093087285 0.9694513623870599 0.9729362758288647 0.9761374869502653 0.9797898841588318 0.9830153256690732 0.9724793953484517 0.989573232134137 0.9952457104022507 0.9947734778781374 0.9974588793689715 
0.7558258137384196 0.9526068627963769 0.9571564656963499 0.9618743245740615 0.9720298093087285 0.9694540457250022 0.9729362758288647 0.9764340010693285 0.9800220148660763 0.983015264922249 0.9727204884222733 0.9895732354557069 0.9949960415180417 0.9947734778781374 0.9974588793689715 
0.7672963661547626 0.9526068627963769 0.9571564657078949 0.9618743245740615 0.9720298093087285 0.9693098829920861 0.9729362758288647 0.9764541687469147 0.9798724023132153 0.9830203220234355 0.9727204884222733 0.9895732354557069 0.9949960415180417 0.994705366864992 0.9974588801555977 
0.884575106246614 0.9540633571031588 0.9573666960986772 0.9618748215024345 0.9654865076905946 0.9732508027395644 0.974352948733477 0.9799641061091605 0.9798491250044291 0.9836512127390569 0.9724309822356391 0.9892865515240146 0.9807113856804347 0.9947017236708184 0.9974588186818972 
0.8867930063943092 0.9524902135376746 0.9571564750472953 0.9618798823279029 0.9645989281547832 0.9692634349053021 0.9729362756471646 0.9764554516671443 0.9798672534731951 0.9831564909211211 0.9724780017852793 0.9895618724233285 0.9790044357423813 0.9947047472194063 0.9974588151482963 
0.8872862754838277 0.9524955222772589 0.9571564750492961 0.9621419878542034 0.9690718133445599 0.9693098829920861 0.9729362758357565 0.9764337563384 0.9800204824698753 0.9830203220234355 0.9727354713254002 0.9895621618046965 0.9790045575423034 0.9947015652279112 0.9974588828127879 
0.9502199527912922 0.9525266576413686 0.9571564753753616 0.9618816599621027 0.9645989281547832 0.9693108014243945 0.9728736321816006 0.9764940176102498 0.9797750079748772 0.9830304266358899 0.9953078727925908 0.9895613196487925 0.9787372972091446 0.9947455122838732 0.9975359978953214 
