0.46382551727651766 0.787492627729814 
0.46406803111438066 0.7872074728461071 
0.46435501422827535 0.7863475962348632 
0.4645693506429538 0.7861806464261412 
0.46492589074502993 0.7858568610022478 
0.4655684565651229 0.7846856828931087 
0.46611044105359745 0.7838700341825551 
0.4665178232243834 0.7834272108420461 
0.4677126584998042 0.78219800022709 
0.4678091949731429 0.7819527003286956 
0.46842828945839543 0.7815796907457666 
0.4689387338601482 0.7811233160913021 
0.46927624923711747 0.7807565053337321 
0.46988562632290953 0.7798400619001323 
0.4703465200108268 0.7794638767002474 
0.4708852701765685 0.779084384135952 
0.4714796865982637 0.7785758321277592 
0.4725274822584844 0.7772016412327464 
0.47334817632070564 0.7765406817467124 
0.473753458442151 0.7764885607156657 
0.47395411324628994 0.7763039816656473 
0.47420888882402357 0.7755154820149686 
0.47445329137156633 0.7753396449537971 
0.47543548156138116 0.7746622434473465 
0.47563283198893025 0.7741886229116955 
0.4765186123131621 0.7733343615337043 
0.47674290892865023 0.7732735839058904 
0.4772072338505907 0.7727925925608783 
0.4780685570167193 0.7719672942510207 
0.47905648517126614 0.7714899091167982 
0.48015832278223564 0.7701463343686819 
0.48094859632032233 0.7694829184528036 
0.4817911978641288 0.7687371777993792 
0.4827685751068878 0.7681109355431905 
0.4842760083391102 0.7664812132367916 
0.4852617491609525 0.7655265154854402 
0.4857481431696259 0.7653666098914464 
0.4860631606679095 0.7650443492999813 
0.4863997185485841 0.7640491080177007 
0.4867501058878202 0.7640143817646196 
0.48742079068964206 0.7635829062940959 
0.48800003069689374 0.7625508964363653 
0.4881187573924842 0.7624087758114689 
0.48879938898325775 0.7620554188687645 
0.4892886727792127 0.7610865862209714 
0.4894790553801647 0.7607852966211566 
0.49018332124606073 0.7607295617949551 
0.49092136428868777 0.759901180085619 
0.49115239252770326 0.7597349187749715 
0.4913911224382421 0.7590387103404859 
0.4917433339489627 0.7589177217958478 
0.4929256589295026 0.7578510497767953 
0.4950112153840591 0.7562664446464294 
0.49529462607939445 0.7562328897441555 
0.495827161941877 0.755873348742895 
0.49631324092986046 0.7552259289861845 
0.4966001134666276 0.7548565209302187 
0.4968512232764629 0.7548335906140281 
0.4969419001333704 0.7540481901453907 
0.497037091287237 0.7539900284635611 
0.49755028049400085 0.7531500936089904 
0.4975716744606681 0.753094758167813 
0.4978507273871304 0.7529851511672458 
0.49823543799864844 0.7523704266625636 
0.498958535635683 0.7517571519204129 
0.4989843987877341 0.751698522183871 
0.49943006917317745 0.7511672106021071 
0.4994645497276602 0.7508454957549408 
0.49984539389067023 0.7504596275591625 
0.5004084930331518 0.7501853386675735 
0.5008791908204095 0.7496674418271715 
0.5009043120678581 0.749501779792283 
0.5015909494625838 0.7490214074000662 
0.502444284048342 0.7482687697474742 
0.5033401766498992 0.7475610805708824 
0.5033771046398661 0.7474017002230784 
0.5038071906127434 0.7470311178934639 
0.5043863500338425 0.7470246868072378 
0.5044266825834028 0.7469167582005317 
0.5047344883634399 0.7462404378563864 
0.5053101180362034 0.7458392752303176 
0.5057678451645958 0.7451474800251076 
0.5058030885457487 0.7451337778228604 
0.5062308989199579 0.7444996031723159 
0.5070126785488672 0.7441332930555934 
0.5074770136252832 0.7433299047359289 
0.50755190144721 0.742995412550137 
0.5076348641075697 0.7428438317272341 
0.5082100668866606 0.7422187660454533 
0.5083006065637944 0.7421221306189919 
0.5088015087391126 0.7415647359059738 
0.5088896050599074 0.7414994478179385 
0.509574224866796 0.740960965910712 
0.5096772068954504 0.7408385746378517 
0.5098878375281544 0.7405448432508771 
0.5099193090659381 0.74051302950541 
0.5106882788896004 0.7397032348689897 
0.5107087875133001 0.7396388367037858 
0.5112351645857061 0.73931770365912 
0.5112996014541225 0.7391149011032392 
0.5115046635886276 0.7388588652361165 
0.5122907288863819 0.7386458990499912 
0.5126308110987817 0.7381328889927729 
0.5133823014187752 0.7378797075259858 
0.5137971064872191 0.7374108276506199 
0.5140939621114325 0.736755991982223 
0.5148762872247394 0.736397537218839 
0.5148826702796191 0.7361161875401107 
0.5160834963615255 0.7355574027901538 
0.5167534835674676 0.7348626691842863 
0.5171757392738151 0.7342099071018121 
0.5175743018261272 0.7330904481080027 
0.5193572636743276 0.7318954475769684 
0.5195564271879696 0.73086522481407 
0.5197572825021848 0.7305247483404583 
0.5204758377272 0.7297007233468694 
0.5216933140376475 0.7287980682825776 
0.5221659893218201 0.7280605353671251 
0.5233979830985159 0.7273280912822377 
0.5239694192317355 0.7270800709728651 
0.5240085386631326 0.7267964735819692 
0.5251931089249429 0.7256430209899678 
0.5254171268360853 0.7251214039685627 
0.5256777945549556 0.7245556590781814 
0.5267889463765807 0.7231832923731872 
0.5282681848886043 0.7222187657869834 
0.528490400872296 0.7213294886371997 
0.5303171104017553 0.720266856808312 
0.5303284062071802 0.7197496434281466 
0.5304322235509865 0.719615139542992 
0.5314775104333498 0.7190297931603117 
0.5319251694699921 0.7177394366105976 
0.5319190653660506 0.7177407598745579 
0.5339859095826155 0.7158068200689215 
0.5350537733620422 0.7144538956180071 
0.5358642418398236 0.713749113591439 
0.5366352058751561 0.7133427603841885 
0.53664088194381 0.7131275650977796 
0.5373543389594545 0.712222189240286 
0.538565042893323 0.7117605624597252 
0.5386044798450031 0.711431617243237 
0.5387348848324841 0.7110148829310592 
0.5399363962200971 0.7098785595078063 
0.5401756920046267 0.7097117788027534 
0.5426598484090287 0.7081482211464485 
0.5426955547499757 0.7079249169447951 
0.5440707776821345 0.7070686543606692 
0.5441955086785345 0.7069519927225149 
0.5504450317112697 0.704173921661378 
