0.46246188991913006 0.6748390666736473 0.6664201125562569 0.6746164945492878 0.6640523458816444 0.6720904271800207 0.6673799730454621 0.6770962385454031 0.6705993603176924 0.6634714705674655 0.6769656871006358 0.6758441380985981 0.6728272733205443 0.6665679139392862 0.6633599442142933 0.6738900558228604 0.6619496551812789 0.67231401024052 0.659511809995808 0.6695338987397359 0.657542624525601 0.6713319730294626 0.6629871130897966 0.6726482959317087 0.6673436795561997 0.668542817121493 0.6650751924980369 0.667426318375845 0.6676417379452066 0.6708743032819308 
0.4627359753682592 0.6748390666736473 0.6664938093560671 0.6746197381518453 0.6640523458816444 0.6720459774328138 0.6673799730454621 0.6770963150252377 0.6694950705523056 0.664046289849958 0.6766259437239829 0.6758441686055342 0.6724925940825577 0.6665661075746648 0.6633844723411891 0.673890011853311 0.6617892828883447 0.6723335724187158 0.659511809995808 0.6695387811439213 0.657542624525601 0.6713323670320169 0.6629871130897966 0.6726483161546986 0.6674182713645286 0.6685159950492997 0.6653528316061036 0.673049275244305 0.6676417379452066 0.6717634375014255 
0.46333141648832993 0.6748400481460136 0.6666152163280764 0.674615519405316 0.6640523465053251 0.6720710382293413 0.6673798733174812 0.677044372396181 0.6694389383203069 0.6639852727844496 0.6728691691822604 0.6758441686055342 0.6720761742194492 0.6665701670906696 0.6633742486485387 0.6738841924922342 0.6618843732685163 0.6723335826938299 0.6595112599630564 0.6695359509978046 0.6579094348219701 0.6713300913731848 0.6629881684453774 0.6726482085096024 0.6672653139040586 0.668542817121493 0.6653521388131335 0.6674510332398289 0.6674026991072616 0.6717603699413204 
0.4635292959826456 0.6748383815381251 0.6663499313596611 0.6746193690754537 0.6640523458816444 0.6724489379091804 0.6662698491384452 0.677096335636702 0.6694999985116992 0.6640497724166109 0.6730798234071411 0.6758441686055342 0.6724925940825577 0.6665640424089025 0.6638496021788097 0.6738900119738339 0.6616662184049296 0.6723335555561715 0.6708042350047642 0.6695141544241593 0.6579176511849089 0.6713619841763823 0.662988866836325 0.6726483150758783 0.6673708692038673 0.6688554021942152 0.6653550603919698 0.6729510719678599 0.6676427870226738 0.6717700615547799 
0.46388226964852 0.6748383673325983 0.6663499313596611 0.6745119945149914 0.6640523458816444 0.6720911176688464 0.6673930856365355 0.677096335636702 0.6694390983523907 0.6639588760454708 0.6767675711609208 0.675843146804023 0.6724925931093334 0.666566114447592 0.6639095636287685 0.6738900119738339 0.6736602571231176 0.6723335824922059 0.6703405603941469 0.6695139281062266 0.6557239794106896 0.6714607065296615 0.6629959124742183 0.6726480545414182 0.6662449951052358 0.6685028217731901 0.6653550603919698 0.6673647929655 0.6676316535928111 0.6717700615547799 
0.4648226643648118 0.6748365145808746 0.6664938093560671 0.6746197381518453 0.6640523458816444 0.6720459774328138 0.6662702411517076 0.6770963150252377 0.6694950705523056 0.6640497187891206 0.6766259437239829 0.6758441686055342 0.6724925940825577 0.666565079839071 0.6640284012944367 0.6738900119771055 0.6616679857857253 0.6723335549340979 0.6708167866772994 0.6695387811439213 0.6688746008625882 0.6713323670320169 0.6629868058862718 0.6726483161546986 0.6673708756013246 0.6688440654001938 0.6653550603795843 0.6729522772913236 0.6676417379452066 0.6717700615547799 
0.46552597420838054 0.6747889083906847 0.6769411221522394 0.6684870421082788 0.6640523458816444 0.6720710382293413 0.6673837095012035 0.6770949431790934 0.6694389383203069 0.6639881704346414 0.6724879348559517 0.6758441686055342 0.6724927089228611 0.6665661075746648 0.6633741183227633 0.6738900052207383 0.6618817994796897 0.6723335826938299 0.670320924166684 0.6664681382076979 0.6690227790178329 0.6713319730294626 0.6629881684453774 0.6726482068937484 0.6673710444237632 0.6684931262955817 0.6650749756648736 0.6674660182979626 0.6673848301707486 0.6717635116082759 
0.46596615488449555 0.6747889083906847 0.6764350544657033 0.6744241725793416 0.6640523458816444 0.6720907669436433 0.6673837095012035 0.6770949431790934 0.6694389383203069 0.6639881704346414 0.6725174376982849 0.6758441686055342 0.6724927089228611 0.6665661075746648 0.6633741183227633 0.6738900052207383 0.673661918989474 0.6723335826938299 0.670320924166684 0.6695127729459094 0.668728966404428 0.6714594293563688 0.6629209253184446 0.6726482087356558 0.6674378899681027 0.6684929301040347 0.6700704665686061 0.6674660182979626 0.6673848301707486 0.6717635116082759 
0.46722006713710934 0.674866426905038 0.6763924389477128 0.6712128608496233 0.6642206450038572 0.6720958490268182 0.6674013011792835 0.6770936853082002 0.6695677025789525 0.6646476031643519 0.6767601594244643 0.675824789351246 0.6663833303835945 0.6666361077262947 0.6702012972183297 0.6738676783625278 0.6737535521741498 0.6717459887870725 0.6703050536612732 0.669542925824833 0.6687278185780337 0.671306318507297 0.6783574372774326 0.6726458862673877 0.6753109832210117 0.668551791256662 0.6647513015006178 0.667442286629208 0.667347296121004 0.670936610441196 
0.4673967617500316 0.6748381522173098 0.666872883080367 0.6745075575782478 0.6631796782075257 0.6720706528707855 0.6673798755490032 0.6770404657604273 0.6689380362530415 0.6637526437352665 0.6728261865367203 0.6757904880223312 0.672494458330588 0.6665868230364028 0.6694496406475461 0.6738818069093513 0.6733828121845814 0.672319775480231 0.670320924166684 0.6664962552482617 0.669521454262944 0.6713319494786648 0.6629875276774124 0.6726482470260914 0.667790611890065 0.668542817121493 0.6648230431230259 0.6674505828867399 0.6676361534072633 0.6718947964610458 
0.46790939592124464 0.6748656839738045 0.6764310786482017 0.6745091402160392 0.6771553918804134 0.6720710131580846 0.6673800938290908 0.6770993491109452 0.6694400192211493 0.6639837268634555 0.6767605726101517 0.6758441740910631 0.679047200785797 0.666552315664782 0.6695439764213786 0.6738841653380351 0.6737313155816184 0.6723192648137872 0.6718368842260733 0.6695337957770913 0.6684478441483119 0.671306330821882 0.6629240289828613 0.6726480590681918 0.6679553023264884 0.6685427705121468 0.665349447496644 0.6674603225309295 0.6673888340443526 0.6709215985052264 
0.46840870388945083 0.6748400596090923 0.6764310868749855 0.6745149702242093 0.6640525234959491 0.6720716674301885 0.667379973038216 0.6770465926160784 0.6694391656208253 0.6635665282531229 0.6767602557755311 0.6758444616172032 0.6789430856977424 0.6663986374068475 0.6696802495802495 0.6739002572888844 0.6738037537541298 0.67231846491737 0.6718225936260288 0.6695337957428309 0.668715158012035 0.6713049532405455 0.6629240498927853 0.6726480608157697 0.6750554658752391 0.6685437594252448 0.665358181768544 0.6674252225042524 0.6676312664686864 0.6720159693718667 
0.46877228691957606 0.6748402144179582 0.6781620950093 0.6745144555960173 0.6749361565496543 0.6720782925449222 0.6673835294961052 0.677047113494213 0.6694400369852865 0.6641808023129033 0.6767389418635429 0.6768864114323242 0.6725484294018957 0.6666538191888882 0.6696380428546984 0.6738672813828023 0.6689646242819717 0.6723194010938096 0.6704018879684056 0.6695549305339941 0.6687370794074455 0.6713323670768001 0.6629234183570232 0.6726480552903459 0.6751031382981023 0.6769071532387324 0.6788241259069532 0.6670725946449386 0.676422068601068 0.6719104053338375 
0.46955946925538156 0.6748854411334859 0.6702263154202249 0.6712576894645067 0.674849246685741 0.6724438076033383 0.6662873811989446 0.6770936853082002 0.6775053756945668 0.6776365841096768 0.6767567745869111 0.6758054247130277 0.6766472530883116 0.6745346532528226 0.6704014798272946 0.6738891395260338 0.6739515521052221 0.6718501659114481 0.6718200921680421 0.6695434479837064 0.6691891362102672 0.6713034925403327 0.6777166688510102 0.6726458862673877 0.6753144204734485 0.6688427357636262 0.6652273773967934 0.6728144789746293 0.6763011879694643 0.6719553607833366 
0.46999105321161566 0.6748855521110557 0.6700252974357617 0.6744034836307073 0.6748115283862426 0.6724438076033383 0.6673927845325469 0.6770936853082002 0.6695399817719817 0.6773655031051684 0.6767311474396555 0.6758056364277244 0.6766472530883116 0.6745338493909906 0.6704004731255625 0.6738891395260338 0.6738044213460108 0.6718501659114481 0.6718190453147327 0.6695437716211272 0.6691891360213728 0.6713034925403327 0.6636966028410862 0.672645910597279 0.6750487877453993 0.6688549293653753 0.6652273773967934 0.6728134320446594 0.6763010046416417 0.6719550131858184 
0.47046426314450984 0.67623158913735 0.6781628318591757 0.6746898600054635 0.6751476523323412 0.6724005787631842 0.6674593204772405 0.677090219611329 0.6776597644560555 0.6773395164759626 0.6726955084626064 0.6800242744798956 0.6766469212213894 0.6745477358343912 0.6749815299645869 0.6745404574415484 0.6836789837726532 0.6785476610794811 0.671819133637514 0.6792963235150435 0.6690623748275136 0.6713303504437609 0.6777933982609333 0.6726482923877103 0.6751584646280558 0.6759226941999757 0.6785229723066912 0.673078800205834 0.676422068601068 0.6723215097726571 
0.471032365305351 0.6748332141274127 0.6781434099352797 0.6746179508882229 0.6749361565496543 0.672445104973099 0.6808617618903321 0.6770379941064372 0.6695513913050635 0.6785793996014744 0.6729241191190627 0.6758054018620036 0.6765769184074786 0.6745477358343912 0.6750943913269709 0.6738844857653074 0.6738110483010985 0.6723018174041644 0.6603170312859628 0.6692631233726473 0.6684407967197646 0.6713666538677013 0.6781068645930806 0.6726482923877103 0.6750536434961836 0.6767021602292578 0.6788815569306181 0.6729978377430591 0.6772947736593051 0.6722618765389288 
0.4722786848562186 0.67623158913735 0.6781628318591757 0.6746898600054635 0.6795577479590539 0.672400754060224 0.6818857362409044 0.6770402214542866 0.6784121846683366 0.6773415348286289 0.6728411507363363 0.6695972215042136 0.6766469212213894 0.6745477358343912 0.6746247041832877 0.6745404574415484 0.6738041800055227 0.6783485616084207 0.6718190131224808 0.678761931418905 0.6797902566333034 0.6713666538677013 0.6774729284338037 0.6726425658335744 0.6753690341834553 0.675931765689868 0.6785344785007462 0.6730835651289809 0.676422068601068 0.6797228353362731 
0.4730403355329075 0.6762317186596748 0.6781568665598992 0.6819755384024146 0.6795618553694895 0.6795133194201729 0.6819548549389066 0.6770903820908163 0.6785135723723419 0.6773415348286289 0.6798380843171832 0.6756060688015825 0.6766153433983768 0.6744796344763228 0.6748323570140813 0.6744420399284607 0.6806647440260029 0.6783355938375311 0.6718059944499911 0.6785408188549736 0.6682323742363859 0.6713510802205968 0.6777896358176642 0.6719240502774799 0.6748872562499482 0.6761050461075784 0.677988539515949 0.6730700371234455 0.6766166829021398 0.6723412049980161 
0.47327534527824405 0.6766031812729725 0.6765101752327319 0.6815495501711636 0.6861500620678989 0.6799794540319822 0.6807413219742893 0.6831183826783918 0.6783858542766297 0.6777490005157374 0.676448366484496 0.6757305805114505 0.6706953914654787 0.6789140676296583 0.6777050422620305 0.6800485257165537 0.6844611578879821 0.6786289692653256 0.6842887955204877 0.6787689395642812 0.6783911238371785 0.6725712033436954 0.6768470977698466 0.6757151115602983 0.6827931045116948 0.6770669392214229 0.6790768827643121 0.6786146650727642 0.6837836594760861 0.6797938358573237 
0.4734732310549904 0.6747947988886093 0.6776984293185014 0.6815491629147385 0.6795624487573615 0.6799682440230479 0.6807688245231577 0.6831015966426947 0.6784038535993386 0.6774436197471384 0.6767574238054855 0.6701017492040573 0.6709050855133291 0.6790634825050764 0.6749131459572424 0.6744987908948434 0.6754438706747584 0.6754682619317389 0.6843230908778987 0.6786323984762785 0.6797464140385185 0.6713319097097901 0.6776831410555839 0.6757077282344937 0.6747446398297171 0.6835936195328722 0.6777377832991237 0.6681073699611074 0.6839449537296542 0.6797993076023467 
0.4740089356926121 0.6766434898491863 0.6765375198133868 0.6815882882227053 0.6786708500464765 0.6800805684507942 0.6818852646297073 0.677980272655688 0.6784177965668339 0.6775599769082152 0.6767341871448856 0.6760435209869191 0.6767154195723923 0.6745738933529472 0.6775471978637938 0.6801000674403177 0.6722500946237443 0.6781613510198329 0.6754868038233199 0.678757307365346 0.6797560063485901 0.672839311956992 0.6774722194155645 0.6758573744286638 0.6833592064192018 0.6830277891046541 0.6791770051601232 0.6786818752098249 0.6764203271951617 0.6797459755943889 
0.47422463858073777 0.6766434898491863 0.6765369427276656 0.6815882882227053 0.6796011824792497 0.680080507373425 0.6819123248712426 0.677980272655688 0.6784177965668339 0.6775599769082152 0.676507897464227 0.6755411118376354 0.6767159212496269 0.6745738933529472 0.6779392115785757 0.6801037289438957 0.6834231597148617 0.6781656746186846 0.6754868038233199 0.678757307365346 0.6797560063485901 0.6728249848317565 0.6774733120163069 0.6837112275169169 0.683316333849949 0.6830277891046541 0.6787296073139355 0.6786818752098249 0.6763889320645564 0.6797459755943889 
0.4750760165823148 0.6762158669350585 0.6760521348798715 0.681995274723477 0.6911145767356198 0.6798865247188463 0.6807503857869905 0.6768463524361974 0.6784177960429927 0.6776963011205162 0.6797331566176659 0.6764014211015434 0.676576044739195 0.6837347347290873 0.6745013531528842 0.6809547820829656 0.6792842429811987 0.6786451153991571 0.6727302313368229 0.6785715771587355 0.6794850792735557 0.681054477272368 0.6774720335244513 0.6838822587265824 0.6748978692372598 0.6835819039049904 0.678526847913673 0.6780753694203783 0.6764729148998181 0.6797885540578675 
0.47542001675034057 0.6766484597847152 0.67745174639521 0.681995274723477 0.6789100383358395 0.680079499161799 0.6819807764842514 0.6768483958794792 0.6784178116314213 0.6776937847696278 0.67973179930053 0.6759867629012517 0.679784710373453 0.6837347347290873 0.6822431005650988 0.6810495164798778 0.6792844500601841 0.6781734241751969 0.6727069984766733 0.6785701601483726 0.6828105041350406 0.6810574590250923 0.6774720409836053 0.6838771142650311 0.6748975469288633 0.6766346255353445 0.679074441905076 0.6779036425075775 0.6839178555675519 0.679788721157733 
0.4763115541564884 0.6766032403585225 0.6773973327207451 0.6815632301895038 0.6786111728594012 0.6800704596203132 0.6819409400508721 0.6831203671520497 0.6786478489790229 0.6776881182536727 0.6797786870007048 0.6759779481812853 0.6766829219890458 0.677861305893608 0.682092925002823 0.6805518583978436 0.6845214875184211 0.6781723177966609 0.684619637008291 0.67875285730591 0.6816014864423703 0.6826211469205339 0.6774288878388478 0.6841561558877627 0.6833850760733129 0.6765682902716321 0.6790766807377999 0.6779080407594283 0.6839534833465539 0.6792045590338198 
0.47645753877102087 0.6767078682576231 0.6759174221044749 0.6826962810538678 0.678826054082276 0.6718347683621416 0.6807513061007328 0.6827122957851783 0.6792399321153761 0.6833173118101623 0.6799712407462256 0.676769277094795 0.6764644816360719 0.6828483081841522 0.6822517007950737 0.680559105723142 0.6846678314208962 0.6785521608019399 0.6842713182303803 0.678995242935563 0.6836361635902592 0.6812201875348055 0.6773929794634754 0.6764487982643458 0.6834214194362473 0.683807911480058 0.6792128243612157 0.6778630004786985 0.6839523028422105 0.6803367787803245 
0.47694147280669397 0.6765952287883721 0.6762697726173376 0.6815588997594011 0.6786111728594012 0.6839987528132474 0.681935508130881 0.683228570160187 0.6781315931964127 0.6777207274395025 0.6797786870007048 0.6756456373333407 0.6764897967600036 0.678922592830248 0.6824563924223255 0.6800487741280852 0.6845811523210382 0.6785718904739356 0.6846140641771756 0.6787688864606061 0.6843148903060972 0.68115335149233 0.6768547714881551 0.6846984129144905 0.6827931203484091 0.677066363772984 0.6787349667696494 0.6784414955904449 0.6844968480779173 0.6791801788203126 
0.4778043069887239 0.6766929653227496 0.6759525415175801 0.6815669574244514 0.6786730565243425 0.6834865351591712 0.6819761071660339 0.683228570160187 0.6784213884458243 0.6772556083967769 0.6797793617334758 0.6829554874662871 0.6765941194816958 0.6828206169742862 0.6824563924223255 0.6836034519939785 0.6793298798284367 0.6786365450602223 0.6846193754251341 0.6787700216652753 0.6843471229416281 0.6810571122791022 0.6774720333308601 0.6841904188942769 0.6827994047479946 0.6838081080035967 0.6787728038657136 0.6780753261037049 0.684533097878711 0.6797632737995128 
0.47855330772240917 0.6768668724841209 0.6762893579634895 0.6816634633274552 0.687267652742366 0.6838521570415874 0.6819473087213571 0.6831031786094345 0.6792863381954023 0.677719921284192 0.6800159779576366 0.6834608715121383 0.6766663670677002 0.6828692011669912 0.6745370407160236 0.6805743427645786 0.6838096604648989 0.6722625994838435 0.6844441234800019 0.6787514679138065 0.6835847208016406 0.6826064839683165 0.676855708680072 0.6844176801177538 0.6834584766224588 0.6847476334785094 0.6782507378993405 0.6772716180734999 0.6841352924857802 0.680109389102596 
0.479802014905845 0.6899395067319148 0.6771460203385763 0.6820016216735992 0.686451532654152 0.6789575538790142 0.6807346120649878 0.6827031144403684 0.679291030621843 0.683559669545017 0.6790129754551605 0.6821788020619747 0.6890197956810483 0.6830099446409348 0.6824531845535822 0.6804764515394863 0.6837746554395335 0.6860552890200898 0.6844341030525299 0.6843245076599352 0.6836325003777607 0.681522707262605 0.687623343433258 0.6844629932091499 0.6831834483852284 0.683894118815083 0.6792170341371522 0.6898328473316011 0.6841269738031905 0.6781620295206062 
0.4805435624527442 0.6899560656028142 0.6842382845735202 0.6812870093664297 0.6870842749143976 0.692507284928453 0.6809111563407056 0.6832235705749279 0.6792910306218501 0.6836954330762514 0.6821600186557343 0.6829062038026714 0.6890174282476851 0.6830119973574771 0.6824512327825483 0.6802201329230102 0.6845669671102649 0.6786610659578289 0.6844331712404882 0.6859048201001086 0.6843185052882508 0.6809748982867583 0.6874753411529608 0.6844784438317026 0.6831902222711831 0.6838895626206538 0.6790106646693493 0.6898328526492004 0.6845029136120075 0.6780338477972638 
0.48135315766789555 0.6899559743063189 0.6840415816869301 0.6812742438292806 0.6870960566800826 0.6926283073151909 0.6807376239207056 0.6826758358760213 0.6792910306225373 0.6836970308105222 0.679018983090702 0.6833297483057856 0.6890197956810483 0.6829956977881928 0.6824530625301818 0.6936027077004698 0.6839031745695158 0.6863469140253289 0.684433073632606 0.6859048201001086 0.6840175496575479 0.6888373996042149 0.6876511912160206 0.6844238993151549 0.6831852913114844 0.6847569700189658 0.691238733531898 0.6898275330519339 0.6841289150781305 0.6801942256218202 
0.4821698628871165 0.6880672045242434 0.6879568947691553 0.6816692653733498 0.6870503778703626 0.6906551951369666 0.6884921189193584 0.683141417079941 0.6794886669670801 0.6837915394615472 0.679738526965374 0.6828873972439699 0.6888806768631257 0.6830199573011145 0.6824532791921625 0.6830086927609735 0.6845663017541176 0.6788595434872368 0.6844325127124832 0.6859045000037379 0.6931530659778155 0.6810612332894446 0.6876514163673088 0.6844279595108026 0.6831300882950787 0.6847614160528366 0.6917948633020785 0.6961329450877329 0.6839848878656112 0.6801554319197578 
0.48376562000423584 0.6875634098908886 0.6878024891601429 0.6887074080935578 0.6937403152299214 0.692182674437917 0.6916674975822834 0.6885659472152524 0.6896406617561762 0.6817029617565658 0.6900906236897254 0.6958737244552129 0.6926161077861887 0.6947971642732025 0.6898268682381373 0.6934917777785642 0.6873874512566863 0.6898012903570312 0.6892797158544165 0.6949610619510874 0.6918765996847809 0.6948889332233175 0.6975534991360567 0.690374514274716 0.6920411563176658 0.6927298573669101 0.6899337826450418 0.6958016563612354 0.6935089488681688 0.6942131794998166 
0.48475135626995325 0.6935907069454859 0.6972620978062019 0.6888053028510299 0.6870560991304064 0.6924811871825021 0.6914638420075488 0.6881687222881926 0.6896083900277314 0.6942806309609195 0.6899159927663444 0.6968940822157352 0.6870441337034521 0.6979755762827502 0.6900906304914031 0.6934049820595618 0.6957333716362828 0.6907447061655794 0.6913128710024197 0.6949469446293259 0.691793844176076 0.6950659193318733 0.6980133527894662 0.6901780931468001 0.6920439159009021 0.6925456670088219 0.6925866664773523 0.6937496852897399 0.694071603601964 0.6982050587043521 
0.4850794553121994 0.6941032082427858 0.6937260411819839 0.6886978018919065 0.6933978880350156 0.6922435936543845 0.694245416751055 0.6991923985594382 0.6894903667315835 0.694388542159262 0.6949891890066476 0.6942674722435901 0.6926137323962702 0.6841910384228944 0.6903127499304025 0.6993020046930043 0.6964860990154811 0.6979038946782904 0.6981915394547258 0.6967070102427345 0.6918147281283638 0.6922611346264306 0.6973601171051619 0.6957521888641853 0.691946206105147 0.6930526619575768 0.6916461740571329 0.6969099594301855 0.6941491700574131 0.6927288509796229 
0.48540286754602463 0.6981218298171057 0.6979874866674246 0.6829794818024376 0.6865171588731525 0.692257042695855 0.6917803821859465 0.6837547035365553 0.6896178112983611 0.6948952865810305 0.6945934342992522 0.6968498957644177 0.6925707830571879 0.6941246119624163 0.6898156944459161 0.6928001541581923 0.6951373126731205 0.689543197842234 0.6912487506879411 0.69498919036285 0.6833760761202454 0.6947938095631875 0.6810747632088318 0.6956729403277151 0.691897213828373 0.6926755081612972 0.6923934655775356 0.6965921626387962 0.693451915019372 0.6980285158858663 
0.48607839978922746 0.6935898830016705 0.697585764207276 0.695679673364977 0.6874011592429139 0.6920485909379461 0.6916078552678319 0.6885877112813434 0.6896082093195529 0.6942702406432036 0.6946783185284625 0.6968966412104898 0.6869490869702938 0.6942419721930911 0.6899171994225564 0.6934047222306025 0.6875649200097184 0.6875160013133297 0.6914478368102092 0.694959737041031 0.6917850274244794 0.6921485231463129 0.6975523900097459 0.6956730419334699 0.6920054712679624 0.6925465225843456 0.6916166422660035 0.6897617404042444 0.6894139927904053 0.698146057670635 
0.4862736557990387 0.6875808149855597 0.697622482321016 0.6972421153592308 0.6874011592429139 0.6920439884707974 0.6916046832921088 0.6885877112813434 0.6895772318344409 0.6942937247247298 0.6898345289481124 0.6958256576099511 0.6922412808111572 0.6942412812137995 0.6898254837348424 0.693669660939213 0.6873600957680676 0.6875160013133297 0.6893934439726402 0.694959737041031 0.6893156289541681 0.6921485231463129 0.6975523900097459 0.6956730419334699 0.704046525910304 0.6934021721082176 0.6899614300429884 0.6983452611918939 0.6894139927904053 0.693555186820766 
0.4868322473427518 0.687968846792879 0.6877918424730742 0.6817099011932286 0.6933938229880717 0.6924927627308518 0.6943334118293204 0.6837820320478002 0.6899264298493777 0.6916034726399611 0.6949614180411501 0.6967717288305262 0.6925696134766477 0.6981874133414027 0.6868322505332417 0.6928001299078685 0.6949435444044004 0.68791251124934 0.6993071132869547 0.6949335484793849 0.6916799291038477 0.694799772544573 0.6975395362855884 0.695663333765487 0.6920405518316177 0.6921329823815041 0.6923535295853961 0.6999470780800302 0.7009862357774936 0.6930425834870411 
0.4876482846947735 0.6935417949393399 0.697809774475091 0.6885888839896853 0.6928052361217176 0.6920821350587651 0.6902391734891606 0.7000251827090611 0.6895477505604252 0.6942733436012163 0.6949945217725272 0.6967130561498212 0.6926143607268159 0.6931691837117953 0.696786986985718 0.6988931341912609 0.6948224015855263 0.6979086328273125 0.6914379514066059 0.6964141736458146 0.6917877287085884 0.6921322711459638 0.6974013010285344 0.6957606788844354 0.6920410007049964 0.6910993350943059 0.6923339132320782 0.6963430228817723 0.684394967880331 0.6976042793989755 
0.4877803306307609 0.6941418888452016 0.6936919639495558 0.6892704697395629 0.693051868568216 0.6920864531955458 0.691805872907956 0.6885863874201087 0.6896188163539437 0.6942743916287452 0.6949970758690655 0.6967472455648558 0.6925851773049404 0.6847052564424689 0.6900997602343412 0.6934318482492038 0.6961774457144808 0.697904088757695 0.6893145211721621 0.6954093223750603 0.6917941978757108 0.6921363289093686 0.6973526389490826 0.6952341549577351 0.6919795111279485 0.6910262372363413 0.6916366642019572 0.6846860098346559 0.6941512223895728 0.6976233798411137 
0.48830358195976065 0.6981163462636331 0.6941298840557721 0.6890442796018961 0.687389171335671 0.6917032693141656 0.6902101728690745 0.6992477173809267 0.6896306592685745 0.6943167339371328 0.6951628465226624 0.6967852258482772 0.6925712109830451 0.6947581321062049 0.6869593304370415 0.6989421025151725 0.6953430413798692 0.6995392767159447 0.6830820509887525 0.6954340462484117 0.6888306714601217 0.6955291781492805 0.6973605272934326 0.6959218739697566 0.6928483507631357 0.6921276830422064 0.6924387016724345 0.6961635072952774 0.7009815163122931 0.6942389458033674 
0.4890409933659177 0.6941771304634089 0.6936870631459894 0.689240628744552 0.6938643085213984 0.6922219997785192 0.6902063971012493 0.6989072898333406 0.6894024672564169 0.6969623987245657 0.6951672879018431 0.6943799738505343 0.6925858969749729 0.6946190953553605 0.6899845064107464 0.6990489738624523 0.694896710820032 0.6979039896785247 0.6980890548128651 0.6956237330478596 0.6918147281283638 0.6952262878641182 0.6973713896559429 0.6957517696568479 0.6919798900039091 0.6928066610060323 0.6924334434685541 0.7001252154990425 0.6940498863751612 0.6927296190375528 
0.4892895222122835 0.6941032085325967 0.693725886380678 0.6894984735274042 0.6937228682975639 0.6922435936543845 0.694245416751055 0.6991483196260109 0.6943744037142076 0.6968226436572581 0.6949891890066476 0.6942626298657637 0.6926132396927116 0.6947711454360219 0.6899845064107464 0.6993020046930043 0.6964860990154811 0.6979085795907949 0.6980846698571671 0.6967070102427345 0.6918147281283638 0.695247599578839 0.6973601171051619 0.6957521888641853 0.6920208839962674 0.6930526619575768 0.6916461740571329 0.6969099594301855 0.6938549706821651 0.6927806400414822 
0.4896735620653437 0.6934209861101316 0.6880135519098924 0.6953828888384326 0.702177314951921 0.6983170294947875 0.6942453070898353 0.6989875057798487 0.6944077031667714 0.6974660776992629 0.6949911494476221 0.7034880740416609 0.6926430819222433 0.694723143482209 0.6990717371928934 0.6993137570603629 0.6959270094260694 0.6976422440227494 0.6980891584291706 0.7022494431982118 0.6916383972659912 0.6952511611043791 0.6973450554231241 0.6957190157047369 0.6930099027413641 0.7086692498089739 0.6924641330939537 0.6961066297830909 0.6919791100971555 0.6937124145066804 
0.4904646304654542 0.6918643949369826 0.6979379871444293 0.6953832005990725 0.687963365636391 0.6921722794991891 0.6917688562440714 0.698970791221205 0.6896231155839921 0.6942700451036636 0.694943120584928 0.6967849972974298 0.6926137363846538 0.6947611452309421 0.6900241791241053 0.699051037712653 0.6953344165764489 0.6880687911349499 0.6918084602441977 0.6954114041695156 0.6917163594169616 0.6921362307763876 0.6973663111046444 0.6956687764016167 0.692004864795587 0.6926762493453605 0.6926471312635823 0.696259632862548 0.6938886509684771 0.6942430180441757 
0.4906651673258386 0.6914015034705093 0.6936806075427265 0.6961141182095847 0.7006114858159946 0.6989348756427887 0.6942736789888825 0.6988663516243561 0.694475016141902 0.6972989716463122 0.6949860276081471 0.7069970970166678 0.692339132237144 0.7039391812925488 0.6981367038912711 0.6989445964180603 0.6955042909295653 0.69792068709073 0.704100298624214 0.6956237471742682 0.6917228434092955 0.6952300617026682 0.7048866865629382 0.6957569019976291 0.6920261655358505 0.6921086902679027 0.6924643363964056 0.6969282831194181 0.6938687801769952 0.6984628147658622 
0.4911369290354165 0.6913752714256405 0.6939823522853514 0.6953828888384326 0.6994940184204977 0.6989323813929842 0.694188651813353 0.6989067103275832 0.6944746572797328 0.6973132206588385 0.694991193361854 0.6971535622451681 0.6926430695187056 0.6946999209752756 0.6990717371928934 0.6993170617625398 0.6959270094260694 0.6976422440227494 0.698089166801224 0.7022494431982118 0.691781656330257 0.6952545418411156 0.6973667113582082 0.695723908448777 0.6927463778462701 0.6930653317771885 0.6924643525689396 0.6968068078906148 0.7010500795128146 0.6984584256489749 
0.49137561607753644 0.6913749416870504 0.6936893021125071 0.6954813689379168 0.7008468493881634 0.6989400534683416 0.6943383747638618 0.6988663516243561 0.6941262022011532 0.6972988076338412 0.6949837347632442 0.6967364852741535 0.6925668446471341 0.6980204739306883 0.6952270755304428 0.6993082261994533 0.6949284070945503 0.6880763214624 0.6981860797893655 0.6956237471742682 0.6917549460972412 0.694797804449128 0.697803212295647 0.6957239584532834 0.6927479098352874 0.6930916212579523 0.6924635852742992 0.6968205959923376 0.6934868165197967 0.6938870609832012 
0.49250924890033504 0.6941211521011876 0.6939997925519588 0.6955062374130448 0.6945333948427621 0.6990481224065513 0.694188651813353 0.699211811353309 0.6948897751446625 0.6968352899481441 0.6968337680230372 0.6968868093862685 0.6926135955260487 0.69469761208468 0.6991269513072034 0.6986366775041492 0.6959312632295793 0.6979893438628412 0.6980891276729068 0.7022949301281273 0.6917966554722833 0.6951985298072302 0.6983871216636098 0.6960164843374254 0.6927639073995985 0.6920442497279004 0.692009092361173 0.6963670392505059 0.693961013025696 0.6984580426033531 
0.49435646060033706 0.7092452421526175 0.7065176664864233 0.6989797484796694 0.7039419166987451 0.698212749074601 0.7024635791262192 0.7043399130759532 0.7049084913657283 0.7094896224818172 0.6961698630621962 0.706967438114806 0.7044956579517765 0.7040120366163098 0.6979608134335735 0.6990531210814812 0.7105646624593795 0.7057408619331571 0.7040569582427912 0.7023618576294477 0.7079152373106005 0.6954107895375784 0.7049128106658726 0.6971918582296796 0.7032819143505707 0.7073454414430834 0.7048728535220464 0.7030416663357599 0.7043544550565062 0.6986759108826177 
0.4945158301079169 0.7092452421526175 0.7068930866946795 0.701460968495003 0.7038878262425405 0.698212749074601 0.7024635791262192 0.7043399130759532 0.7049084913657283 0.7094896224818172 0.6950207669566422 0.7067285561149387 0.6916816870750638 0.7055819416707901 0.69791975580437 0.6990531210814812 0.7105645388039987 0.7057408619331571 0.7040569582427912 0.702252303890267 0.7079152373106005 0.6954107895375784 0.7049128106658726 0.6972018100125703 0.7032853560347293 0.7080541599491798 0.7061433677963244 0.7030416663357599 0.7040250797932753 0.7072896001603383 
0.49496422709511617 0.7092465051309533 0.7068969921171965 0.701986202302649 0.704080677899562 0.698212749074601 0.7024656675458969 0.7048999273605802 0.7049084913657283 0.7094889620034849 0.6950966514416733 0.7069656516416456 0.6913385062052005 0.7055819416707901 0.7035011896172033 0.7032817143214511 0.7105619060373125 0.7076737997515932 0.7040478408240782 0.7022479436293649 0.7079152373106005 0.6954107895375784 0.7049131347214053 0.6972018100125703 0.7034127376704868 0.7082186339103369 0.7061829714517015 0.709716825039858 0.7093447411945608 0.7072797263070311 
0.49553368197348097 0.7104509084208244 0.7068447987742842 0.6990171148338032 0.7039245211775964 0.6979569767154686 0.7035091409684259 0.7043506491158679 0.7044427006532415 0.70937832427878 0.7079648889076621 0.7071296259276856 0.7044815415334911 0.7045286764642327 0.7032650765563553 0.7069752006545772 0.7105691380893352 0.70653802370308 0.7040518541573052 0.7023494864224091 0.707768009723913 0.7070779582567813 0.7049133135976627 0.7091044009777582 0.7033575887785394 0.7073226139935924 0.7062311959879143 0.7029141413719843 0.7166739593934622 0.7078891236211726 
0.49586323987604286 0.7092869856107671 0.7065176664864233 0.6989797484796694 0.7038956473235501 0.698212749074601 0.7025620522294654 0.7043399130759532 0.7049084913657283 0.709488990013633 0.6950328247678081 0.706967438114806 0.7044461156136661 0.7040120366163098 0.7076743424689166 0.6990531210814812 0.7105646624593795 0.7057408619331571 0.7040569582427912 0.6959482728327083 0.7079152373106005 0.695411285196926 0.697426719723007 0.6972956549954196 0.7033382311748156 0.689050330298156 0.7048728535220464 0.7030416663357599 0.7046504761340826 0.7067404286630611 
0.4960008196093188 0.709286307504082 0.7066123298085026 0.6990147048033005 0.7169849043100642 0.7070847260951842 0.7037678007260049 0.7049129787486793 0.7049711902355794 0.7094894510399061 0.7081718259265908 0.7069680657972794 0.7045020795072797 0.7047007230461397 0.7081530820184159 0.7066986394304656 0.7105784878260452 0.70574068682325 0.7094675388985271 0.7112460612054725 0.7090884417771588 0.6953434344308111 0.7046752015503834 0.7101885970323161 0.7030149823693125 0.7055358469187404 0.7062434171278016 0.7030271969572007 0.7046898795102533 0.7066835237656159 
0.4964405200452156 0.7091402856511035 0.7066611162853971 0.7015598532059615 0.7048910703870808 0.7071257476049009 0.7025364421268626 0.7048618103215876 0.7051511725167275 0.7094834597300559 0.7085622977239324 0.7069691511687055 0.7045018671828205 0.7055688749802522 0.7093010732184125 0.7064573353667108 0.7115910016337827 0.7057849902008858 0.7040550423991967 0.7026069997561147 0.7077753214989554 0.6954838010770114 0.7049199686605686 0.6972893603618532 0.7032779124230795 0.7081752339755122 0.7061487415567339 0.7087787484501921 0.7043472563905632 0.7074663905456222 
0.49651746739516606 0.7091789952844013 0.7066116033308882 0.7018892931993911 0.7040799804739152 0.707167912382155 0.7037758006758914 0.7048954610649807 0.7049881208214204 0.711875234357475 0.7085341596560828 0.706965175664442 0.7045012247298633 0.7047006517354661 0.7034869851680579 0.7070225827317457 0.7106620479780752 0.7057433870844166 0.7040504499230439 0.7112223178382413 0.7077626992179934 0.7067596631852954 0.7048179794856052 0.7095024627563907 0.7034108561852713 0.7082288179316236 0.7061853128369483 0.7085791993767492 0.7092138982400226 0.7069755787379337 
0.4971961626906766 0.7091679515168576 0.7066135768533861 0.7018952239936064 0.7040799804739152 0.7072904817878125 0.7035308525226336 0.7049167176865255 0.7049719846537739 0.7094701777291351 0.70815314797109 0.7069651231729969 0.7045020252980941 0.7047006457263453 0.708450415757619 0.7070163673509452 0.7106562964673611 0.7057431877968825 0.7041302141003477 0.7112223178382413 0.7077743366378383 0.7067533195895133 0.7044619017181808 0.7101252965810687 0.7030134856436623 0.7082326098058664 0.706186951816665 0.708888587151889 0.7043472797503942 0.7069649328552489 
0.49723463452331773 0.7091679515168576 0.7066135768533861 0.7018952239936064 0.7040799804739152 0.7072937130428547 0.7035308525226336 0.7049167176865255 0.7049881208214204 0.7094701891005711 0.7081525751519416 0.7069651669928566 0.704501113334232 0.7047006457263453 0.7084443419589842 0.7070144569659651 0.7106599535180058 0.7057431877968825 0.7041302141003477 0.7112223178382413 0.7077743366378383 0.7067588498760529 0.7044619017181808 0.7095081061874327 0.7034108268370204 0.7082326098058664 0.7061852797954548 0.7085727169932456 0.7043472797503942 0.7069626731343767 
0.4974294843345491 0.7091666733238833 0.7065188646515017 0.6989797484796694 0.7039419166987451 0.7082982715665768 0.7024635791262192 0.7043528435403275 0.7049884032057123 0.7094711394953145 0.708279735494103 0.706967438114806 0.7045010387174783 0.7040120366163098 0.6981626101463193 0.6996218122754005 0.7105646624593795 0.705743198469698 0.7041301098134835 0.7023618576294477 0.7079152373106005 0.6952147523284908 0.7049128106658726 0.6971918582296796 0.7034135501264709 0.7073454414430834 0.7048728535220464 0.7030416663357599 0.7047529050972056 0.6986759108826177 
0.49793036397139695 0.7086967411963291 0.7066135493603946 0.7020245358525102 0.7039533176516687 0.7071568320582368 0.7035529213518479 0.7049083127261039 0.7050247247223963 0.7094833358987848 0.7081479574746581 0.7069700645497282 0.7044852319343287 0.7055476629908729 0.7037227967191158 0.7064728529534829 0.7105512914064624 0.7057497220056109 0.7160442304184758 0.7023512033558811 0.7077503429979427 0.7069866817136469 0.7047699100393287 0.7087164217631606 0.7034747918030678 0.7073397368868376 0.7062377241638382 0.7087774761983732 0.7045362758232661 0.707548510258125 
0.49859971145362847 0.7091683431676955 0.7066135346283297 0.7018871053491699 0.7040704950360959 0.7003807036780619 0.7037600938245768 0.7049041122820405 0.7044818901988399 0.7109977704748012 0.7081523685416593 0.7069649835965871 0.70449513763272 0.7047007436594762 0.70844417732423 0.7069702322361054 0.7105817621635411 0.7057466432858982 0.7050803493116305 0.7112465195055947 0.7077318201398587 0.7067587882995777 0.6934476323631595 0.7095019285743465 0.7034073973800126 0.707329618627939 0.706185264690625 0.7024501374929242 0.704346419037831 0.7066790741612028 
0.498642016241988 0.7091683431676955 0.7066135346283297 0.7018877000743594 0.7039484764883013 0.7004459558665794 0.7037600938245768 0.7049041122820405 0.7044818901988399 0.7109977704748012 0.7081631663817034 0.7069703091193014 0.70449513763272 0.7047042714452497 0.7084574682550758 0.7069702322361054 0.7105768372767833 0.7057467018316862 0.7050803493116305 0.7112465195055947 0.7077318201398587 0.7067587882995777 0.6938874154994821 0.7087347405458351 0.7034073973800126 0.707330559251218 0.7061852645829387 0.7024501374929242 0.7043024742225015 0.7066790741612028 
0.4991310517500046 0.7092708822299107 0.7066164743037502 0.7015359894640391 0.7049292388191221 0.7073022088611909 0.7025760008538804 0.6989686362573245 0.7054276034659002 0.7094705164977606 0.7081392043121594 0.7069679301296325 0.704497539699252 0.7055691897671598 0.7032235263097063 0.7064892791891773 0.7108055863707982 0.7057860470436239 0.7040550842365014 0.7026043659443519 0.7077753281211897 0.6962545320534054 0.7047645677797486 0.7091161144224365 0.7034108706573168 0.7081761490147146 0.7061487331960535 0.7086720837485179 0.7043472564859858 0.7074705451398815 
0.4993092884451337 0.7092708822299107 0.706611826739674 0.7018863608837719 0.7039992057074235 0.7073022088611909 0.7037733310956109 0.7057868933326992 0.705046959668576 0.7094705164977606 0.7081392043121594 0.7069679266500591 0.704497539699252 0.7047017832542612 0.7034487673227898 0.7069737016938815 0.7108217567067666 0.7057525623136249 0.7040518871700137 0.7112214872407752 0.7077627249816003 0.7067627950696103 0.7047645677797486 0.7091161144224365 0.7034108706573168 0.7081406944621429 0.7062338562943274 0.7086720837485179 0.7043467969049929 0.706960560823603 
0.4996928359908896 0.7092872811364215 0.7066116302122251 0.702098366813899 0.7040799808862822 0.70728755882604 0.7035308523665657 0.7048955695366577 0.7049881208214204 0.7094568364532924 0.7081624173201547 0.7069651669928566 0.7045012247298633 0.7047006457263453 0.7084622816928874 0.7070145332101531 0.7106599527032633 0.7057433870844166 0.7041308812036856 0.7112224768247839 0.7077626992024669 0.7067743618956536 0.7048179745797131 0.7095075083749833 0.7034108390712556 0.7082289466262409 0.7061853138209127 0.7085732606026748 0.704344589168651 0.7069626579567697 
0.5001115709587497 0.7092325119499794 0.7066118268914103 0.7020999429455803 0.7040655496422905 0.7073065099118635 0.7035275098372852 0.7057838627291 0.7049864140481629 0.6957049626795565 0.7085450439497245 0.7069680947035196 0.7045007529147517 0.7047017708512454 0.7110634099428423 0.7070151107497658 0.7106596569768044 0.7057527744771023 0.7049439396164817 0.7112234312639487 0.7077627087900504 0.706774336557102 0.7047623131431265 0.7091344142966332 0.7113746358756899 0.7081410213496531 0.7062366347640024 0.7085689506715099 0.704784683372962 0.7070522604560074 
0.5006056910657855 0.7091923324636678 0.7066116311137336 0.7018302273294909 0.7166848382478421 0.7074843830824363 0.7037566883592102 0.7048914144824843 0.7044273244016926 0.7094712329874148 0.7085380038337099 0.7069693442173056 0.7044950501064032 0.7045996473111534 0.7118950586592329 0.7070996822777526 0.7106861300288106 0.7057654378613883 0.7050552361420618 0.7112211046706864 0.7077628052829188 0.7067595154797263 0.7047715700159085 0.7095048338452198 0.7121037969982968 0.7081526997610635 0.7061371483690813 0.7085831163965218 0.7046938439616182 0.7069634940287038 
0.5007010204229708 0.7091789952844013 0.7066116302122251 0.7019003755453758 0.7040799804739152 0.7071678273146473 0.7035535698706809 0.7049082010698295 0.7050244945819245 0.7094837327218164 0.7085417086310455 0.7069700755782388 0.7045012247298633 0.7055458719011857 0.7094348835649535 0.7070175057714116 0.7106636787440865 0.7057433870844166 0.7050679885461434 0.7024219039778296 0.7077626992179934 0.7067596631852954 0.7048179794856052 0.7095075153777746 0.7034740041799965 0.7073399556832148 0.7061853128369483 0.7087800568880844 0.7092138982400226 0.706955642188539 
0.5012839467716026 0.7092901449685907 0.7065165673909979 0.7019621481195679 0.7169849043100642 0.7074945653410867 0.7037578818932455 0.7057477088178417 0.704971788100841 0.7094710262774201 0.7073554415095817 0.7069680860567421 0.7045020795072797 0.7047007230461397 0.708139764939271 0.7066986394304656 0.7106559505352527 0.7057652203278866 0.7094675388985271 0.7112211046706864 0.7092131532745295 0.7067538656990109 0.7047697879593594 0.7101140318386003 0.7030149823693125 0.7053992964760296 0.7062434171278016 0.7088905186273537 0.7046896218169554 0.7066835237656159 
0.5020855823236196 0.7092968029395179 0.7066116324528807 0.701886368170684 0.7110185645170618 0.707302232957528 0.7032701104303477 0.7058985696120431 0.7135823822283041 0.7094937637092738 0.7071633170626912 0.7068883832990568 0.7046197783001145 0.7047438007607159 0.709567995289715 0.7072435775413011 0.7106569532165623 0.7057433106271512 0.7051286180095218 0.7114162134896577 0.7076709463787076 0.7070655732715013 0.7046798506763966 0.7094976273883621 0.7034108417193649 0.7082309242917626 0.7059014841264422 0.7086390898149352 0.7043468208925586 0.713103166912577 
0.5028853853152995 0.7087446311155048 0.706610536015313 0.7170449683482466 0.7035398153580352 0.7076450086021537 0.7038350276708514 0.7146345634654951 0.7129608311511663 0.7094900196710577 0.7082335095711643 0.7171348447009116 0.7044950742669595 0.7142003407061446 0.7082619316108051 0.7138548301184736 0.7101109032239207 0.7060484898786262 0.7081423626032335 0.7112209380863597 0.7076711696191944 0.7067627809062865 0.7046857751391626 0.709508266899895 0.713591188859437 0.7082267789460903 0.7061375950641338 0.7089003679237731 0.7161557817249692 0.706921824998135 
0.5029832523112177 0.711107160519601 0.7065175681509382 0.7149797582730671 0.7170562028445154 0.707465824349778 0.7118276193214131 0.7058863477114782 0.7134060241081334 0.709486398456658 0.7071559590499545 0.7069734754833762 0.7136974748383361 0.714339784303744 0.7126799523725318 0.707130624666891 0.7143172322086956 0.7057583528377733 0.7146861542502543 0.7112184146741529 0.707669448096469 0.7070717776810481 0.704692598437226 0.7101335934548973 0.7120898817185515 0.7079300965081072 0.7172358835474831 0.7086380389383051 0.7162553672927476 0.7131564059184822 
0.5033823163277692 0.711107160519601 0.7072238114591188 0.715032684666313 0.7170562028445154 0.7073017065140575 0.7116443857587477 0.7058900200728659 0.7134060241081334 0.7094700155831628 0.707152903522039 0.7068906245194082 0.7044211318259129 0.7140714210795728 0.7081356695510204 0.7067853067201769 0.7106539388778502 0.7057583528377733 0.7094731769615842 0.7114306553131559 0.7076364597905384 0.7070869564139758 0.7052065513404556 0.7101141886314944 0.7121694020662755 0.7053431042190137 0.7171081370221479 0.7086400068107765 0.7156636178036632 0.7063976832963856 
0.5036740821733939 0.710549869548642 0.7065836659772632 0.7020004286394376 0.7169849043100642 0.7073016623045342 0.7035183284710399 0.7057477088178417 0.7050466072310583 0.7094719328629392 0.707287548494608 0.7070632844126802 0.7042906560961543 0.7047007230461397 0.7081256575233564 0.7070194727526203 0.7141937217154718 0.7113446745530111 0.7147620333004485 0.7189312013223372 0.7076707771439331 0.7070302086068845 0.7048192952893921 0.7101335191555184 0.7124186051762431 0.705409823212929 0.7062694021758604 0.7088903383088422 0.7045726755043342 0.706644983805687 
0.5037479386693011 0.710549869548642 0.7065165673909979 0.7019621481195679 0.7169849043100642 0.7073016623045342 0.7035183284710399 0.7057477088178417 0.7050466072310583 0.7094719328629392 0.707287548494608 0.7069680860567421 0.7045694373514093 0.7047007230461397 0.7081256575233564 0.7070194727526203 0.7106518316898345 0.7057666872928549 0.709558875109229 0.7112211046706864 0.7076707771439331 0.7070302086068845 0.7047697879593594 0.7101335191555184 0.7124229174129127 0.7053992964760296 0.7062694021758604 0.7088903383088422 0.7045726755043342 0.7066831952118567 
0.5042380447419096 0.71113986274365 0.7069493913962548 0.7154407931578642 0.7177411634257957 0.7153131313319611 0.710322778217366 0.714232017668725 0.710349533745997 0.7106386079613908 0.7130561749930893 0.7130124398144679 0.718870275764325 0.7146336118836043 0.7118572436004622 0.7131578410443585 0.7141511964402902 0.7149816112702415 0.7147335943212257 0.7189191108898936 0.7162359559094215 0.7169530671658768 0.7188365053547474 0.716715900278073 0.7111526112273872 0.7148582129663458 0.716714536239967 0.7185296137727216 0.7163043714808487 0.7183194411489836 
0.5047242620768575 0.711107160519601 0.7072238114591188 0.7149791492898305 0.7170562028445154 0.7073017065140575 0.7035640741811713 0.7058900200728659 0.7135862608260166 0.709486398456658 0.707152903522039 0.7068883683996133 0.7042808334405002 0.714339784303744 0.7082011056068719 0.7138079901234242 0.7143239594794171 0.7057583528377733 0.7096540115392918 0.7114306553131559 0.7161215427416963 0.7173397556813654 0.7052065513404556 0.7100831038086377 0.7120898817185515 0.7147571797259251 0.7053288260852764 0.7086372273357112 0.7156596235330942 0.7131171542235334 
0.505296157925359 0.7230631359052064 0.7071691550055044 0.7152017410160381 0.7179763169943498 0.715311717888483 0.7097185911779308 0.714700948060947 0.718278841964263 0.710636325994078 0.70733666830722 0.7162837722881032 0.7144090123329536 0.713936069163777 0.712620339427559 0.7130221075106697 0.7141242025449949 0.7150925305903016 0.7147091923804118 0.7189361978438431 0.7152252411716666 0.7175273508987994 0.7181161327679084 0.7101591569655747 0.7130478178868381 0.7188714187419268 0.7167272795977593 0.7064427738605265 0.7162580087210055 0.713279175951762 
0.5053205014933737 0.7228575950539093 0.7071785070200701 0.7152017410160381 0.7179763169943498 0.7151717514895032 0.7097389647146429 0.7142291686165744 0.719123498258976 0.7106278439490018 0.707174644554581 0.7129526966735045 0.7144090123329536 0.713936069163777 0.712620339427559 0.7129896999548179 0.7141242025449949 0.7149887261608159 0.7147162420529826 0.7188987745282688 0.7152165764584173 0.7175273508987994 0.7181161327679084 0.7165498972053146 0.7130478178868381 0.7190858284209712 0.7167272795977593 0.708542350144674 0.7163058979913901 0.7189356769811283 
0.5058485451337303 0.7101138981214353 0.7217423219864899 0.7157806807347776 0.7176822912525331 0.7149167036763113 0.7092976911364701 0.7178083276286618 0.7132676976332449 0.7104985433909827 0.717071382473909 0.7130170851083957 0.7145149102091051 0.7128830531267922 0.7131674925364271 0.7162928819375188 0.7176822792825819 0.7111792969028503 0.7148032772670381 0.7190058142977268 0.7161157732777836 0.7175867926472227 0.7187095482602055 0.7098592029880233 0.712153654299682 0.7079017566490702 0.7165282501034718 0.7186878813852065 0.7165065250977456 0.7179054203690061 
0.5064190903859455 0.7224585925569686 0.7058796045296473 0.7170369507114902 0.7179749665746659 0.7151770437867115 0.7240569972731066 0.7147565781649883 0.7128100618497375 0.7209733705380107 0.7132545747923458 0.7170765171412585 0.7190432268361518 0.7139954853660108 0.7082686301614437 0.7137849668480372 0.7143128578275959 0.7060502585466384 0.7148188890930979 0.7186176413646828 0.7162398428580535 0.7076298077067488 0.7188462800785591 0.7102997516495532 0.7134286097978566 0.7159944225719539 0.7167253541307429 0.7186028509052181 0.7163787228516626 0.7180537239188932 
0.5070487122723282 0.7231767754771125 0.7073374658863163 0.715006303898575 0.7176369354327947 0.7150290944012291 0.706225325554379 0.7152796258377404 0.7135821462568774 0.7207106417386371 0.7221253224905215 0.7130157253199855 0.7144990071301363 0.7139539675581577 0.7191600193285573 0.716343972471956 0.7143087309135742 0.7151736622213869 0.7147320101821796 0.7188177624328153 0.716136889409802 0.717621720652527 0.718193211609645 0.7169884829123329 0.7111675759023961 0.7190370316388319 0.7167360155186565 0.7186490268313491 0.7162794305494792 0.7189389117917869 
0.5072519490659092 0.7101399183479998 0.7217423219864899 0.715038476381424 0.7176822912525331 0.7149108964100245 0.7187564216843206 0.7178083276286618 0.7132676976332449 0.7200935697952533 0.717071382473909 0.7130170851083957 0.7145149102091051 0.7128303309359538 0.7131586433117867 0.7162928819375188 0.7143077132796173 0.7111792969028503 0.7147587060823114 0.7189981080293905 0.7161157732777836 0.7176176502635586 0.7187095482602055 0.7098592029880233 0.712153654299682 0.7079017566490702 0.7165278868326499 0.7186878813852065 0.7165065250977456 0.715624215962424 
0.5073683697537538 0.7098148830415622 0.7217586289790405 0.7154477994529538 0.7176826408310656 0.7149200527418615 0.7187384582653686 0.7146902109271496 0.7130134817598492 0.7196015966442231 0.7170978532599275 0.7130942848784538 0.714497527791167 0.7128668662075596 0.7134012635774201 0.7163330652449769 0.7175656144093424 0.7151665023858144 0.7147750205977816 0.7233767145764767 0.7162433030581298 0.717691806214627 0.7181626145155792 0.717158491890293 0.7120978477089396 0.7193433912429643 0.7167265875820266 0.7186555691769994 0.716488241016861 0.7155647223578918 
0.5079639382642651 0.7232010129186593 0.7217614447280475 0.7154477994529538 0.717682635762296 0.7151560602909837 0.7187384582653686 0.7146902109271496 0.7130133097679856 0.7195642102998407 0.7172362396719014 0.7130923027611475 0.7144972050737072 0.7141727146180846 0.7186283744445287 0.7164601474770546 0.7175656144093424 0.7151665023858144 0.7147750205977816 0.7233767145764767 0.7162248923071973 0.717691806214627 0.7181626145155792 0.7172594256674717 0.7120978477089396 0.7160909538955271 0.7167265875820266 0.7186555691769994 0.716488241016861 0.718508702858571 
0.5080567821034698 0.721461828404558 0.7219537715434658 0.7191704003967676 0.717682635762296 0.7150348508541513 0.7196301819918134 0.7147238656096007 0.7130926579438508 0.708835116901737 0.7174282130385097 0.7130923027611475 0.7144972050737072 0.7141727146180846 0.7186079699363483 0.7167008749305391 0.7174267257909233 0.7151665023858144 0.7148172297646052 0.7121632127517704 0.7162360114079883 0.7168951124051192 0.7181745914338772 0.7172594256674717 0.7121193699411945 0.7192295841412918 0.7167265081215376 0.7186555691769994 0.7162741642977338 0.7187486735599944 
0.5085815647894516 0.7111442083507075 0.7217614085568957 0.7154473595874101 0.7176829886866882 0.7151844685581505 0.7185552598354008 0.7147063906806994 0.7188025086276436 0.710741673820608 0.7172464788899983 0.713092413654749 0.7141715051003164 0.7141895438144706 0.7118449001424942 0.713324940409911 0.7174562215745948 0.7151669631882538 0.7147750665581032 0.7122474274213768 0.7161090125941311 0.7175000265945984 0.7181918502650004 0.7172573310304902 0.7120908326212828 0.7159683245463695 0.7167266030307038 0.7186020329318695 0.7162803838299633 0.7180627170413053 
0.5086576015883532 0.7112777502321868 0.7219507843428205 0.7166950384023949 0.7180087766679613 0.7155211766323719 0.7238424130622636 0.714731577277414 0.7187987791487188 0.721150590576949 0.7130071321979731 0.7162656185415948 0.7144271116386138 0.7140678475985354 0.7127239991890544 0.7132035861730532 0.7175215011189736 0.7150457946388573 0.714751707835471 0.7186637463116616 0.716229411525979 0.7181740981054742 0.7182789266007273 0.7171121760065144 0.7135113565627098 0.7190805665516266 0.716522192109705 0.7186010529458043 0.7167323990145266 0.7184921561620724 
0.5092637212126888 0.7231910168122074 0.7070911900137853 0.7149677430119236 0.7179675101812675 0.7150290652926652 0.7196908599312121 0.714356012204407 0.7188154785986041 0.7206912187644129 0.7124644854508961 0.7131591665275219 0.7188825746644173 0.7217969890125907 0.7191205965781943 0.7163388876340515 0.717282724966214 0.7151545273520789 0.7148186183175255 0.7229292277552197 0.7169182063339455 0.7175938817406232 0.7181628492319418 0.7180275879097383 0.7135054871980367 0.7160630378307321 0.7167287236578437 0.718650881331034 0.7162657303435805 0.7184957366898259 
0.5093753673721182 0.7112522804048238 0.721860547966943 0.7151238672151625 0.7177873571441807 0.7150885059845531 0.7196908599312121 0.714356012204407 0.7189216878695164 0.7087555432198055 0.7127906571355791 0.7130149566760867 0.719042524397199 0.7141534381785356 0.7193973301422236 0.7166523409819497 0.7141519177174086 0.7151926734455933 0.7148193361782976 0.7228162064703357 0.7169253194691922 0.717870169935185 0.71862256753036 0.7168752426269969 0.7129345258650761 0.7192280299118101 0.716737097294924 0.7187036514241538 0.7167357515124458 0.7187543490134497 
0.509625175140397 0.7231958102328431 0.7219502625196527 0.7167121143737955 0.7212482676741493 0.7153039169498668 0.7253918607785829 0.714690783573103 0.7185704699363903 0.7207982569313982 0.7222141432585371 0.7172452560214564 0.7185644887252794 0.7216754470089235 0.7191203798875053 0.7163877463758832 0.7173785448602487 0.7164175136060421 0.7148845950050713 0.7228407895708098 0.7169148817649481 0.7176094242984558 0.7181622314227074 0.7217579360795066 0.7205406481727045 0.7148244171859728 0.7165244942319673 0.7193521276202943 0.7162783039358259 0.7185916244298922 
0.5096565156331772 0.7224585925569686 0.7224323218302621 0.717063633649779 0.7179749665746659 0.7151770437867115 0.7239646725664403 0.7147565781649883 0.7134258886061259 0.7209510682310533 0.7132545747923458 0.7170765171412585 0.7190432268361518 0.7139954853660108 0.7127576662696676 0.7132599482779186 0.7141355988390509 0.7163837307619952 0.7148648884592107 0.7186176413646828 0.7162398428580535 0.7181352100230677 0.7188462800785591 0.717536375837495 0.7134286097978566 0.7159944225719539 0.7167253541307429 0.7186019859903767 0.7162761389058716 0.7180537239188932 
0.5104380456122042 0.7231917386161677 0.7219520374183586 0.7167095082880184 0.7212464086537475 0.7153039169498668 0.7253918607785829 0.714690783573103 0.7185704699363903 0.7207972960251646 0.7222572806886159 0.7172452560214564 0.7185644887252794 0.7216754470089235 0.7191203798875053 0.7163871819057556 0.7173448908658979 0.7164878057671568 0.7148845950050713 0.7228365761920359 0.7169148817649481 0.7176102666158536 0.7181622314227074 0.7216549589334996 0.7135724196066313 0.7148244171859728 0.7165244942319673 0.7187034367275809 0.7162783039358259 0.7185916244298922 
0.5104800595803533 0.7231917386161677 0.7219516345995034 0.7167020325912419 0.7212464086537475 0.7153039169498668 0.7253918607785829 0.714690783573103 0.7185704699363903 0.7207981495283501 0.7222141432585371 0.7172452560214564 0.7185644887252794 0.7216754470089235 0.7191203798875053 0.7163877463758832 0.7173785448602487 0.7164175136060421 0.7148845950050713 0.7228407895708098 0.7169148817649481 0.7176102666158536 0.7181622314227074 0.7216549589334996 0.7205406481727045 0.7148244171859728 0.7165244942319673 0.7193521276202943 0.7162783039358259 0.7185916244298922 
0.5108993327362453 0.7231917386161677 0.7219520384607231 0.7167164169823708 0.7212464086537475 0.7153039169498668 0.7253918607785829 0.7146545795340544 0.7185492954780797 0.7208966605370003 0.7220043584330903 0.7171561456438285 0.7190928407275269 0.7214307023760513 0.7192875188006419 0.7164223596174261 0.7285919788958914 0.7151549526403613 0.7148793156006713 0.7229281155830763 0.7169148811295084 0.7176102666158536 0.7187122140814814 0.7216549589334996 0.7134793899192078 0.7189164359076552 0.7165244942319673 0.7187013887517486 0.7162758263180847 0.7185538182268287 
0.5110315031446266 0.7231917386161677 0.7219520384607231 0.7167091511540832 0.7212464086537475 0.7153039169498668 0.7253918607785829 0.714690783573103 0.7185492954780797 0.7208966605370003 0.7222572168875625 0.7172531086697722 0.7203777018469397 0.7216754470089235 0.7191203798875053 0.7164181040972251 0.7173430563028119 0.7151549526403613 0.7148793156006713 0.7229284412034997 0.7169148817649481 0.7176102666158536 0.7181622314227074 0.7216549589334996 0.7134793899192078 0.7159924770865972 0.7165244942319673 0.7187013887517486 0.7162758263180847 0.7184971453596503 
0.5112595108835867 0.7231917386161677 0.7217572861192127 0.7167021374457393 0.7212464086537475 0.7153038389169364 0.7254498277295953 0.714690783573103 0.7185696557296994 0.7208905965713098 0.7222572168875625 0.7172457236364691 0.7190664016328131 0.7216754470089235 0.7191203798875053 0.7164181040972251 0.7173430563028119 0.7151549526403613 0.7148793156006713 0.7229267597925617 0.7169148817649481 0.7176102666158536 0.7181622314227074 0.7220118288761799 0.7205309879340149 0.7159836891696483 0.7165244760987193 0.7187013887517486 0.7162758633432643 0.7184971453596503 
0.5117533443662989 0.7220030875447413 0.7217845551632484 0.7169413809758298 0.7179683166540014 0.7151777812333571 0.7239587057718758 0.7143338390492459 0.7179910541283896 0.7087992694361669 0.7171728794079072 0.7130923891347994 0.7190559034578368 0.7218752290666294 0.7184394153464594 0.7189899471491498 0.7141309742092774 0.715165756690642 0.7148193276502014 0.7186541550176075 0.7162359149166562 0.7181351520812108 0.7186061901375144 0.7265312447046032 0.7130514291421352 0.7159232179053056 0.7167286565252227 0.7186020102622961 0.7158980114167546 0.7180798087053862 
0.5121748475960114 0.7224202821936961 0.7219516345995034 0.7169394401126319 0.7209743259805483 0.7153062200399594 0.7244949555956974 0.7146819331113732 0.7179698457542898 0.72079727501937 0.7220243489484122 0.7170017956143473 0.7185397939523662 0.7214304807066675 0.7191598005665176 0.7156772341996899 0.7140581363243227 0.7163826090039753 0.7115657593498848 0.7228407895708098 0.7169195273193684 0.7181352130435971 0.7181376506381816 0.7266778486170965 0.7137250540531116 0.7159943814173892 0.7167235766464325 0.7193212075812786 0.7162783011759652 0.7184647199258234 
0.5126710195778239 0.7240691732728443 0.7219508952950447 0.716933869420121 0.7209678997601842 0.7153041529961186 0.7245295668400693 0.7146668366145914 0.7187913103646121 0.710748198225295 0.7220145571707269 0.7130434130409484 0.7185416628573916 0.7214304807066675 0.7228245599798665 0.7157454074366396 0.7140581363243227 0.7163186597303061 0.7115657593498848 0.7228407895708098 0.7169144459317144 0.7181460886965307 0.7182745021634709 0.7266690378854486 0.7297432282369507 0.7159448359371352 0.7165244942319673 0.7193694461316653 0.7162783059618686 0.7180511901833101 
0.5131072395539374 0.7224585925569686 0.7224517231059736 0.7167037073763692 0.7209741970966262 0.7151770437867115 0.7239646725664403 0.714760608345023 0.7190219299072279 0.7209510682310533 0.7132545747923458 0.7128245610369436 0.7190582348723096 0.7139954853660108 0.7225636417640932 0.7164000514745554 0.7141376215877829 0.7163822616207094 0.7147542998754114 0.7227892983530507 0.7162428307519816 0.7181352100230677 0.7181629574737819 0.7219715566203425 0.7137157717503234 0.7159944225719539 0.7167199158903393 0.71932115704752 0.7162761389058716 0.7187681443745911 
0.5135768200433599 0.7232316565386931 0.7219236832903047 0.7169394401126319 0.7212495750102105 0.7204087407902976 0.7244906822954034 0.7151428778682815 0.7185553721449459 0.7209727885894437 0.7220145571707269 0.7258825297317039 0.7191018421462824 0.7214304807066675 0.7258742510681947 0.7171457746742834 0.7286923244254655 0.7156065209665111 0.73180696547856 0.7228407895708098 0.716914881133909 0.7178510374654535 0.7187079675259666 0.7167345853581669 0.720332347208894 0.7189467429037785 0.7165242320534173 0.7193521276202943 0.716430861977735 0.7185536073855538 
0.5141394134959455 0.7231766612346961 0.7229684595512522 0.7142656864427748 0.7211034153865851 0.7275502307230616 0.7254289194765845 0.7146913999546013 0.7190857869148018 0.7208871614371011 0.723572661807393 0.7269320712418864 0.7193518547080241 0.7295914761963586 0.7318995258908587 0.7271690940848398 0.7173431914122002 0.729141611793784 0.7148493830557117 0.7229289959708431 0.7183834940485727 0.7176226221448972 0.7187036239538992 0.7172082497023501 0.7280708123879954 0.7158796743690349 0.7165278381469536 0.7187272620463182 0.7246448633988669 0.7184569224962574 
0.5142812641173593 0.7229756480650453 0.7226160498499168 0.7174383417724202 0.7212542585982261 0.7148233497835256 0.7249218943920122 0.7151469513985675 0.7189302366374916 0.7211014097108744 0.7236131396145848 0.7256457499084493 0.7181730203842438 0.7217624661802534 0.7189014645299716 0.7179431545324994 0.7268344704255219 0.7158685067154358 0.7320085056482166 0.7159108568343222 0.7222322112473565 0.718233580226315 0.7181636192826064 0.7275202480668813 0.7205564983905315 0.7191525577044394 0.717417378508855 0.7193552575065754 0.7259286127814718 0.717672259101038 
0.5151483111207799 0.7243893992967232 0.7310039244701142 0.7292193915197676 0.7211053625237824 0.7151551479253918 0.7239658360569485 0.7291349769421523 0.7269171635298137 0.7325747095551997 0.7219735949505012 0.727055675787279 0.7188037842280226 0.7296081000796915 0.7320135462407762 0.7273295377245901 0.7268872054240155 0.7267424819644897 0.7147045330216665 0.7226044634179761 0.726823854193318 0.7305925804144977 0.7285591021924613 0.7342950420822438 0.7286125852794666 0.7300563088298363 0.717709579208043 0.7198973053380703 0.7245796151482204 0.7332314031148383 
0.5158202667712342 0.7229396991144679 0.7307282920489426 0.7287712477506081 0.7212486998550546 0.7280409038781276 0.7239646116955729 0.729855617107169 0.7275802233041241 0.7325479239824907 0.7219786200230476 0.7161665434152871 0.7188037842280226 0.7296300701300099 0.7317587101379395 0.7271269571534894 0.7180991568104853 0.7329538773344537 0.730143837599 0.7228359973725355 0.7223539170369083 0.7306279383232134 0.7187529389164585 0.734444693541339 0.7279128870097439 0.7300814650515365 0.7158139725207296 0.7187177066660585 0.7258646513772744 0.7331602573770593 
0.5163492668231738 0.7244506070628391 0.7313302730672836 0.7261850415701122 0.7317500448440114 0.7150695912158043 0.724492252569668 0.7298446213662493 0.7278095504577627 0.7332051968836276 0.7225642056659946 0.7270072667511599 0.7188180525371964 0.7296033929858776 0.7319952985221174 0.7269606350583886 0.729093305281981 0.7267465841137277 0.731704563082338 0.723320718244999 0.7274010831123969 0.7319695130697657 0.7276350935409233 0.7340402977273228 0.7284017153814117 0.7300661945189058 0.7305385029521072 0.7341474124128012 0.7259706020072189 0.7328659057467979 
0.5170957937766356 0.7240242875354057 0.7310793914271351 0.729081819711893 0.7208875257878534 0.7280398321344718 0.7249054003373906 0.7294242926737571 0.7275801921636881 0.7325742712844749 0.7219793292256333 0.7270565051112264 0.7188037842280226 0.7296277184749683 0.7320140244347465 0.727128090166048 0.7282384802658772 0.7267531078362276 0.7300882662597186 0.7226251473441199 0.7273294241333152 0.7183688089899438 0.7283320525860524 0.7237284334081354 0.7283951754124348 0.7300563088298363 0.722844606718053 0.7199107261469994 0.7259278830249736 0.7331595126301399 
0.5185586954600894 0.7240724229984962 0.7312995375731419 0.7291358435727315 0.7203994927173305 0.72817122334139 0.7244855949313402 0.7296864690977493 0.7276929785598665 0.7325501131717684 0.7218686872965073 0.7270382917923173 0.7298386588903949 0.7296512402447819 0.7320117687751803 0.7400603377387596 0.7174908210700264 0.7279328800940277 0.7316981189519901 0.7233248828916905 0.7271817037505445 0.7184960374095275 0.7181404254930069 0.733794169549524 0.7284025958110324 0.7300568644228261 0.7306282129274534 0.7196911540208564 0.7245927635044038 0.7329373015277009 
0.5191620098757114 0.7240242857582899 0.7307076323600046 0.729110879447893 0.7317836890140711 0.7280409555330553 0.7245282940483099 0.7294092350978021 0.7275802233041241 0.7332425685087594 0.7219786200230476 0.7270565194568845 0.7189936966573772 0.7296300701300099 0.7319927111406715 0.7269574195742398 0.7283265960943536 0.7265521115726388 0.7316684398076275 0.7230589068874634 0.7272948994658752 0.7304473552119815 0.7283298846107614 0.7340436989524787 0.7283941098668655 0.730082031504685 0.7265752783532606 0.7205683301893913 0.7259884766471766 0.7331602573770593 
0.5194275521888382 0.7233118972558831 0.7310754003510768 0.7263427235650652 0.7317500448440114 0.7280463471485268 0.7244954608614663 0.7298446213662493 0.7278527996222742 0.7332178781341404 0.7354641291869405 0.7270495886906041 0.7325501297441265 0.7296033947173831 0.7319952985221174 0.7269606350583886 0.729093305281981 0.7267466407152848 0.7316720978548147 0.7233241278641722 0.7274009310193582 0.7319695130697657 0.7276350935409233 0.7340402977273228 0.7284017153814117 0.7300461244994461 0.7305385029521072 0.7341474124128012 0.7259706020072189 0.7328659057467979 
0.5201838630268225 0.7233118237219412 0.7312923238264516 0.7263427235650652 0.7317464629785924 0.7280463471485268 0.7244954608614663 0.7298444577160454 0.7278527996222742 0.7325234069864364 0.7354641521996379 0.7270025868169442 0.7325501297441265 0.7296259224735855 0.7319950451916828 0.7269606350494168 0.729093305281981 0.7267466407152848 0.7316720978548147 0.7233241278641722 0.7274009310193582 0.7319695130697657 0.7275804608716326 0.7337945961375354 0.7284017153814117 0.7300461769188726 0.7305385029521072 0.7341474124128012 0.7259706020072189 0.7328682509643981 
0.5212224271700411 0.7233040647763066 0.7311471305559104 0.7263332704203791 0.7314925743004907 0.7279150834439557 0.7244924119559668 0.7294509516898149 0.7278527996222742 0.7333415255518229 0.7354514194551091 0.7375149355404496 0.7394735192187891 0.7309477796745297 0.7319984455298901 0.7269304200979239 0.7290957314463276 0.7267413695842121 0.7298005384379305 0.7233241278641722 0.7275223374088206 0.7319704278426392 0.7279092797143175 0.7339159901857573 0.7362192015248572 0.7292121762948595 0.7311096553220127 0.7341490234814341 0.7259706020072189 0.7332246278704656 
0.5218147845645487 0.7233119116278822 0.7310754003510768 0.7263427235650652 0.7317262121889346 0.7280463471485268 0.7249752011845076 0.729844545332544 0.7310664388226537 0.7332178781341404 0.7358523063115805 0.7269996259222469 0.7325501297441265 0.7299049621861942 0.7319952985221174 0.7269606350583886 0.729093305281981 0.7264478116288107 0.7301077504291839 0.7233241278641722 0.7274009310193582 0.7319695130697657 0.7276123834699604 0.7340445070832935 0.7283730619730956 0.7300461244994461 0.7308676062853178 0.7341474124128012 0.7259883944504234 0.7328658296169842 
0.5227755823328392 0.73867988456416 0.7311986844616258 0.7342910890903732 0.7312230052506649 0.7416578723197496 0.7251324097312934 0.7297088786667012 0.7278114772192261 0.7333068443966546 0.7357622447259166 0.7372552363985267 0.73200352189416 0.7386477762635665 0.731673157789155 0.7398454839550846 0.742381244036305 0.726940280176294 0.7300581720456576 0.7320706981635549 0.7362053738440154 0.7319847883618928 0.7371182162322727 0.7341220089242625 0.7358971034755588 0.7293586934735206 0.7354095281895677 0.7342932853555004 0.7372454618727386 0.7327223875074446 
0.5231761081352859 0.722364383906291 0.7313606342054367 0.7264634003752399 0.7312386847815768 0.7415600711324085 0.7244543686107765 0.7294543243383835 0.7227133260494468 0.733341649241435 0.7357617596829038 0.7372550759409509 0.7391462041108448 0.7309499824732226 0.7320082564583663 0.7402931961058401 0.7323984524454268 0.7388754066531455 0.7298725301521377 0.7319558573097585 0.7273107858420494 0.731973805781866 0.7371182162322727 0.7339158951723935 0.7274962769220643 0.7292066875249407 0.7353981811867089 0.7232001232527785 0.7266061786035108 0.732720233656252 
0.5233337994423732 0.7383031866951364 0.7312935467588478 0.7263447722409566 0.7306479050209514 0.7280463649109381 0.72550567404004 0.7313446740517625 0.7278528790316566 0.7333298794459187 0.7357553375862869 0.7373387346277039 0.7390876857604518 0.7387526403009477 0.7320144839502534 0.7269581209141961 0.7291298729615044 0.7391401282745701 0.7316720978548147 0.7318301317180996 0.7364227901233922 0.7318288049350556 0.718342744738822 0.7337952077901889 0.728342419106932 0.7294511953010172 0.73522815681595 0.7347927622724362 0.7259706020072189 0.7328682513468457 
0.5244755184654122 0.7227904761055324 0.7310941528684302 0.726338972952797 0.7317168436017663 0.7415469070349474 0.7362695787855447 0.7311371388998089 0.7307085813756248 0.7330483173189464 0.7357423185067621 0.7266865509812667 0.7388846275825823 0.7298719029159071 0.7338776788367597 0.7339581145701531 0.7411316048484845 0.7390229559472458 0.7401510217657159 0.7440343221462924 0.7362494384634811 0.7318401613305066 0.742038976055812 0.7340073855707538 0.7362742351935497 0.7291977937937587 0.731403640706451 0.7348029919195151 0.7369549314601136 0.7327336966708654 
0.5248393644213334 0.73867988456416 0.7311986844616258 0.7342910890903732 0.7312230032618356 0.7414479454837077 0.7251324097312934 0.7314589715623971 0.7307873956709185 0.7334807984269143 0.7357622447259166 0.7372552363985267 0.7391462041108448 0.7383922189450064 0.7316742867551642 0.7402931961058401 0.7421567144168645 0.738662381604137 0.7298725301521377 0.7320721746809266 0.7361647536466727 0.7319734974269416 0.7371182162322727 0.734138004875653 0.7358971034755588 0.7290058972189795 0.7354095281895677 0.7232001232527785 0.7372454618727386 0.732720233656252 
0.5252424764302219 0.7329509746404934 0.7364128067193367 0.7394701772422111 0.7312231031265789 0.7412781777926253 0.73658321519933 0.7293877096972833 0.7311049079508743 0.7333433499813584 0.735799434292148 0.7373266205554754 0.7390465133655794 0.7387257069685698 0.7308228436940174 0.7406838870919334 0.7412573319447976 0.7389138216481485 0.7300592931274928 0.7426078499012044 0.7363719891104374 0.7314121189271365 0.7371039833412469 0.7341396740790562 0.7359735505643027 0.7294002549989012 0.7356797432784214 0.7348065563174264 0.7369531948662094 0.7327179354661818 
0.5264529477786078 0.7385860776601044 0.7316848120515654 0.7330440068776342 0.7309658939156191 0.7414415495669496 0.7381799072496462 0.7419919777607312 0.7395322674396588 0.7330239339003559 0.7357455301097306 0.737307241543273 0.7390375774709144 0.7386266221876469 0.7335551055190322 0.7331643706671402 0.7393795684490996 0.739025954001145 0.7401527303034583 0.7411370852693292 0.7363717400535513 0.731824957827725 0.7420565366300863 0.7341630206536575 0.7359851370915269 0.73985762665901 0.7356787020555865 0.7348496316627507 0.7369526193285624 0.7332296717690135 
0.5276426514609156 0.7384642116529738 0.7309451795245955 0.7400552957969503 0.7309658588431893 0.7265296161864652 0.737840751028833 0.7313252563892005 0.7397367835142903 0.7329984011589458 0.7357247421133327 0.7327883983659449 0.7390134674173826 0.7387430121505149 0.7338699788685118 0.7331927723067563 0.7323226651569363 0.7390256027353652 0.7401649825709 0.7314359586124414 0.7357242543597171 0.7329342351782496 0.742304642799144 0.7340073855707538 0.7497057364323444 0.7402455859804344 0.7356760448614484 0.7348024367017659 0.7369526193285624 0.7332232065697776 
0.5281833067284726 0.7385860776601044 0.7426780651473844 0.7400601243258429 0.730965858090575 0.7414415495669496 0.7378413426396997 0.7419906341647413 0.7395322674396588 0.7330234596316461 0.735745540940457 0.737307241543273 0.739028936409184 0.7387323546410206 0.7335551055190322 0.7331629784976083 0.7392976477206165 0.7390270987385483 0.7401527303034583 0.7346912771278027 0.7357804455478111 0.7321025066868543 0.7420549958159756 0.7341562642176791 0.7359851370915269 0.7402536121147606 0.7356760082549816 0.7348496316627507 0.7369526193285624 0.7332296717690135 
0.5295874191118709 0.7384677301162996 0.7309455106333491 0.7428589751459533 0.7309652629865642 0.742228524460415 0.737840751028833 0.7313252563892005 0.7397367835142903 0.7329984011589458 0.735764998002914 0.7326325667351508 0.7390013670862436 0.7387328121909278 0.7419967032962919 0.7331927723067563 0.7322573627383404 0.7390256027353652 0.7400439803258985 0.7412485941049134 0.7357242543597171 0.7329273957205585 0.7425366724617022 0.7455836643251662 0.7510045716870378 0.7402526406134184 0.7356760058631778 0.7348024367017659 0.7369526193285624 0.7332235015707043 
0.5298440477951182 0.739209517380613 0.7427398155101373 0.7428679831424742 0.7313102494655959 0.7421663495174604 0.7389571870379894 0.741846314397325 0.7401146637588181 0.7332999308864075 0.7434023936111241 0.7425606581776315 0.7392591285073452 0.7387320734165088 0.7422596805379053 0.740485192676564 0.7420476785891089 0.7389129580714683 0.740044271017741 0.741867120754421 0.7357401856497604 0.7321021556964495 0.7341258171132955 0.7460291501577313 0.7306082675915171 0.7402530411812559 0.7358261521162351 0.7348034668180186 0.7367127295507302 0.733558146303249 
0.5299597487319563 0.739209517380613 0.7427398155101373 0.7428679831424742 0.7313102494655959 0.7421663495174604 0.7389571870379894 0.7419726501373923 0.7401146637588181 0.7333162275955478 0.7433446588279321 0.7425606581776315 0.7392591285073452 0.7387320734165088 0.742284242991546 0.740485192676564 0.7420476785891089 0.7389246240564464 0.740044271017741 0.741867120754421 0.735777265287843 0.7472734303715425 0.7426173619985852 0.7460301588043987 0.7306082675915171 0.7402530411812559 0.7358261521162351 0.7348034668180186 0.7367127295507302 0.733558146303249 
0.5307510452446983 0.7474650375566738 0.742833861881894 0.7399448200284966 0.7492494012574652 0.742364289327814 0.7364964373785768 0.7419652736144596 0.7493692323924681 0.7329339570586212 0.743736217130194 0.7375285945910258 0.7522329234797285 0.7386642267538628 0.7342798450940259 0.740001580694913 0.7410345057386741 0.7390519839012433 0.7395100550941341 0.7437814413189341 0.7380670652158908 0.7324234288845421 0.7419808131954747 0.7341816572453244 0.7461745458112782 0.7402645844290361 0.736085961852199 0.734655180950992 0.7394667669023787 0.7453263895145446 
0.5315937828716275 0.7389515921536977 0.7427058224125781 0.7426912340341587 0.7488400635130223 0.7421999916776872 0.7390080254242472 0.7420376042507316 0.7401195898792119 0.7379435694108504 0.7436763834404536 0.7426168510133219 0.7398374005619552 0.7439653817337891 0.7454709131867342 0.7399998528198063 0.7421076081152709 0.7446473342915075 0.7400385158840428 0.7412269289030659 0.7380640911152425 0.7482951285506005 0.742767043592837 0.745786304035969 0.7461764170119785 0.7402683368951172 0.7463800612570424 0.7345093311474004 0.7394532057971719 0.7452447055834132 
0.5315901829173699 0.7389515921536977 0.7427033435601368 0.7426912340341587 0.7488480115291731 0.7421999916776872 0.7390080254242472 0.7414097210235043 0.7401195898792119 0.7379435694108504 0.7436763834404536 0.7426168510133219 0.7398374005619552 0.7439653817337891 0.7454745018807843 0.739962536959653 0.7408432865586363 0.7446736599123637 0.7400385158840428 0.741218566703336 0.7380640911152425 0.7482951285506005 0.7419809149202612 0.7457863757176397 0.7461764170119785 0.7402683368951172 0.7463800612570424 0.7345093311474004 0.7395344833090837 0.7452162856615786 
0.533527498189426 0.7393113499119701 0.7423110872452913 0.7424489525327498 0.7499796122140617 0.7423314685068032 0.7415841391745805 0.7419374971420021 0.751542843889586 0.7331655511047324 0.7451759785101488 0.7427830452437582 0.7421281015621202 0.7434250662452464 0.7455555080314622 0.744628047741713 0.7487823877285569 0.745488528861279 0.7399767511093921 0.7440632451969278 0.7477898674174327 0.7477198492481371 0.7421335421226166 0.7460447144980211 0.7462023944956808 0.7403360027891254 0.7466297431411499 0.7518438452659663 0.7402120651737073 0.745366320483279 
0.5346979645017357 0.7461306616115659 0.7423090330919753 0.7422465002990193 0.7499573050180806 0.7438159057750845 0.7414838202024715 0.741965346877961 0.7482461367363109 0.7378221219110267 0.7451778986340228 0.7422673500185281 0.7512053089574355 0.7440408933468988 0.7454678011237115 0.7453053995213308 0.7412716450897633 0.7519214180155112 0.7400369857764283 0.7436651780034693 0.7385176394424687 0.7473119444500118 0.7433256666192296 0.7459933978666313 0.7461984930797257 0.7487887481513883 0.7468966071891995 0.7417275455721056 0.7403349880259974 0.745370248543792 
0.535429924354316 0.7461448440683879 0.7427782706945327 0.7422311415189098 0.7499094658823466 0.7440154761772715 0.7389896061504565 0.7422253251567593 0.7514748319193695 0.7418756922793545 0.7451758000708898 0.7423181497904479 0.7416014038991053 0.7440397841290586 0.7454639786635808 0.7446000147226752 0.7487823891278296 0.7455240042333665 0.7400225482419085 0.743661789896041 0.7480009441334635 0.7473340795457221 0.7420335111793624 0.7457041850813158 0.746202336400402 0.7403996421306196 0.746593032802596 0.7518210025495885 0.7569972579543804 0.7452678739348717 
0.5359982845019424 0.74694920275463 0.7427750993401144 0.7427765827388836 0.749945260282277 0.7438337827161797 0.7415626060715063 0.741965346877961 0.7482461367363109 0.7378959978427249 0.7451761685581157 0.7427760048317996 0.7515436529952305 0.7434125870209972 0.7454792927604527 0.745326174117223 0.7411938609466705 0.7519214180155112 0.7400369857764283 0.7436652298400757 0.7385176394424687 0.7473335181261687 0.7433314523420366 0.7462542184963563 0.7462023976306268 0.7490966634813575 0.7358577322201172 0.7528519875569533 0.7568684355567055 0.745370248543792 
0.5361048773391767 0.7461309579710677 0.7423090330919753 0.7422465002990193 0.7499573050180806 0.7438337827161797 0.7414838202024715 0.741965346877961 0.7482461367363109 0.7378255509700836 0.7451778986340228 0.7422673500185281 0.7512053089574355 0.744037100663493 0.7454678011237115 0.7453053995213308 0.7411938609466705 0.7519214180155112 0.7400369857764283 0.7436652298400757 0.7385176394424687 0.7473119444500118 0.7433256666192296 0.7459933978666313 0.7462023976306268 0.7487887481513883 0.7357643260243585 0.7417275455721056 0.7403446723189693 0.745370248543792 
0.5368857939614992 0.7472244682240308 0.7423076334917409 0.7427763666915853 0.7499385847914519 0.7423315919585347 0.7387823489117524 0.7422233436483885 0.7489299475501237 0.741511855888827 0.7451656693345432 0.7429982266036945 0.7523031424010506 0.7440402431651358 0.7454639802718401 0.74549244418459 0.7487881299729897 0.745510621078383 0.7400362501676467 0.7431397118058112 0.7477495787541131 0.7473119584040853 0.7434207045100703 0.745821195049353 0.7462047455015683 0.7490786707509095 0.7464219196584022 0.7523639988631222 0.7570532300947136 0.7453736529484176 
0.5376919005338713 0.74694920275463 0.7433692433135124 0.7428272552229287 0.749945260282277 0.7423894794461481 0.7388183972671792 0.7541443727647217 0.7489540339344128 0.7378959978427249 0.7451829644699242 0.7427759562539238 0.7516174147780881 0.7439829519037185 0.7454792927604527 0.7453324318178152 0.7488249970897554 0.751329989748712 0.7400815051582667 0.7436652298400757 0.7385176394424687 0.7473395499384201 0.7435167028038906 0.7462542184963563 0.7462023976306268 0.7404770781513055 0.7356895704811296 0.7528456145438829 0.7568621617011323 0.745370248543792 
0.5378693860991209 0.7471000667651498 0.7584822844209179 0.7567245171889015 0.7499273446355796 0.7423450638645628 0.7415609367711586 0.7407808274898168 0.7514920307204591 0.741584557538647 0.75692153354142 0.7427851957178224 0.7523060775805814 0.7440010264296357 0.7452719831383654 0.7446278197877557 0.748787866980481 0.7455106292040212 0.7406630103384115 0.7436642917830085 0.747799607842883 0.7473338354188551 0.7435376041044583 0.7446401357845934 0.7465845783958643 0.7485008962100561 0.7464313945843403 0.7527888832070885 0.7398213444429275 0.7453728104113053 
0.5381329403797112 0.7470835752635474 0.7434120676789846 0.7483421051031087 0.7499273446355796 0.742367719214976 0.7415989803168597 0.7419898688355734 0.7478320555258362 0.7415122198212385 0.7560958476332269 0.7429966703013734 0.7521514953951642 0.7438669086594382 0.7452719831383654 0.7446111253700358 0.7488578874288242 0.7514171906470906 0.7389378118472606 0.7436933904060596 0.747819146602065 0.7473330984005339 0.7420028546429743 0.7454281336988244 0.746574526814011 0.7485034450233402 0.7462572401105473 0.7520572104220958 0.757043965544393 0.745372361869508 
0.539258310869964 0.7470992524263164 0.7434632790157536 0.7565150301003268 0.7497636084155471 0.743681090458785 0.741560394750343 0.7540132746334061 0.748913848917478 0.7416806047823566 0.7450666051459056 0.7427767102083997 0.7515429615344171 0.7440011340245389 0.7452734392569496 0.7446110812283786 0.7488272772976292 0.7514127721795557 0.7406724199610275 0.74371021223694 0.7477983213910236 0.7473336151278686 0.7423427662797396 0.745443922906989 0.7462061184410362 0.7484981461992715 0.7502257547853742 0.7527625190284088 0.7570463656148018 0.7453793000733643 
0.5394536609209057 0.7502244287610016 0.7434650299517621 0.7565185770827717 0.7499361452427089 0.7438026469227216 0.741513055486911 0.7419748838600226 0.7489416932925195 0.741607518152835 0.7450853277046278 0.7432066335480538 0.7515287784684592 0.7439923020373292 0.745459749038215 0.7446168680172403 0.7488272772976292 0.7514127721795557 0.7406933235805645 0.7436354710542598 0.7477964009904128 0.7473336159837564 0.7423398927525818 0.7459055460876638 0.7463155000281065 0.7490929649590258 0.7502257547853742 0.7521376324133898 0.7570503604139323 0.7453517826448106 
0.541398879998716 0.7471000667651498 0.7595632341540339 0.7567245171889015 0.7499273446355796 0.7423450638645628 0.7415609367711586 0.7422652794046033 0.7489665509547494 0.741580540015263 0.7569418600853546 0.7430052201234543 0.7523060775805814 0.7440010095246774 0.7452719831383654 0.7446119423058587 0.7488250689618119 0.7454684957890254 0.7406648407065021 0.7436409864494775 0.7478117030049006 0.7472237020819802 0.7422458238706269 0.7447475084043613 0.7465845783958643 0.7485039411468725 0.7464313945843403 0.7527888832070885 0.7570033310840087 0.745372361869508 
0.5415232296042084 0.7470978115987255 0.7435226176172093 0.7566310960182019 0.7499275864217188 0.7438603808598415 0.7413712017631335 0.7409252026463833 0.7489652463593092 0.741607913602296 0.7563295326905224 0.7427829121787268 0.7521469391442663 0.7439922512697381 0.745475925518753 0.7446111253700358 0.7487889010628507 0.7513478113704312 0.740662874455229 0.7436938609974502 0.7477962035134862 0.7473322832603821 0.7434769797970011 0.7532963461866103 0.7465952140209083 0.74904445124564 0.746633394712754 0.7527748471824366 0.7558183490770606 0.7453723623753034 
0.5425939398066082 0.7470992524319281 0.7589464569125455 0.7567245171889015 0.7499273446355796 0.7423450638645628 0.7415609367711586 0.741940050444821 0.7489688171854306 0.7416820459053114 0.7563295326905224 0.7427829121787268 0.7521514953951642 0.7439923759563016 0.7454743908692015 0.7446111253700358 0.7487879089632982 0.7514171906470906 0.740662873814487 0.7436941834685075 0.747796313170873 0.747333486214042 0.7423193683058986 0.7532963461866103 0.7465762622817855 0.7490712641207674 0.7464266699516365 0.7527890601603845 0.7570482286922061 0.7453723623839235 
0.5427096987925353 0.7470992524319281 0.759250872107124 0.7566380111436565 0.7499249779396971 0.7423450638645628 0.7415744244716166 0.741975801744784 0.7489144398720724 0.7416069118000153 0.7564046529520633 0.7427829121787268 0.7521679249792784 0.7440010095246774 0.7452719831383654 0.7446115066781495 0.7487879024165821 0.7514170870729636 0.740662873814487 0.7446687178429654 0.7477961365646418 0.7473335999291685 0.743592830662817 0.7532963461866103 0.7462141944024092 0.7485566144896957 0.7464295480501131 0.7527318277217714 0.7570482286922061 0.745372361869508 
0.5470296605397058 0.7470992524319281 0.7434648449104437 0.7567245171889015 0.7499273446355796 0.7423450742502441 0.7415609367711586 0.7419767494550434 0.7489141570547716 0.7416807632271845 0.7560860674649568 0.7427796999964437 0.7521331041576413 0.7439444415587794 0.7529297184395054 0.744611125210747 0.7487877060976326 0.7514171906470906 0.7406628734683822 0.7436941834685075 0.7477983257804283 0.7473334872370895 0.7423193683058986 0.7532963461866103 0.7465701335642427 0.7485008962100561 0.7500721036600003 0.7527888832070885 0.7556059945274691 0.745379040527839 
