0.37094022297685064 2.0368443579335103 
0.43028646878475896 1.7047416286201293 
0.40802323810231145 1.8491794240200896 
0.41556992771715834 1.8144098334171876 
0.4489153854291912 1.5998219016735282 
0.5139716460272551 1.5727652076834622 
0.5861747538543305 1.5592085625190533 
0.6256168908318235 1.5554109841766284 
0.6740231514606847 1.5413589379545358 
0.6917162607801732 1.5340457969875951 
0.7640357450440034 1.5162076317805935 
0.8190943271317044 1.4995097397280661 
0.8539303629266115 1.4908049454346683 
0.858190288704408 1.4877449962033595 
0.8581477289997718 1.4877639363602637 
1.2523747222160317 1.436877891645848 
1.2773018655220887 1.369041558928891 
1.3025862242543855 1.3545113265469182 
1.3876018097552907 1.287781491149204 
1.408879769389774 1.2627481303485553 
1.514150601890543 1.2446164531236312 
1.5192928771818273 1.2136795707700028 
1.5234698609387223 1.2042950316333514 
1.5930848509013265 1.1726951179076777 
1.6557256782571976 1.1295987483631509 
1.748698338383943 1.0695881776560177 
