0.2533821659077972 1.1257667526780604 0.873525186197776 0.8337474883938999 0.9528394175764653 0.7417008832238162 1.0780851919123058 0.7113059707998783 0.9542438538584083 0.8284320380618305 0.6444987214629675 0.9497502895134521 0.6327204335315079 0.8950752657625606 0.8278172955386728 
0.3461009406742406 0.8945063100586428 0.711148624181664 0.9678252407909985 0.984291337036706 0.7040913039620719 1.0261337666536177 0.7092919746317083 0.97036946749453 0.853935781296399 0.856963593982515 1.0635195421927721 0.7153038173069693 0.896539656234068 0.8274918203051821 
0.304717875778897 0.9594982518673453 0.7111486703619345 0.8331867604830108 0.9545039029139589 0.8178170216189081 1.049979382252892 0.7248495519720026 0.9534651364848147 0.7640837171778183 0.5995993149112006 1.0589022302323878 0.7138918301436623 0.9172061728026785 0.8809423929544313 
0.3157338827661066 0.8944646639203658 0.71114862372057 0.904442695510548 0.954872374458832 0.7810095121967214 1.049979382252892 0.799711668740289 0.9532598101783085 0.8539198766476647 0.5971038548294462 1.0589022302323878 0.7138918301436623 0.8961473016291571 0.8296038773614326 
0.3820760476839958 0.8958900729765751 0.8426852404032866 0.9063704427666172 0.9622559033439393 0.7229095204992044 1.0150907137953142 0.6805943731167667 0.9706393059683996 0.8513441571626074 0.8742054237726696 0.872798837534841 0.6872001904652615 0.8499726865233215 0.8278062850904913 
0.4392954347901759 0.9928735659880908 0.8405701316879776 0.9685430687661235 0.8643436018857285 0.7363912035502087 0.9749964421278823 0.8177191228187074 0.8950478015156113 0.855636472817019 0.8228009109443056 0.9347796923766106 0.6624021079321634 0.9122572833068111 0.9474839431434428 
0.49765866686567545 0.9969689699241328 0.8400461013850778 0.9680701543809872 0.9355744542838422 0.6741589331641444 0.970597794325211 0.8121177237777899 0.8529398712020299 0.8807310937521463 0.8218220739443294 0.9447089467600427 0.6622104333786663 0.9105040409508818 0.8667208933269925 
0.5277354036153724 0.9547445877713597 0.8400461013850778 1.00383889932617 0.9064029849961913 0.6746125187535987 0.970597794325211 0.8120387521824654 0.8527132547287957 0.8807310937521463 0.8370403145990359 0.9772680867326906 0.6853281508151668 0.9121444031166273 0.847530278139479 
0.566616656015964 0.9955653865577382 0.8371715123366557 1.0024831295209782 0.9064029849961913 0.6741589331641444 0.9804476156368358 0.7978697685660233 0.8529398712020299 0.8807310937521463 0.8218220739443294 0.9597446576435765 0.6856195362548327 0.9121444031166273 0.8507331843396947 
0.5813185161499442 0.9928462000149694 0.8405315258146365 1.0024831295209782 0.9064029849961913 0.6741589331641444 0.970608170967703 0.8181520282800561 0.8960391901176963 0.8807310937521463 0.8218220739443294 0.9597446576435765 0.6856195362548327 0.9121444031166273 0.866659891088964 
0.6364052546719197 0.9929715062562301 0.8400461013850778 1.0038285914863225 0.9866967613696385 0.7384616242619417 0.9748115187723296 0.8177191228187074 0.8314583385598386 0.9077385677727539 0.8242054411758435 0.9600251521393047 0.7155701345347589 0.8979653144638055 0.8357584228613868 
0.6779517229019618 0.9553877850545737 0.7968352598203707 1.0037323071068625 0.9658023180985973 0.681559549244018 1.0448620327285203 0.6776776028983914 0.8317108750198471 0.9152954302139242 0.8229894891638171 0.9330480045397241 0.7543752895611724 0.9804879457042353 0.8331936333130237 
0.7029130514847833 0.935396267747618 0.8645483317943923 0.851759080728802 0.9658748500870155 0.8262214167419336 0.8268181061521909 0.676409276253474 0.8388740446401816 0.9155636775090646 0.7490771083043959 1.0089576674536869 0.7201006747526459 0.8869956868249497 0.9438703173976614 
0.7066375831716367 0.9362402632345314 0.8626320235370041 0.8517562739804362 0.9658748500870155 0.8262214167419336 0.8268181061521909 0.676409276253474 0.8388740446401816 0.9155641531543559 0.7490771083043959 1.0089576588933944 0.7201004024827259 0.8869956868249497 0.9438703173976614 
0.7066045382948072 0.9362402632345314 0.8626320235370041 0.8517562739804362 0.9658748500870155 0.8262214167419336 0.8268181061521909 0.676409276253474 0.8388740446401816 0.9155972986158221 0.7490771083043959 1.0089576588933944 0.7201004024827259 0.8869956868249497 0.9438703173976614 
0.9292080741837884 0.7327483739394502 0.8821780190241032 0.9739971817002372 0.9655727906422806 0.873419193872361 0.825488823466788 0.6833821190223928 0.8393161276427862 0.8568725668034823 0.7080226523104176 1.0059741837485612 0.6611814203511369 0.9227765362086253 0.8728383478323801 
0.9647538802903113 0.9233008660396858 0.8903984150873735 0.8092807751672098 0.9539904806889872 0.7510450368579609 0.8447266165993966 0.8506408403481744 0.8384706963339147 0.7464432010821153 0.8362431043522225 0.8932457238389332 0.5558206751161077 0.9210414611425172 0.8612347474446617 
0.9802708010688238 0.7346315528336568 0.8821780190241032 0.9739971817002372 0.9655727906422806 0.873419193872361 0.8451192390545351 0.675955416962116 0.8393161276427862 0.857714335737318 0.7059884543744275 1.0059741837485612 0.6611814203511369 0.9216926005869917 0.8568506525927672 
1.0365894011483703 0.9081948972124819 0.8241734370109672 0.8539358305964132 0.9201155649571688 0.7510450368579609 0.8447258876556778 0.8504882511959055 0.8384706963339147 0.8050523351449423 0.9627401408432487 0.893006227174662 0.5558046253029268 0.9216924669613238 0.8092059112399204 
1.053123396522247 0.9071090667457699 0.8786626166278535 0.8533362043034677 0.953361052072614 0.7529542159801855 0.8447266165993966 0.8449670982871932 0.9326644187879606 0.7467234943234036 1.0248915966190326 0.8640468775025731 0.6179533614497824 0.8976244236157984 0.8320911876069883 
1.0924991178239438 0.9578779030782072 0.8298776957743412 0.841839444053028 0.9571864112997799 0.6952770293529258 0.8434516343768624 0.847937330918984 0.8656420687398874 0.8535668724930278 1.0266499253120935 0.863118748197299 0.806562752229744 0.8902045891658761 0.9765656376494664 
1.1049375059965194 0.9071083588453954 0.8807804413039818 0.8301283102081887 0.9533973931355766 0.8199576677792453 0.9585702487658712 0.8440159729955568 0.8655831537291752 0.8019085527194778 1.0123893375152742 0.8681833708093164 0.6155504825167487 0.9889264638821296 0.8300915155524583 
1.1094406544370439 0.9068834298757426 0.8808297799887906 0.8835920137720449 0.9532865325136164 0.7521620247882759 1.0078821809387475 0.844007489750645 0.9058240751345736 0.8031223914944241 0.9724283593944938 1.016895896578665 0.6196542206335102 0.9348737602251962 0.8088432982087901 
1.138915729636882 0.9578779030782072 0.8285517454931337 0.8420539938460164 0.9571864112997799 0.6924367966058015 1.0275691762199837 0.847937330918984 0.8656420687398874 0.8535668724930278 0.8348148703349202 0.8373024412019877 0.8164371902079072 0.8902045891658761 0.9765656376494664 
1.1682336652234377 0.9577717872733192 0.828602542242705 0.8714767062090529 0.9576545305171955 0.7199422727281878 0.9277373824438269 0.8244099723940759 0.968423710634029 0.8529888356023799 0.847564309301255 0.8696070594173908 0.8338582407377745 0.8875248914680699 0.9768387360475094 
1.206434346656802 0.9548442690500205 0.8446848226828809 0.8423979277989045 0.971506511142315 0.719633736485569 0.9283972038953194 0.8468879141535697 0.8996507412127573 0.8529899196963087 0.8567714212150698 0.8686234488160862 0.8339578755384389 0.8874242089382341 0.8479851532303656 
