0.37978509407010674 0.5000335287524245 0.5000027691991262 0.49999422844267966 0.5000092448286786 0.5000002289903505 
0.41634429562935726 0.5000335287524258 0.5000027692424929 0.4999942278143465 0.5000092448300765 0.5000002515260847 
0.3858198801703943 0.5000335287524245 0.5000027691991262 0.49999422843782615 0.5000092448286786 0.5000002289903505 
0.39749293265346824 0.5000335287525557 0.5000027708038765 0.49999420865688776 0.5000092448423981 0.4999991816013821 
0.4090823390663188 0.5000335287524267 0.5000027691991216 0.4999942086569317 0.5000092448328398 0.5000002536380195 
0.42021614636448945 0.5000335287524015 0.5000027691891767 0.4999942274336604 0.5000092448423981 0.500000252953543 
0.7797900844413238 0.5000335287524241 0.5000027691972125 0.499994208760646 0.5000092448286878 0.5000002292592899 
0.7893758627645059 0.5000335287524263 0.5000027692519453 0.49999420865691585 0.500009244842122 0.500000912567625 
0.8020027065003038 0.5000335287524243 0.500002769251585 0.49999420865726774 0.5000092448288449 0.49999996586164414 
0.8131491271225835 0.5000335287524243 0.5000027691989263 0.49999422827744716 0.5000092448507535 0.5000002601356403 
0.8202153503318281 0.5000335287524258 0.5000027692424929 0.49999422787397607 0.5000092448304938 0.5000002515260847 
