0.00999961190413944 0.9000019404981304 
0.009649674788100965 0.9017672417769869 
0.009312705010041056 0.9034976424638183 
0.009188048966463028 0.9041456888477987 
0.012091649261756807 0.8900379644524675 
0.014954885676364618 0.8777098300092578 
0.017780970635678163 0.8666546939870842 
0.02055878764615386 0.8566166409719947 
0.023322145923452695 0.847284100619966 
0.026051503406609867 0.8385952187616182 
0.028760695512975602 0.8304102140075187 
0.031452342231068596 0.8226519178816174 
0.03411758970616842 0.8152905262143589 
0.03676310226918349 0.8082629345452907 
0.039408392958092 0.8014845271569695 
0.04201295653886127 0.7950293764002723 
0.04462200116628179 0.7887607963320213 
0.047212057573804374 0.7827166422069919 
0.04978763696102404 0.7768685657263323 
0.04999988862203748 0.7763934512988551 
0.049949794337259934 0.7766304223344724 
0.10299103487944171 0.6790778367275926 
0.10000224292967147 0.6837686876198509 
0.10209510285734211 0.6804767569372423 
0.10453226772540318 0.6766854971928986 
0.10696064711104458 0.6729516135018481 
0.10939529894763633 0.6692503984165116 
0.11182342508787319 0.6655999026796295 
0.11425201632383568 0.6619881417408027 
0.11667208699793073 0.6584270400076571 
0.11909446941894589 0.6548993343690194 
0.12151742278380283 0.6514065078292441 
0.1239400652704616 0.6479487746499644 
0.12634938371409798 0.6445434151487723 
0.12877353749704099 0.6411497004361832 
0.1311814812104166 0.6378101586040594 
0.13360185708280664 0.6344841219826332 
0.1360186117595007 0.6311929884621217 
0.13842740850738558 0.6279416598067105 
0.1408424734714374 0.6247101473907969 
0.1432555288915914 0.6215088787149804 
0.1456734290406727 0.6183281133739705 
0.14807740957880144 0.6151917236092739 
0.14999952246319698 0.6127022818771107 
0.14068758836242648 0.6249165581334915 
0.2000007007460837 0.5527856210427893 
0.20138790330625117 0.5512373641820774 
0.2038315093464615 0.5485229691928265 
0.2062761278066263 0.5458236820279747 
0.20873215399742476 0.5431278581512933 
0.21117839212082376 0.5404584979342739 
0.21363035257565863 0.5377983637245984 
0.21609143640761808 0.5351436389511077 
0.21855033500980645 0.5325063262355239 
0.22101463249537737 0.5298780663536561 
0.22348096311085533 0.5272622681540479 
0.22595752872039898 0.5246500986426956 
0.2284268113584019 0.5220598244985029 
0.23090012269523583 0.5194793212615758 
0.23338402464207078 0.5169016408203493 
0.23586376347781096 0.5143419274038462 
0.23835455016946422 0.5117843200290837 
0.24085252557411646 0.5092327174982885 
0.24334221682046914 0.506702709494093 
0.24584165404996483 0.5041757831146558 
0.24834300198330378 0.5016597527960402 
0.24999883085757757 0.5000011691437893 
0.3000021265773802 0.45227550120760507 
0.3020019455756044 0.45045296327283835 
0.30461558295988617 0.4480800937093443 
0.30723694526705225 0.44571041389265464 
0.30985647874664674 0.4433524645283635 
0.3124978677830677 0.44098491274110707 
0.31513521596546584 0.4386309449520166 
0.31777836294162526 0.4362816634686918 
0.32042913338574647 0.43393539822229965 
0.32308109006501773 0.43159777440177305 
0.3257534571088174 0.4292518444104988 
0.32842368206825734 0.42691738634970144 
0.3310998892095927 0.42458720103773095 
0.33378612483473996 0.4222577349416611 
0.33648025041690977 0.4199308227315386 
0.33917939666138625 0.41760889716498395 
0.3418810009648238 0.41529409019163843 
0.3445913847181851 0.4129809332583948 
0.3473138540608157 0.4106666019468982 
0.3499996288501207 0.4083923353690212 
0.40000134152736094 0.3675434073967123 
0.4005279507349991 0.36712722389488184 
0.4034137808181252 0.3648513710806539 
0.40631306817774177 0.36257308797185084 
0.40922410729805064 0.36029373357919137 
0.41213599332575096 0.35802181242214237 
0.4150636675842567 0.35574564992989244 
0.41799406336376504 0.35347539616518453 
0.4209502210738456 0.3511932328698739 
0.42389643061868565 0.3489267087196053 
0.4268656200193929 0.346650461070498 
0.4298421329962754 0.3443765310818454 
0.4328315704471489 0.34210063805537183 
0.4358189425107841 0.3398341552982431 
0.438841247612199 0.3375490602224199 
0.4418615119042955 0.335273355502959 
0.4448930324974546 0.3329969771451897 
0.4479262164317392 0.33072709868713557 
0.4499981253683225 0.3291810040194728 
0.5000006936347715 0.292892728339772 
0.501475767271612 0.2918504626340479 
0.5047367627154894 0.2895517170718973 
0.5080360453193214 0.28723352679904934 
0.5113119020824134 0.2849392318953491 
0.5146214571096481 0.28262878709161454 
0.5179444310774991 0.2803164368435951 
0.5212808344625115 0.27800219220380484 
0.5246327463866418 0.2756846360965123 
0.5279977093182865 0.2733654912417891 
0.5313751860680397 0.27104514126865187 
0.5347723718757575 0.268718678020724 
0.5381855120100705 0.26638871872764225 
0.5416089942152081 0.2640591095643563 
0.5450533928480493 0.26172268567424517 
0.5485072120819109 0.25938727253583405 
0.5499974665589734 0.2583818593379923 
0.6000007188034158 0.22540286677304588 
0.6024321140249579 0.22383499561951525 
0.606172960372097 0.2214288983194297 
0.6099377399129001 0.21901489136290175 
0.6137169653096269 0.21659910307070307 
0.6175220248464923 0.21417430377564495 
0.6213389300175629 0.21174944971946708 
0.6251779487553282 0.209318048292913 
0.6290464365705315 0.20687552265074338 
0.6329220791828155 0.20443599931695278 
0.6368283535517933 0.2019847410282224 
0.6407578538644505 0.19952648147209107 
0.6447084045645461 0.19706263970061388 
0.6486759790432733 0.19459576668403755 
0.6499852421515732 0.19378337765115938 
0.7000098344665873 0.16333409626865558 
0.7024490598011515 0.16187765821381928 
0.7067676021093419 0.15930528602271932 
0.7111039067026236 0.15673022898800437 
0.7154756740116445 0.154142048561554 
0.7198751225772412 0.15154545049411094 
0.7242991440772965 0.14894233798332068 
0.728749577749338 0.14633169336718488 
0.7332351800279634 0.14370847252354335 
0.7377440167345436 0.14107973784841799 
0.7422872500316454 0.1384390619163115 
0.7468622279581942 0.13578808851173874 
0.7499999092018164 0.13397464863791875 
0.800027356184477 0.10555751655879131 
0.8042752786411191 0.10318604011694865 
0.809287651246478 0.10039583635552352 
0.8143331951485786 0.09759588035704392 
0.8194096946829965 0.09478748645249246 
0.8245500651781158 0.09195260851753129 
0.8297123811861525 0.08911450709424928 
0.8349222597109797 0.08625919445885544 
0.8401600648868682 0.08339754261355581 
0.8454490532223106 0.08051696414653164 
0.849995397417123 0.07804805037511686 
0.900003561819785 0.051314824707487605 
0.9007447170188663 0.050924282778836316 
0.906528528694585 0.047882082568243556 
0.9123718425395633 0.044818424308988636 
0.9182657690161304 0.041738152165009534 
0.9241984641864699 0.03864758585289341 
0.9302038923119553 0.03552921645497453 
0.9362525223694348 0.032398572567488015 
0.9423523178617897 0.02925167120319505 
0.9485273738743317 0.026076299767619493 
0.9499980743898051 0.025321553336791425 
