0.00999961190413944 0.500000000192898 0.5000000001929212 0.4999999999887834 0.4999999998542632 
0.009649674788100965 0.5000000001924547 0.5000000001929212 0.4999999999887834 0.4999999998542632 
0.009312705010041056 0.5000000001089213 0.50000000029811 0.4999999999892292 0.49999999988048377 
0.009188048966463028 0.5000000001374075 0.5000000002756423 0.5000000001811078 0.49999999988048377 
0.012091649261756807 0.500000000122853 0.4999999997256286 0.49999999988839555 0.499999999713057 
0.014954885676364618 0.5000000001253547 0.5000000003272096 0.4999999999955856 0.4999999997092863 
0.017780970635678163 0.5000000001250102 0.4999999996828986 0.5000000000037624 0.4999999996927386 
0.02055878764615386 0.5000000000687307 0.5000000001067244 0.5000000002415445 0.49999999985767385 
0.023322145923452695 0.5000000001250267 0.5000000003288823 0.5000000000038007 0.4999999996913992 
0.026051503406609867 0.5000000001579991 0.5000000002492327 0.5000000001385584 0.49999999974089154 
0.028760695512975602 0.5000000001315406 0.4999999997135537 0.4999999999891383 0.4999999996877291 
0.031452342231068596 0.5000000001629836 0.499999999656252 0.5000000001574594 0.49999999985436544 
0.03411758970616842 0.5000000000658109 0.49999999967737796 0.5000000001498794 0.4999999997079742 
0.03676310226918349 0.5000000000684904 0.5000000001067244 0.5000000002415445 0.4999999999202708 
0.039408392958092 0.500000000129104 0.500000000180817 0.49999999997583155 0.4999999996327525 
0.04201295653886127 0.5000000000851035 0.5000000003338128 0.5000000001484538 0.4999999997440987 
0.04462200116628179 0.5000000000853148 0.5000000003040097 0.5000000001507627 0.49999999965661635 
0.047212057573804374 0.5000000000664803 0.499999999741531 0.5000000001903759 0.49999999963110464 
0.04978763696102404 0.5000000001259681 0.49999999969031994 0.4999999999894904 0.4999999998735379 
0.04999988862203748 0.5000000001259614 0.4999999996911222 0.49999999998948846 0.4999999998735379 
0.049911207822435244 0.5000000001579991 0.5000000002439675 0.49986022022999654 0.4999999997330986 
0.10299103487944171 0.5000000001244602 0.4999999997443329 0.49999999998832395 0.4999999998541563 
0.10000224292967147 0.5000000001251915 0.49999999970147146 0.5000000000109512 0.49999999987468174 
0.10209510285734211 0.5000000001305915 0.5000000002668514 0.49999999998756334 0.49999999963520025 
0.10453226772540318 0.5000000001299684 0.49999999969676434 0.5000000000546136 0.49999999963683667 
0.10696064711104458 0.5000000001273375 0.5000000003085355 0.4999999999792294 0.4999999997642378 
0.10939529894763633 0.5000000001194669 0.5000000003082775 0.500000000011044 0.49999999966503217 
0.11182342508787319 0.500000000118378 0.5000000001593198 0.49999999982517107 0.4999999996637164 
0.11425201632383568 0.5000000001050797 0.5000000001836241 0.5000000000179365 0.49999999963040026 
0.11667208699793073 0.5000000000595266 0.5000000000763819 0.4999999997520665 0.4999999996314439 
0.11909446941894589 0.5000000001307905 0.5000000001083118 0.4999999996604035 0.49999999985686505 
0.12151742278380283 0.4999999999787901 0.49999999968658215 0.5000000000196203 0.4999999996387543 
0.1239400652704616 0.49999999997195044 0.499999999930554 0.4999999998262483 0.4999999996637293 
0.12634938371409798 0.5000000001367337 0.500000000304843 0.49999999985883176 0.49999999973325376 
0.12877353749704099 0.5000000001041466 0.500000000252534 0.49999999975204407 0.4999999997439015 
0.1311814812104166 0.4999999999687525 0.499999999672906 0.5000000000109516 0.499999999855152 
0.13360185708280664 0.500000000049234 0.5000000000869945 0.5000000000130589 0.49999999985315063 
0.1360186117595007 0.4999999999862393 0.5000000002676783 0.5000000000219881 0.49999999963725217 
0.13842740850738558 0.5000000001227518 0.500000000267716 0.4999999997588923 0.4999999997274345 
0.1408424734714374 0.5000000000631987 0.5000000003082953 0.5000000000295979 0.4999999996642727 
0.1432555288915914 0.4999999999676781 0.500000000268676 0.4999999997254033 0.4999999997475544 
0.1456734290406727 0.5000000001318811 0.5000000002682436 0.4999999997587294 0.49999999972883574 
0.14807740957880144 0.5000000000631987 0.5000000002819573 0.49999999972415315 0.4999999996817059 
0.14999952246319698 0.5000000000631987 0.5000000003082953 0.5000000000295979 0.4999999996643466 
0.14068758836242648 0.5000000000631987 0.5000000003082953 0.5000000000295979 0.49999999966434644 
0.2000007007460837 0.5000000000966459 0.5000000002591419 0.499999999769804 0.49999999964188113 
0.20138790330625028 0.4999999997657983 0.49999999941530776 0.49999999975020404 0.4999999996820312 
0.2038315093464615 0.50000000011057 0.5000000002673624 0.4999999998230688 0.499999999746889 
0.2062761278066263 0.5000000001193465 0.5000000002724193 0.49999999973334397 0.4999999996506874 
0.20873215399742476 0.5000000001092851 0.49999999970361214 0.5000000001269607 0.499999999863599 
0.21117839212082376 0.5000000001396007 0.4999999997405731 0.49999999978367216 0.4999999996822983 
0.21363035257565863 0.5000000001096377 0.4999999997651641 0.4999999998264829 0.49999999971253273 
0.21609143640761808 0.5000000001189753 0.5000000002815829 0.4999999997250408 0.4999999996468629 
0.21855033500980645 0.5000000001195111 0.5000000002741122 0.4999999997568429 0.49999999966007724 
0.22101463249537737 0.5000000001183307 0.49999999973237186 0.4999999998220753 0.49999999964690867 
0.22348096311085533 0.5000000000780614 0.499999999757571 0.49999999982362164 0.49999999964571934 
0.22595752872039898 0.5000000000780614 0.4999999997488501 0.4999999998235846 0.49999999964571934 
0.2284268113584019 0.500000000094647 0.4999999997461006 0.49999999972500414 0.49999999964647407 
0.23090012269523583 0.5000000001632916 0.49999999972108194 0.4999999997514248 0.4999999996472728 
0.23338402464207078 0.5000000000692842 0.499999999721663 0.4999999997977511 0.49999999982243337 
0.23586376347781096 0.49999999999778605 0.49999999972382503 0.49999999980075027 0.49999999964821623 
0.23835455016946422 0.5000000000956331 0.49999999974984316 0.5000000000194416 0.4999999996785647 
0.24085252557411557 0.5000000000955807 0.49999999958104496 0.49999999943146006 0.4999999996381531 
0.24334221682046914 0.5000000000954392 0.4999999997687059 0.4999999998243176 0.49999999964560576 
0.24584165404996483 0.5000000000886458 0.49999999972474407 0.4999999998080325 0.49999999991153066 
0.24834300198330378 0.5000000000955738 0.49999999974950743 0.4999999998216304 0.499999999681843 
0.24999883085757757 0.5000000000955803 0.49999999974950743 0.4999999998216304 0.49999999964836 
0.3000021265773802 0.5000000000946107 0.499999999736945 0.49999999971097214 0.4999999996289386 
0.3020019455756044 0.5000000000880864 0.5000000001427944 0.4999999997515543 0.4999999997898663 
0.30461558295988617 0.5000000000860131 0.5000000000632203 0.4999999997112661 0.4999999997038285 
0.30723694526705225 0.499999999919644 0.5000000001421736 0.4999999996947409 0.49999999962846436 
0.30985647874664674 0.5000000000908983 0.5000000001676334 0.4999999997102539 0.4999999998248754 
0.3124978677830677 0.5000000000474348 0.4999999999999457 0.4999999997113199 0.49999999968167713 
0.31513521596546584 0.5000000000937251 0.5000000001468025 0.49999999970891756 0.4999999996493016 
0.31777836294162526 0.5000000000914665 0.500000000136271 0.4999999996832609 0.4999999996311153 
0.32042913338574647 0.5000000000864117 0.5000000001557354 0.4999999997112661 0.4999999996368412 
0.32308109006501773 0.5000000000922376 0.5000000001575947 0.4999999996796712 0.49999999962839803 
0.3257534571088174 0.5000000000924295 0.4999999997298627 0.4999999998236713 0.4999999999491491 
0.32842368206825734 0.4999999999638627 0.5000000001377025 0.49999999977323945 0.4999999999240305 
0.3310998892095927 0.5000000000923003 0.5000000001563869 0.4999999996825141 0.49999999962514313 
0.33378612483473996 0.5000000001602649 0.499999999780202 0.499999999708328 0.49999999985279214 
0.33648025041690977 0.49999999990774224 0.5000000001575868 0.4999999997235682 0.49999999977475557 
0.33917939666138625 0.4999999996554021 0.5000000001424039 0.5000000001663267 0.4999999997773386 
0.3418810009648238 0.49999999990185195 0.5000000001711133 0.49999999971229664 0.49999999982137433 
0.3445913847181851 0.5000000000964496 0.5000000001418067 0.49999999982950144 0.4999999998546586 
0.3473138540608157 0.49999999998082034 0.5000000001404781 0.49999999977405374 0.49999999986694105 
0.3499996288501207 0.5000000001658542 0.499999999785159 0.4999999996851426 0.4999999998533728 
0.40000134152736094 0.5000000001666772 0.4999999997936917 0.4999999996847436 0.499999999853767 
0.4005279507349991 0.5000000001288426 0.5000000002652745 0.4999999996936745 0.49999999963578134 
0.4034137808181252 0.5000000001674605 0.4999999997858453 0.4999999997096776 0.4999999998682698 
0.40631306817774177 0.4999999998430297 0.4999999997169291 0.49999999971829034 0.49999999964259784 
0.40922410729805064 0.5000000001281246 0.5000000002442466 0.49999999969329345 0.49999999963578134 
0.41213599332575096 0.49999999996932387 0.5000000001924376 0.49999999967081665 0.500000000195689 
0.4150636675842567 0.5000000001666587 0.49999999979944953 0.4999999996849449 0.4999999998698605 
0.41799406336376504 0.5000000001650536 0.5000000000508482 0.49999999968517883 0.49999999987265764 
0.4209502210738456 0.5000000001250329 0.4999999997038608 0.5000000001619669 0.49999999986012755 
0.42389643061868565 0.4999999998614196 0.4999999997980433 0.4999999998043944 0.49999999998385697 
0.4268656200193929 0.5000000000309346 0.5000000000845278 0.4999999998820186 0.5000000003290731 
0.42984213299627494 0.5000000003965477 0.4999999996437802 0.5000000002288602 0.49999999988560234 
0.4328315704471489 0.5000000001435396 0.4999999998012182 0.5000000002389384 0.50000000034778 
0.4358189425107841 0.5000000001352922 0.4999999998012182 0.5000000002389384 0.50000000034778 
0.438841247612199 0.5000000001241439 0.5000000002892928 0.5000000002293152 0.5000000003695407 
0.4418615119042955 0.4999999999581872 0.5000000000823708 0.5000000002475246 0.49999999991839184 
0.4448930324974546 0.4999999999804261 0.5000000000015861 0.5000000002139973 0.5000000001161713 
0.4479262164317392 0.4999999999626431 0.5000000001364304 0.5000000002139973 0.4999999999158448 
0.4499981253683225 0.499999999961982 0.5000000001051068 0.5000000002355259 0.49999999991910543 
0.5000006936347715 0.4999999999702901 0.5000000000015792 0.5000000001998083 0.4999999997279125 
0.501475767271612 0.49999999996195116 0.5000000001140839 0.5000000002411753 0.49999999991803534 
0.5047367627154894 0.5000000000294743 0.500000000117979 0.5000000001998083 0.4999999997924844 
0.5080360453193214 0.4999999999702907 0.5000000001035007 0.499999999673683 0.499999999798705 
0.5113119020824134 0.499999999961982 0.5000000001015025 0.5000000002355259 0.4999999997345696 
0.5146214571096481 0.4999999999647191 0.5000000000007707 0.5000000000044004 0.4999999997419534 
0.5179444310774991 0.5000000000732268 0.5000000001797472 0.5000000001602447 0.49999999983922444 
0.5212808344625115 0.49999999996055344 0.5000000001208176 0.5000000000037731 0.5000000001040854 
0.5246327463866418 0.500000000081573 0.5000000000007707 0.5000000000044004 0.4999999997419534 
0.5279977093182865 0.5000000001009053 0.5000000000431899 0.5000000000035437 0.49999999983046817 
0.5313751860680397 0.5000000001224191 0.49999999996895006 0.4999999998313225 0.4999999997834304 
0.5347723718757575 0.500000000079453 0.5000000001313224 0.5000000000567902 0.4999999999079213 
0.5381855120100705 0.500000000015785 0.5000000000970581 0.500000000056202 0.4999999998222122 
0.5416089942152081 0.5000000000620818 0.5000000001130608 0.5000000001602092 0.4999999998635233 
0.5450533928480493 0.5000000000764707 0.5000000001443513 0.5000000000033551 0.4999999998648222 
0.5485072120819109 0.49999999977839377 0.5000000001265199 0.5000000000113635 0.4999999997224398 
0.5499974665589734 0.5000000000769497 0.5000000001265199 0.5000000001610615 0.49999999972134884 
0.6000007188034158 0.5000000000893957 0.5000000001324781 0.5000000000136657 0.49999999985526095 
0.6024321140249579 0.5000000002754662 0.5000000001495057 0.5000000000643907 0.4999999998556052 
0.606172960372097 0.5000000002774062 0.49999999984171795 0.5000000000137571 0.4999999998572491 
0.6099377399129001 0.5000000000687267 0.5000000001319828 0.5000000000136657 0.49999999988100247 
0.6137169653096269 0.5000000000961192 0.5000000002565366 0.5000000001009262 0.4999999998552454 
0.6175220248464923 0.5000000000670559 0.5000000002860079 0.49999999975358084 0.49999999985579574 
0.6213389300175629 0.5000000001031415 0.5000000001312755 0.5000000000131143 0.4999999998672209 
0.6251779487553282 0.5000000003534281 0.5000000001582481 0.5000000001074671 0.4999999998278424 
0.6290464365705315 0.5000000000893957 0.5000000001324781 0.5000000000136657 0.4999999997834313 
0.6329220791828155 0.5000000000649291 0.5000000001684148 0.4999999997280556 0.49999999987585153 
0.6368283535517933 0.5000000000687267 0.5000000001324781 0.5000000000136633 0.4999999997254516 
0.6407578538644505 0.5000000003534281 0.4999999998475836 0.5000000001074845 0.49999999978520315 
0.6447084045645461 0.5000000002406229 0.5000000001647089 0.4999999998504907 0.4999999997835859 
0.6486759790432733 0.5000000003528106 0.5000000001609655 0.4999999998450415 0.4999999997835859 
0.6499852421515732 0.5000000003528106 0.5000000001609655 0.4999999998450429 0.4999999997835859 
0.7000098344665873 0.5000000002377333 0.5000000001579431 0.499999999826211 0.49999999978337245 
0.7024490598011515 0.5000000000100334 0.5000000001406621 0.4999999997695489 0.4999999997846995 
0.7067676021093419 0.5000000001743623 0.5000000001571564 0.4999999998262226 0.49999999978337245 
0.7111039067026236 0.5000000003522347 0.5000000001547953 0.5000000000225541 0.4999999997961369 
0.7154756740116445 0.5000000000035485 0.500000000233965 0.49999999975255044 0.49999999979520415 
0.7198751225772412 0.5000000002838094 0.5000000002694974 0.5000000000264255 0.4999999998244375 
0.7242991440772965 0.4999999999824744 0.5000000001573855 0.4999999998262122 0.49999999978344045 
0.728749577749338 0.5000000000594098 0.5000000001534072 0.4999999998249551 0.499999999715763 
0.7332351800279634 0.49999999999285955 0.5000000002274467 0.49999999980223037 0.4999999998242267 
0.7377440167345432 0.5000000002882307 0.5000000002694974 0.49999999981984095 0.49999999979326337 
0.7422872500316454 0.5000000002883036 0.5000000001545453 0.5000000000113836 0.4999999998237172 
0.7468622279581942 0.5000000002839369 0.5000000001709997 0.5000000000147797 0.4999999997837165 
0.7499999092018164 0.5000000002845798 0.5000000002694974 0.5000000000264255 0.49999999979544796 
0.800027356184477 0.5000000000009961 0.5000000002689864 0.4999999997607994 0.499999999792318 
0.8042752786411191 0.499999999996802 0.5000000003259955 0.500000000093478 0.4999999997941441 
0.809287651246478 0.4999999999527404 0.5000000003047075 0.49999999984042676 0.4999999996719824 
0.8143331951485786 0.4999999999449626 0.50000000026902 0.500000000183716 0.49999999979781634 
0.8194096946829965 0.49999999995126776 0.5000000003017411 0.4999999998538478 0.49999999963640945 
0.8245500651781158 0.500000000090579 0.5000000001552348 0.4999999997963035 0.49999999978095405 
0.8297123811861525 0.49999999993784733 0.5000000003629161 0.4999999998427361 0.49999999967261266 
0.8349222597109797 0.5000000000517787 0.500000000295063 0.49999999983478877 0.49999999968742687 
0.8401600648868682 0.499999999956569 0.5000000003022753 0.49999999984210697 0.49999999967194425 
0.8454490532223106 0.500000000052266 0.5000000002698891 0.4999999999586033 0.4999999996949044 
0.849995397417123 0.499999999956722 0.5000000003017874 0.49999999984210697 0.49999999967194425 
0.900003561819785 0.5000000000542023 0.5000000003200595 0.5000000000187937 0.49999999968927916 
0.9007447170188663 0.5000000000359319 0.5000000003182519 0.5000000000090974 0.4999999996889985 
0.906528528694585 0.500000000126879 0.4999999996944579 0.49999999989824706 0.49999999987547966 
0.9123718425395633 0.49999999998681516 0.5000000003251793 0.49999999986025395 0.49999999966036507 
0.9182657690161304 0.500000000032491 0.500000000137681 0.49999999985546767 0.4999999996593158 
0.9241984641864699 0.4999999999882769 0.5000000003019041 0.49999999984210697 0.49999999969074954 
0.9302038923119553 0.5000000000527038 0.5000000003028354 0.49999999984354615 0.49999999968560305 
0.9362525223694348 0.5000000001004758 0.5000000003019232 0.4999999998442355 0.4999999996664887 
0.9423523178617897 0.500000000100469 0.5000000003019232 0.4999999998442355 0.49999999966798686 
0.9485273738743317 0.5000000000424568 0.5000000003686514 0.4999999998403625 0.49999999967191183 
0.9499980743898051 0.5000000000424568 0.5000000003686514 0.4999999998922127 0.4999999996368177 
