9.773624513507821E-5 1.006463871039177 
0.007822650009722293 0.9984673963333366 
0.015530342151548707 0.9897238253446512 
0.023432719466032786 0.9820722525560744 
0.031157207458538408 0.9746696130461118 
0.038802223288585916 0.9676618852814015 
0.04651536478263859 0.9601076094483243 
0.05447731728316623 0.9494864483725117 
0.062244093829366874 0.9427610366447117 
0.07031353220253055 0.9356494478300155 
0.07756018300216505 0.9268917283286038 
0.08579197065055681 0.9193067078045096 
0.09319682813925804 0.9107556761740618 
0.10172953380102726 0.9056459420851938 
0.10895420666582073 0.8975917933945992 
0.1169283333116913 0.8901696624458466 
0.12490821859727033 0.882555380887195 
0.13362054872344453 0.8805021852474375 
0.14087358284103613 0.8699884164131506 
0.14687938837076747 0.8605420397700346 
0.15689853084593547 0.8556191604885602 
0.1641108873590462 0.8535902871073104 
0.25256736966076915 0.8491900268337124 
0.27340774026322157 0.844803608394203 
0.28974398921557615 0.8419649092344672 
0.29916156562619844 0.8370746762961786 
0.32714162147371095 0.834470223577259 
0.3336839708302466 0.8174459865815776 
0.3426977810189119 0.8096738750861072 
0.35394884262696197 0.804208014060758 
0.36132317684416493 0.7917133247566954 
0.3689547642286939 0.7796414843358916 
0.3690625341097198 0.7609528579152276 
0.37620030911161567 0.7462900683937369 
0.3799192314363391 0.7109581276007113 
0.38146373847725923 0.6940371906079414 
0.38234794569732344 0.6770730950799251 
0.38345319721291427 0.643369228395021 
0.38838978319811507 0.6324295273497976 
0.39577524132661784 0.6239433501265494 
0.4006140792623288 0.6131786653762541 
0.4153116095650549 0.6113757561239282 
0.4198970408981339 0.6004752759370096 
0.4274478983010166 0.5922132153416654 
0.43594854803119476 0.5845567358853861 
0.44231926225222357 0.5753261049247861 
0.45399821840728327 0.5703441375791428 
0.4644432295751489 0.5643413096392088 
0.4649843723794434 0.5513972035364411 
0.475378133174945 0.5452952563020729 
0.4850382318173276 0.5381693816853296 
0.48898512196010374 0.5279190067996211 
0.5020115516708521 0.5226888377711227 
0.5044295889601297 0.5118439128515035 
0.5172678174454923 0.5059779036128009 
0.523746125450369 0.4979496125702135 
0.5272019416873023 0.48795330054240693 
0.5456510092513439 0.4732299198866755 
0.5570783294691659 0.45564640990725197 
0.5712835569552878 0.4502816096932084 
0.582092163431622 0.43272527204383626 
0.5928513956468097 0.42568342414922744 
0.6176749085939336 0.4124878125248465 
0.617674917262001 0.4026894662404786 
0.6242634476886832 0.39399906945217317 
0.6340890266082624 0.3821306133121185 
