9.773624513507821E-5 0.7704083961379675 0.926123008403709 0.8269102827041626 0.8913653138861016 0.8609166304650766 0.860836725082054 0.8794965569645565 0.8382294340485261 0.9176931291907615 0.800611985191809 0.9232268984824626 0.8049114016431744 0.9108279191647406 0.8305132824516792 
0.007822650009722293 0.7703169874911041 0.9264147636630137 0.8266890743381364 0.8909575221767863 0.8531729721652388 0.8659593243545196 0.8795177870897768 0.8378383763003577 0.917715890268595 0.7988607170000734 0.9273484468139885 0.8042339603118928 0.9156744710295878 0.8213931209902615 
0.015530342151548707 0.7712227880186536 0.9259560116842966 0.8266613492951154 0.8909624429324657 0.8527670854285299 0.8657738116465213 0.8795185995581523 0.837596812211647 0.9101356498511477 0.8088368657655983 0.9259272470355167 0.8039464203248156 0.9156754104989355 0.8210825322448735 
0.023432719466032786 0.7715322294726941 0.918884482431631 0.8276200414228243 0.8910016932649278 0.8508122926585715 0.8643842797902324 0.8796902703649506 0.8378402908056317 0.9176756851458571 0.811508172824053 0.9232597340967146 0.8040154534931824 0.9157047414732841 0.8192553469221828 
0.031157207458538408 0.7703938497055274 0.9185897709098783 0.8266487792398161 0.8912111635953798 0.8507417289267174 0.8643836446700658 0.8795180612875912 0.8378382048383725 0.9176804471809954 0.8105301515295188 0.9263536945738655 0.8039488984327968 0.9150978794375261 0.8192271731877437 
0.038802223288585916 0.7712244766301694 0.9191710402309258 0.826966435500956 0.8909624051373725 0.8505723083241146 0.860620260870047 0.8796538260802609 0.8378731374690468 0.9175169278370857 0.7992141714901491 0.9259819703326444 0.8048429854889093 0.9156739136766394 0.8287385409454334 
0.04651536478263859 0.7715043107666303 0.918884482431631 0.8273815271579232 0.8910088046162966 0.8609707887308504 0.8644367033834259 0.8796909274554371 0.8378408576685008 0.9177153383787064 0.8117396684331287 0.9231593630255811 0.8040154534931824 0.9157047414732841 0.8199113086960698 
0.05447731728316623 0.8013787969173148 0.9074893724116091 0.8269114286214245 0.8912981480227352 0.8609791424281936 0.8606846617039265 0.8795375779624619 0.8378196097659474 0.9074877484923177 0.8228775155092138 0.9148819395346701 0.8154137025599777 0.9109415068164307 0.8288577261962957 
0.062244093829366874 0.8283996433945919 0.8969427390878133 0.8273780452807008 0.8913052504574179 0.8608936241970919 0.8602895532291784 0.8795371112512504 0.8378191782676987 0.9039421750278089 0.8228775155092138 0.9148819395346701 0.8154137025599777 0.9103938921409592 0.8288577261962957 
0.07031353220253055 0.8246720311692207 0.8975993286184636 0.8338581207649798 0.8910671679246732 0.8606787504729875 0.8575131241489848 0.8795371112758624 0.837856977607451 0.9180439257491088 0.7984450373442856 0.9256859116116495 0.8113761256847548 0.9108948545766151 0.8288053639218844 
0.07756018300216505 0.8250127670625627 0.8968642824242921 0.8338527961363783 0.8910035984189214 0.8608930525488239 0.86034926428218 0.8795371112519558 0.8378184464841747 0.9036966343902785 0.8244007089557873 0.9148817646696966 0.8048487650074624 0.9103939438714926 0.8286154199859146 
0.08579197065055681 0.8204799227417957 0.8991546172917891 0.8273780452807008 0.8913001173523805 0.8608957399032888 0.8576150042855628 0.8795371112512504 0.8378525338736432 0.9039421750278089 0.8243433091630982 0.9148819395346701 0.8048277801371155 0.9157365042759025 0.8179546991010672 
0.09319682813925804 0.828184780579814 0.897059983369689 0.8338529128265305 0.891075864271145 0.8606789108981411 0.8606867021111907 0.8795478197596159 0.8378184977788253 0.9031733644967692 0.8229385382878627 0.9148857281616943 0.8154041223406883 0.9107264652857453 0.8288575285504937 
0.10172953380102726 0.8261828955369227 0.9149761327564372 0.8339538565075317 0.8910751750282021 0.8536440766974076 0.8733989008966119 0.8769933177246451 0.8384533847737289 0.9180137380127652 0.7987017242125874 0.9290760680400993 0.804480560817092 0.9108766876315245 0.8268463850165483 
0.10895420666582073 0.8284016175079785 0.899195120374309 0.833852765877037 0.8913323026882191 0.8606840704777956 0.8583264803201253 0.8795481944065905 0.8378377972935948 0.917281422643764 0.8240575689817955 0.9151218043555783 0.8048267936148729 0.9107264327628033 0.8181373569242953 
0.1169283333116913 0.8273000631405949 0.8970396723461264 0.8339523672415223 0.8912743275348781 0.8606586748805016 0.8575793342175113 0.8873452107869438 0.837853107338875 0.9034698144139823 0.8019518360374466 0.9151257880715017 0.8134901411689683 0.9107310425079039 0.8177208268061706 
0.12490821859727033 0.8414381681956868 0.8971095405610089 0.8339536415172694 0.8892670763486558 0.8603594071396691 0.8606142973305413 0.8796389029888492 0.8378626826390001 0.9030892347344353 0.8019091305040419 0.9151774848870977 0.813535311454827 0.9260468328495921 0.8288585877951197 
0.13362054872344453 0.8409180256003603 0.9240773920943638 0.8336430356351998 0.881969093092992 0.8829341687161618 0.8452536906846018 0.9042673146037676 0.8400758722852645 0.9189215491442633 0.798681685507379 0.9020597256345613 0.8114098075019505 0.9234824311408616 0.8277337477869994 
0.14087358284103613 0.8409180256003603 0.8977809578640762 0.8336430356351998 0.8818983374933278 0.8831185559476538 0.858464052273867 0.8999213169662276 0.8400758722852645 0.9178991451977698 0.798681685507379 0.9192166510128936 0.8114098075019505 0.9234824311408616 0.8277381954471075 
0.14687938837076747 0.8532438195929645 0.8941247513322249 0.8339557006812228 0.8895363630238262 0.8610321058970938 0.8448577600007723 0.8975560697059433 0.8302854026803954 0.9178803631798459 0.8231314238376661 0.9182277364496975 0.8133384265170246 0.9107348110907093 0.8211745172719582 
0.15689853084593547 0.8268518183507393 0.8969942330773656 0.8339167250717866 0.8741749217674469 0.8735808821621373 0.844420507814357 0.8798536684187368 0.8302602163153812 0.9177584224349762 0.7986620053824046 0.919154288477785 0.8141448495956266 0.9102904700066698 0.8211355609561153 
0.1641108873590462 0.8405473817875292 0.8939815594409941 0.8358627221899848 0.9161953669814134 0.8517721082187014 0.8443856477986417 0.8976861017233989 0.813625578524017 0.9477432387407958 0.7759153832521132 0.927704143759198 0.8157131701655954 0.9160372130977862 0.8297756299686216 
0.25256736966076915 0.8454251948913434 0.8752037557878752 0.8871439028708873 0.8497194938988066 0.8018624801622241 0.8735832445046905 0.9124549552451762 0.7722966640750144 0.9991801432688868 0.8409740614737229 0.9487763673101026 0.7553498596452419 0.8557500883397503 0.8236199820218214 
0.27340774026322157 0.86772913548283 0.8019907285021006 0.860822053552687 0.8563256340090534 0.8090970334286981 0.8424111257621703 0.972095674342831 0.7532435484398816 0.9985353312351796 0.6006005439168325 0.9987694305751902 0.6977462409685883 0.958630338303748 0.7928009907866951 
0.28974398921557615 0.8698594577096875 0.8959643330931929 0.7963144734485892 0.8488640422200529 0.8092663317218619 0.8844090645218504 0.9656340637304055 0.8335148670755617 0.9973083769864338 0.6413822480639382 0.9601794945011122 0.7165414016150496 0.9539379981969103 0.8243830898526228 
0.29916156562619844 0.869859417591136 0.896488783064364 0.8175278571494357 0.8216832227042719 0.7660179921324772 0.8384569285426874 0.9662165688847407 0.7811214625710813 0.9895321272986536 0.6415289757873668 0.9997818389130657 0.7169640471927227 0.9577441715245036 0.7777522571067093 
0.32714162147371095 0.9220653814504001 0.8965213737131946 0.9953105231648787 0.8572534326938586 0.7647360052605552 0.8843946148008808 0.893480880869648 0.7961191484533099 0.889489544393283 0.7490484900079774 0.946419061914214 0.7019320744573115 0.988788352794876 0.7781803023001546 
0.3336839708302466 0.8698594577096875 0.8959643330931929 0.7963144734485892 0.8211417606204092 0.8092663317218619 0.8384569285426874 0.9662165688847407 0.8332411260710085 0.9356502831542572 0.6413822480639382 0.999636388487552 0.7165414016150496 0.9539376125718283 0.7803204180166334 
0.3426977810189119 0.8698594577096875 0.8959736475610255 0.7963204060306868 0.8211417606204092 0.8092663317218619 0.8384569285426874 0.9662165688847407 0.8332411260710085 0.9356502831542572 0.6413822480639382 0.999636388487552 0.7167137798509327 0.9539431394868347 0.7793497455086486 
0.35394884262696197 0.9220653814504001 0.8965216242070373 0.9997145253658143 0.8572534326938586 0.7647360052605552 0.8842709221598152 0.9045205965408711 0.7961191484533099 0.889489544393283 0.7490484900079774 0.946419061914214 0.7908248526850012 0.988788352794876 0.7781803023001546 
0.36132317684416493 0.9653360746738744 0.8965261009806862 0.7963204624228082 0.8572595672367022 0.9044224442796631 0.9201971060112749 0.9196572775923969 0.79664888286945 0.9359981167741969 0.6410630657936249 0.9477384317774085 0.7023187143371565 0.9533686982266306 0.820237199713716 
0.3689547642286939 0.9215958685879103 0.8313850169989517 0.9765390931557476 0.848921038975371 0.9184605667682842 0.8679641519292055 0.7771805012713612 0.7961137693953486 0.8896412013220492 0.6955392199410895 0.9464268326707803 0.7975229899171175 0.9864844847745459 0.7803154723377048 
0.3690625341097198 0.9560576429631643 0.8313850169989517 0.9765390931557476 0.848921038975371 0.9184605667682842 0.8678676001371641 0.7771805012713612 0.7968463789354671 0.8997055919255568 0.6955392199410895 0.9480467698704974 0.797298683471877 0.9234812863420157 0.7888847432068475 
0.37620030911161567 0.962746723914014 0.8950653810567977 0.9275669524868906 0.8573046301583268 0.7619416189793401 0.833764747310105 0.9065062649240858 0.8044046420052746 0.9310948203038196 0.7526405344250164 0.943859962045045 0.751819881764233 0.875501650159361 0.7782600467713441 
0.3799192314363391 0.9561468901479327 0.8959426973467532 0.8318318010570813 0.8492643673329187 0.9057428527532856 0.87999979819791 0.9405393230778564 0.7760326073219257 0.9409788301820888 0.6953912500677518 0.9496999110825725 0.797938991429558 0.8425941144165315 0.8208267878589038 
0.38146373847725923 0.956162837806124 0.7453841003741112 0.9552513841913205 0.8604752888241312 0.9193054170524816 0.8678676001371641 0.8964809715708576 0.7968463789354671 0.8997055919255568 0.6955392199410895 0.948508717399482 0.797298683471877 0.9234812863420157 0.7888820450181381 
0.38234794569732344 0.9558360845032199 0.7959478174868997 0.8773282357860457 0.860405502576579 0.8678322666174169 0.8678421908918547 0.8963644906353894 0.7769739633080374 0.946219664900028 0.6955373548681276 0.9437460785686642 0.7515598762760969 0.9302214101156256 0.9016713945560514 
0.38345319721291427 0.9646758705067726 0.7940984844023281 0.9292214432176917 0.8487663697801179 0.8733644558444568 0.8673514676744681 0.8934795762178435 0.7717579063332516 0.946062415592509 0.7589842162387687 0.9704055991071324 0.7748292225273047 0.9644782915233463 0.7912554147377395 
0.38838978319811507 0.9942384361842059 0.7984917704309251 0.921393680043141 0.8558692585036352 0.8674989579334811 0.8564966314609636 0.8950273960582741 0.8036912690621963 0.942557378742219 0.8428865575122709 0.9016334284693732 0.8144617401688948 0.9247118883645941 0.790158532426185 
0.39577524132661784 0.9676104414555513 0.8000440851534495 0.8763175502293928 0.8558738718292384 0.8676905252199011 0.8612512489662302 0.8983006315383318 0.812969166822467 0.9461382263915622 0.8429185069159449 0.9026293975550351 0.8151376727960827 0.9321242606621868 0.7886139240761971 
0.4006140792623288 0.9586545228907329 0.7999460444648955 0.9213088638599641 0.8480466347614412 0.8674989579334811 0.8750956543662671 0.9011930925933943 0.8149725700988254 0.8991785384350025 0.842625769202121 0.9035965124112489 0.8144617401688948 0.9320294156684882 0.790158532426185 
0.4153116095650549 0.9940955507901995 0.7382072805422213 0.9223369647804643 0.8162127799752499 0.8602954022640253 0.8743266366901876 0.8952667764693066 0.8486513619719928 0.931782951107069 0.7529912779669478 0.947989829309584 0.7627721626237708 0.9694733489131 0.7942876289790529 
0.4198970408981339 0.9940940026780999 0.7516497906344698 0.9230584325303676 0.8549725502341449 0.8598396401339589 0.8748035905346959 0.8952667764693066 0.8037136076715224 0.9440075769793987 0.7531327696342054 0.9515084411103278 0.7627721626237708 0.9325577015092978 0.7887243454438045 
0.4274478983010166 0.9944295895657105 0.7515871268946344 0.9223347635378465 0.7969419070162044 0.9082529554403187 0.8592147752722882 0.89511053563873 0.8243103938050431 0.9311046781875079 0.7526405344250164 0.9471653331102594 0.7627721626237708 0.9237012344683674 0.7942580731746931 
0.43594854803119476 0.9586500949110306 0.8010171356267253 0.9225102026729527 0.8481391714224029 0.8604985822922654 0.8747808816743994 0.8981926474121317 0.810753615107744 0.9455457063627754 0.7525669483932809 0.95716261063595 0.7742576056701158 0.9289955091868343 0.8284484142131888 
0.44231926225222357 0.9860833084649768 0.7509006658949442 0.924727254334609 0.8141056011743403 0.8965438482940693 0.8408139220111752 0.895247661474101 0.8251201095001947 0.9317137751896315 0.7784003859107004 0.9080680310830587 0.7906229860837959 0.9690707784598078 0.797519426292768 
0.45399821840728327 0.9881900544898997 0.8002415521282811 0.8765470377032408 0.8944503694730889 0.8676874256414134 0.8580864876872956 0.8952721565578458 0.8152285635044486 0.9314229256114873 0.8005008861602977 0.9038771888369416 0.814776937526419 0.9673258519560723 0.7940045477230788 
0.4644432295751489 0.9940941202113407 0.7513139407521384 0.924727254334609 0.8486174854230598 0.8225775276940088 0.8373429085548564 0.8952665754008867 0.8148276027000878 0.932104994948903 0.7782757671267494 0.9479719016525301 0.7579522440613697 0.9675367424127864 0.794287224360478 
0.4649843723794434 0.9940955507901995 0.7509073306209032 0.9219524096958975 0.8486929924573862 0.8725397864232934 0.8379280409901954 0.8952667764693066 0.8152401563094303 0.9316852942752741 0.7783982517560142 0.9476054996094372 0.7621767413671112 0.9675861755675337 0.7940226583955404 
0.475378133174945 0.9940941379125012 0.7852578286453353 0.9390162399171474 0.8456160924309941 0.8698842004266134 0.8379447247953424 0.8952665754008867 0.815241572947463 0.9321437318578354 0.7782757671267494 0.9478210080085621 0.7579522440613697 0.9675367696854442 0.7942823982644849 
0.4850382318173276 0.9861001048347411 0.751115107804834 0.924727254334609 0.8141056011743403 0.8725753891120703 0.8405887742178679 0.895247661474101 0.8251201095001947 0.931775169045443 0.7785177027589582 0.9080680310830587 0.7626175779393919 0.9675350990275637 0.7940197096406655 
0.48898512196010374 0.9979589632223713 0.750912079070543 0.9245542479480863 0.8456335329286567 0.8694322459479872 0.8378182930784429 0.895289736447036 0.8157163351691757 0.9283542860430986 0.8080652006634211 0.9570763991400582 0.7575537774529387 0.9673407345991057 0.7936799157858125 
0.5020115516708521 0.998363564112045 0.7563489524121427 0.9588677120998493 0.8571562477339046 0.8693705803812097 0.8588048888607017 0.8930706601489303 0.8245861139713265 0.9328721740387831 0.7785810757425506 0.9546518257475956 0.7585903786136029 0.9673123526864835 0.7941557301792692 
0.5044295889601297 0.9941511223942794 0.7511232257167306 0.9387839798838616 0.8454258132064223 0.8693767092322651 0.8389395021269331 0.8940994233686904 0.8157408307980227 0.9287809503521182 0.8081887852542635 0.9550861624859054 0.7628957118370219 0.957262763788415 0.7936799157858125 
0.5172678174454923 0.998356339300745 0.7472957496496363 0.9232422800962873 0.7957929945005753 0.8724566672388782 0.8589009120758315 0.8930840019654488 0.8242109944604121 0.940441355887705 0.7504142561865206 0.9546515471715192 0.7869382769533462 0.9677279864614725 0.7944381511003038 
0.523746125450369 0.9987102747469294 0.7566275950319468 0.938612747106944 0.8141802865620806 0.8986151298461442 0.8745598796285455 0.8883495240734436 0.8152118726507509 0.9518197967306222 0.805784437365963 0.9551001966828028 0.745376757359786 0.9572376907594322 0.7945883995265862 
0.5272019416873023 0.9939695627016133 0.7565241864993338 0.9243260314598398 0.8569660532126125 0.8715159830980561 0.8325508675539991 0.8947184657680713 0.8173451501038567 0.9317942731534443 0.8072821892143767 0.9550895460627022 0.7788473530520055 0.9450933800852082 0.7877901104034761 
0.5456510092513439 0.983215223646102 0.7570295112887446 0.9412792968483233 0.8544174418572673 0.8979289483148073 0.8325917548971348 0.8890236596451352 0.8148073055420163 0.9273499508251349 0.8059632694890201 0.9579416084205076 0.7803709463933625 0.957262763788415 0.7877386597901321 
0.5570783294691659 0.9836715933495705 0.7566132236093116 0.9255396885416936 0.8138034774286187 0.9066933611914626 0.8548124804844133 0.8898266581268759 0.8294919455017439 0.8935406562093678 0.8068229814660569 0.9553379573872598 0.7644142804445558 0.9451247569964136 0.7962259272103669 
0.5712835569552878 0.9888755943141475 0.7568118299562827 0.9561378221619908 0.8138396337639469 0.8627781721552776 0.8592268669657906 0.8932397585143881 0.844018062639849 0.9016120437210066 0.8443494343286435 0.9580077678574367 0.7769014730246573 0.9579602127543065 0.787786458248669 
0.582092163431622 0.9968365815814314 0.7565974536533608 0.9543114038236092 0.8126024364803948 0.9067404539011108 0.8388217317092893 0.8938940948728559 0.8472204443184097 0.8950589379514624 0.8436365263161858 0.9553379573872598 0.7713852903465169 0.9453181131955158 0.7946428223832495 
0.5928513956468097 0.9857645238692482 0.7535528177586388 0.9258492096102447 0.8128888264025512 0.9091368468074591 0.8392897291938987 0.8781652336417257 0.8185983147035734 0.9116373848021384 0.8443423793118221 0.9553390486427443 0.7840973659035718 0.9573913610148416 0.7964002472733307 
0.6176749085939336 0.9974201720720912 0.7540763852653526 0.955891300044825 0.8574493538578308 0.8631218217334315 0.8592379676116491 0.8930613275746695 0.8440531112427089 0.9004168322038874 0.844349511669399 0.9579542994944062 0.7408326508129242 0.9233618292909288 0.796386175858356 
0.617674917262001 0.971070031018442 0.7542691855001854 0.9553943855281006 0.7945814589079935 0.8629127725890099 0.8598887960529286 0.893070389598592 0.8439261179880959 0.9000047356899469 0.8441333126043545 0.950286482860312 0.7934622544574522 0.9236332100054476 0.7943767342357178 
0.6242634476886832 0.9711318835528457 0.7443234669248413 0.9554609002446097 0.7929574866449349 0.9065277760448363 0.8598883394211395 0.8930721520712005 0.8151178485148042 0.9000047356899469 0.8443397434421789 0.9502339183584102 0.7934622544574522 0.9236332100054476 0.7960946977500825 
0.6340890266082624 0.9859132600646304 0.7446979185873506 0.9553943855281006 0.7945814589079935 0.9065277760448363 0.8598882747927913 0.8930700788934673 0.8253758132243515 0.9000047356899469 0.8443397434421789 0.9501986549729252 0.7929213026994788 0.9236332100054476 0.7888200207621151 
