0.35113075830995427 0.8778918610873457 
0.35106608977980774 0.8779845439873445 
0.3513746146436071 0.8775490531219056 
0.35270918742698637 0.8760317688072864 
0.35281254170726084 0.8759810202357436 
0.35454513461264525 0.874691478614942 
0.3556126283358745 0.8739600566862485 
0.35712122515468303 0.8728466618809189 
0.3571658602563308 0.8727402257542108 
0.3581379638529298 0.8718753067681475 
0.3583559540364847 0.8716424334898035 
0.3605074304391566 0.8703147214718746 
0.3606647363199046 0.8701996316069438 
0.36213824223412533 0.8692397989961903 
0.36192553078032175 0.8693002566658538 
0.36417313310548877 0.867631538895753 
0.3653634436408278 0.8668233328239827 
0.3666613165986576 0.8657492817660901 
0.36694799780117776 0.8657404225253692 
0.36841400755856585 0.8645222294530606 
0.3678196387003574 0.8648250989293225 
0.3684435622912145 0.8645035306368674 
0.36988744324199546 0.8634458804942975 
0.3701558975330119 0.86331168420428 
0.3704963781370303 0.8630450485629253 
0.37069705496402455 0.8629311794555053 
0.37197683215662386 0.86210621339165 
0.3723765705678129 0.8615627031083575 
0.373399462577639 0.8609223276059544 
0.3735190473261569 0.8605584449495743 
0.3743064765352275 0.8599933704340946 
0.3750518887458923 0.8595526093246808 
0.3750633977925975 0.8595096740446821 
0.3759898515468937 0.8591040964823228 
0.37692090372403275 0.8582650292760373 
0.3769994132004821 0.8581824584697025 
0.3778736589081472 0.8577699414858704 
0.37815772550648297 0.8570905247796752 
0.3790650440015698 0.85675667559923 
0.3794440284768869 0.8561777704431593 
0.3794839127778975 0.8560846128423644 
0.3801897289621118 0.8556683587879924 
0.38078830980212197 0.8553530380536674 
0.38102097054092265 0.8552273671758747 
0.38207883734503034 0.854167745811377 
0.3822761128295417 0.8539816638945346 
0.3823963147844206 0.8539091413769526 
0.38281032189794356 0.8535146858014148 
0.38350990058377554 0.8529716542202543 
0.38357790221272586 0.8529359785144929 
0.38364140192224444 0.8529358341580946 
0.3843689107875827 0.8524055630781241 
0.38452058315445353 0.8523110302955175 
0.3855965152604399 0.8516869556886045 
0.386671619912184 0.8509294979703391 
0.3868274557169116 0.8507040166110117 
0.3870244153090438 0.850481341337334 
0.38708110897007963 0.8504687175691492 
0.3878845609855361 0.8496334361935137 
0.38796410122820524 0.8495736267884879 
0.3884241544748907 0.849176559664758 
0.389310925697582 0.8485394411095017 
0.39041736687485856 0.8479045704226418 
0.3911637389701556 0.847361090570566 
0.3919211590432773 0.8465758372543614 
0.3919419437710763 0.8465644924516547 
0.39270993666028914 0.8458841772050355 
0.39371565295547695 0.8451354075377512 
0.3940483025399251 0.8448942370452455 
0.3950445853157406 0.8441947156001037 
0.395658552272045 0.8437319838676949 
0.3961389057330703 0.8433521622379341 
0.3967360932164865 0.8427814265081727 
0.39678050951714094 0.8427482974415065 
0.3972992681915155 0.8423296738485189 
0.39774043398528586 0.8419846277796567 
0.3981780686588398 0.8417462481130352 
0.39863861336205864 0.8413966474808461 
0.39952626941877856 0.8405444268064668 
0.4002444462435784 0.8399814751776515 
0.4008624056944001 0.8396353444233121 
0.40091770325639703 0.8395825608106192 
0.40149518919206906 0.8392100621642655 
0.401902726366092 0.8389990494159483 
0.40198449122014096 0.8388169735931342 
0.40233102181875635 0.8385926054984166 
0.4025276638278467 0.8382949187730669 
0.4029964979775282 0.8379761290398732 
0.40300783467526463 0.8379102460845117 
0.4034452732738553 0.8374361920715251 
0.4038339311789771 0.837043153889633 
0.40481980386019145 0.8361944331805923 
0.4053939199103456 0.8357663845442376 
0.40544710095578557 0.8357496619815443 
0.40601144445546095 0.8354310462743332 
0.4062363301441811 0.8352984721283107 
0.40667725741724164 0.8349571677989719 
0.40687097685061413 0.834727972940739 
0.40704698253975585 0.8345717254915198 
0.40734825957411674 0.8342950876770959 
0.40762803726039804 0.8339982546972323 
0.4077473431953591 0.8338590842103326 
0.4079685718715969 0.8336594015648779 
0.408022452828114 0.8336100781357364 
0.40861916229570344 0.8331168919050952 
0.4090815396753405 0.8327695763191372 
0.40945309008721387 0.8325075023572653 
0.40956623567420425 0.832442375258151 
0.4103142175799562 0.8319165095619819 
0.4104684290287456 0.8317248660553023 
0.4108584191982261 0.8314597345443286 
0.41124400116900683 0.8310947822491362 
0.4118542523156195 0.8306399412457784 
0.41226997911405533 0.8302819567926966 
0.4123690123994789 0.8301710691359505 
0.4127656415030684 0.8298645166058762 
0.41320405119910436 0.8295029424166916 
0.4134039289845888 0.8293870667545541 
0.4138017019539274 0.8290723003308278 
0.41403312797090414 0.8288375940887426 
0.4142525307803582 0.8286203000568763 
0.4145477712997249 0.8283831493181164 
0.4148999806381465 0.828133622898114 
0.41521842604721243 0.8279172396421653 
0.415529883051485 0.8277356541966374 
0.4157878112824927 0.8275297883808056 
0.41636568327785145 0.8272491193423306 
0.4165287077184675 0.8269914425343923 
0.41770804899918745 0.8263605315373587 
0.41792481588941793 0.8262938516676411 
0.41876323254623066 0.82596633446046 
