0.35043453435441374 0.5254524236194409 0.5314962191460451 0.5264959907246768 0.5241508336557711 0.5248570520381205 0.5262054482768949 0.5288850002356421 0.5261725782709994 0.527470225389427 0.5236837982721786 0.527242883177814 0.524385428798629 0.5261402257597559 0.5317023287997078 0.5258368548817012 0.5322042940329834 0.5270694468485961 0.5270379680414968 0.5309033998923365 0.52479034021655 0.5274569396645685 0.5287587268644572 0.5192247869323199 0.5266033936810048 0.5289459653035072 0.522551864015071 0.5303338386764069 0.5300061491586093 0.528366677663434 
0.350342016951099 0.5254524236194409 0.5314962191460451 0.5264959907858177 0.5241486442159524 0.5248577434417097 0.5262241703690775 0.5288849995621501 0.5261725782709994 0.527470225389427 0.5236837982721786 0.527242883177814 0.5243475519481247 0.5261402389945548 0.5317279023251573 0.5258368548817012 0.5322042940329834 0.5270694468485961 0.5270326436842699 0.5308879086849753 0.5249555858708638 0.5270425469005448 0.528898725193962 0.5192247869323199 0.5266033936810048 0.5289459653035072 0.522551864015071 0.5303338386764069 0.5300061491586093 0.528366677663434 
0.3507793847535926 0.5254517648185619 0.5314962191460451 0.5264959907245339 0.524150816136154 0.5248570520381205 0.5262095555375609 0.5288849899692417 0.5261606035471309 0.527470225389427 0.5236773573707646 0.5271978930984957 0.5244174749668437 0.5261402257597559 0.5317023287997078 0.5258368548817012 0.5322042940329834 0.5270694468485961 0.5270380651169413 0.530906913596682 0.52479034021655 0.5274410978144777 0.5287587268644572 0.5192459582610741 0.5266040463318111 0.5289459677785311 0.5227445457508458 0.5303338386764069 0.5300061493519932 0.5283667428656422 
0.3524537633324754 0.525445992111961 0.5326368448119775 0.5264959889741075 0.5241492594825804 0.5248455089209672 0.5262057295639898 0.5288855714467666 0.5261724890515094 0.5277356463913087 0.5271405039818076 0.5273864782635977 0.5243843941623847 0.5259848911114186 0.5317043800504648 0.5258368788925122 0.5271758642640123 0.5270686457583565 0.526996911233613 0.5309133520177738 0.5247902309410465 0.5270754212497984 0.5288705415670459 0.5315479957490248 0.5266190441412332 0.5289412079975586 0.5297360976591035 0.5303338387351498 0.5300046187996813 0.5284612511750755 
0.3525441463475761 0.5254526659114354 0.5314962191460451 0.5264959907245522 0.5241508336557711 0.5248570520381205 0.5262055956684476 0.5288849758287333 0.5261609367458109 0.527470225389427 0.5231723124854653 0.5271954771050466 0.5244157244093074 0.5261478397304786 0.5316037847419818 0.5258368548817012 0.5322043751047053 0.5270694471923522 0.5270315437129449 0.5309033998923365 0.52479034021655 0.527444214083651 0.5287597285735218 0.5199454751458563 0.5266177763719917 0.5289459653035072 0.5227432879789639 0.5303338386764069 0.5300061823519694 0.5283667417581085 
0.3543147288895956 0.5254460521165155 0.5326368448123034 0.5264959907862125 0.5242215986808302 0.52487841473823 0.5262225135463598 0.5288855599128566 0.5261722468068368 0.5277349748865702 0.5271402413784575 0.5327996284560513 0.5243843955980796 0.5261381213211991 0.5317044584703386 0.5258368794779087 0.5322041312719293 0.5270687016302069 0.5269967868416519 0.5308876318059657 0.5319020301099279 0.5270403526709502 0.5288686982574837 0.5315463727280494 0.5267603368620053 0.5289408626258071 0.5217310251668522 0.5303338388153498 0.5300020753076942 0.5284538018007658 
0.3553669222325738 0.5254462012671002 0.532641996100026 0.5264929646410087 0.5241027339396613 0.5342689608498725 0.5261680223134553 0.5288846333247492 0.526134371041824 0.5302530055691049 0.5272515765031233 0.5326478563811261 0.5243854707828066 0.5262107970449356 0.5316991528361271 0.5258369594061694 0.5322031324071302 0.5279165689107886 0.5270688456700726 0.5309315341627966 0.5247900065003188 0.5276198961227474 0.5319793015192735 0.5315417815864801 0.5289788372916086 0.5289440235728032 0.5299028543317594 0.5303338387882308 0.5300066086433931 0.5284655390528396 
0.3568982222374861 0.5334757832856436 0.5326525356496492 0.5351833768771528 0.5242103167013724 0.5343286558992272 0.535357559344128 0.5322590968174542 0.5263346239702924 0.5331770676647981 0.5322193167493768 0.531992012776988 0.5348294055597489 0.5261086880857889 0.5316973125299763 0.533516080666888 0.5338215026933316 0.5315791736065738 0.5325506344658417 0.5336573589734154 0.5332164429378214 0.5335257808310828 0.5328504055887843 0.5333959440833891 0.5264628893633616 0.5290742817615255 0.5312681722519499 0.5322418239222299 0.5325797565921795 0.5315214592055705 
0.35698636774578857 0.5334791564169589 0.534327664661267 0.5353313188752878 0.5343216637079058 0.5340178063377351 0.5264631144514028 0.5323859039664486 0.5351622758805044 0.5243466147837103 0.5322193159677954 0.5333435170160501 0.533750621433482 0.5333630861716303 0.5305500770793173 0.5335160559417027 0.5338063155961884 0.5315984452443736 0.5325502185376427 0.5335218518773779 0.5330351995028043 0.5352272009006075 0.5328438617603929 0.5333955935381621 0.5337641970621291 0.5287679712886237 0.5312681731873309 0.5319892982421722 0.5325393551711983 0.5315302883389557 
0.35805749054756364 0.5334757838072122 0.5344863388890382 0.5351885986662797 0.5343229325253747 0.5341594505969544 0.5353515378616964 0.532265523607194 0.5349741117476632 0.5328943016411437 0.5322191796399964 0.5334092396426758 0.5348152096784161 0.5335142546792145 0.5303003982175335 0.5335160565015459 0.5338066525156279 0.532428232758769 0.5325452394428287 0.5335220147833797 0.5330357249424098 0.5396635232596869 0.532843823099522 0.5333847987627593 0.5338233746009146 0.5339747650712161 0.5312236819770694 0.5322419421426543 0.5326176033337746 0.5315264183041154 
0.3583201736803587 0.5334757831726127 0.5344541684998941 0.5351863458359988 0.5343229380061483 0.5340272463190272 0.5355527064307832 0.5323997105893471 0.5351736981456964 0.5328953130501781 0.5322193139020245 0.5334278855997807 0.5337056144906042 0.5333634001761967 0.535793333182368 0.5335401157894001 0.5338071328617334 0.5324135361069102 0.5325501221937322 0.5335686769181657 0.5330284681203104 0.5335247340744762 0.5328500317366951 0.533397402017603 0.5331022707314665 0.5341322810645251 0.531267891277451 0.5322419878972698 0.5325390084075479 0.5315097612400955 
0.3603445292249391 0.5398477218443238 0.5334027272456787 0.5354526325838102 0.5343350755812151 0.5336543388066312 0.538446188276413 0.5326492924917936 0.5349357248936661 0.5369264179016728 0.5396485322389294 0.5382489984375548 0.5347457325220798 0.5335260893323814 0.53860390784015 0.5372980482048861 0.5336970627114025 0.5373399657164757 0.5390471237098727 0.5374496787838953 0.5332633101300676 0.5352038799003851 0.5380254639456608 0.534057844781374 0.539634190197401 0.5348531418314006 0.5379453052512853 0.5396575988629567 0.5377583419186622 0.5400446420737705 
0.3605028208628725 0.5398488068941865 0.5343327039722959 0.5351807225577576 0.5343907141205388 0.5340389103320332 0.5384461882758298 0.5326901414833852 0.5351592046043655 0.5328407439091316 0.5361577405886543 0.5382489889017722 0.5347457325220798 0.5334141430516244 0.5388173475211202 0.5372980482048861 0.5336970627114025 0.5376714709429279 0.5390444124408086 0.5374503332220102 0.5332660983800005 0.5352038276984069 0.5380223064486529 0.5340577649145439 0.5331692323397987 0.5348531418314006 0.5379453052512853 0.5399706148880282 0.5375458808510634 0.5400446420737705 
0.3619155661884376 0.539994457680408 0.5398774282410843 0.5430447679395082 0.5386545337857579 0.5407988401220034 0.5355608524077148 0.5400009449548276 0.5362389641493258 0.5426532381695667 0.5396508043176459 0.5368569963105644 0.540011813035648 0.5402456374946021 0.5382449259024389 0.537271566756842 0.5404574956474189 0.537280169396144 0.5324914027678722 0.5374518502351247 0.5333756905913133 0.5352832289492744 0.5388786365424728 0.5435415846786407 0.5332341077945899 0.535160160214186 0.5378779119177796 0.5398359175680699 0.5378278576212596 0.5401993946726557 
0.361757085328846 0.5397903845426941 0.5395888528653774 0.5349780110263394 0.5343345221615111 0.5408039758953137 0.5357662607637258 0.539819011087882 0.5350384904062736 0.5374771284492406 0.5396486384840783 0.5382550231185976 0.5404900341474628 0.5402522215980091 0.5382534945474827 0.5372980482048861 0.5339375335504594 0.537348482988344 0.5390575067596607 0.5374518292716425 0.533164802167012 0.5352052394603369 0.5388632868253951 0.5434263515500504 0.539933902400192 0.5351554036758785 0.5378735864316111 0.5398358170187524 0.5376493233116083 0.5400428183303168 
0.3640263851351623 0.5399944359345451 0.5398958395900113 0.5424334704790961 0.538652420492163 0.540798084537112 0.5385457253085683 0.5422398278766329 0.5362837638504879 0.5426529313155126 0.5396513229969109 0.5368498562767022 0.540541146773195 0.540467444928235 0.5426538916323819 0.5373516237322224 0.5404449028349487 0.5371644441850892 0.5391390641683201 0.5397779282751687 0.5410891105078992 0.5404709975674373 0.5389388139290783 0.54407352932016 0.5397970985613124 0.5421879024395116 0.5374525838469081 0.5398363335767586 0.5439365733192743 0.5401430799706759 
0.36518212580753484 0.5409818393514222 0.547284510668794 0.5424354737444197 0.5436770890759185 0.5408991511768814 0.5418193936084698 0.5422489141787543 0.5418279557233362 0.5425973336369697 0.5395102189843413 0.5468326641644345 0.5401593122351491 0.5407404839340113 0.5449779563886087 0.5446788012096545 0.539992091233924 0.5460489975686319 0.5449598563708037 0.5457786280123953 0.5415080211924388 0.5404770012905182 0.5446596489721698 0.5434159584276875 0.5397655830226062 0.5421712295173736 0.5460351816494946 0.5397377006059476 0.5442302674686252 0.548117710924083 
0.3665518073563562 0.5477500345264638 0.5476427612371031 0.5425960488342837 0.5437174841696008 0.5451643795631879 0.547049409626729 0.5422645868515042 0.5453070958497545 0.54607367162081 0.5470540154789205 0.5470814458226897 0.5446989239642782 0.5459395345867161 0.544954962805601 0.5446365299875038 0.5458049875552488 0.5457623525740074 0.5451227729096806 0.5458145291446114 0.54670212857563 0.54838665133691 0.5448598815865295 0.5447024167622372 0.543557820843071 0.542963794849791 0.546437558799799 0.5472178026931117 0.5442191178251393 0.5481697087247958 
0.3667223172826511 0.5477500345264638 0.5476427612371031 0.551644927160139 0.5437174841696008 0.5451643795631879 0.5474346183180558 0.5528883060938591 0.5457913631774378 0.54607367162081 0.547055297089296 0.5471371316681843 0.5446989239642782 0.5458547262264912 0.5493210164658432 0.5446365299875038 0.5458049875552488 0.5457623525740074 0.5451227729096806 0.5458145291446114 0.54670212857563 0.5484538551830198 0.5448450156744545 0.5447024167622372 0.543557820843071 0.542963794849791 0.5464143194688788 0.5472178026931117 0.5442191178251393 0.5481697087247958 
0.36826941562253895 0.5480085635187976 0.5476427612129319 0.5425417771218208 0.5435847007698423 0.5451849121564908 0.5468500188767432 0.5530774058906617 0.5453906793282433 0.546087687610382 0.5470568248689142 0.5473125789787917 0.5446960833585187 0.5520338971745506 0.5449557589128419 0.5445010111626234 0.5458396984824008 0.5457475024290387 0.5448070399230589 0.5459264237745469 0.5467041530011327 0.5480265798524985 0.5449312475565851 0.5459546514863034 0.543745148709755 0.5466895023374497 0.5466069523215868 0.5471290083450542 0.544335849253056 0.5481716918190025 
0.3677525798123765 0.5476655019149423 0.5476427611344429 0.542596478656383 0.5435847007698423 0.5451849121861447 0.5467707595660207 0.5426802684480674 0.5452154649694757 0.5460738239899148 0.547054636559214 0.5471028713337018 0.5446989367342779 0.5459896592960368 0.5449557589128419 0.54463135310235 0.5458108734689342 0.5457481858849438 0.5448996450322755 0.5459264237745469 0.5467026704731517 0.5480265798524985 0.5445956582932713 0.5458998057666687 0.543557299196693 0.5466835519514873 0.5466406524897709 0.5471278246845895 0.5442255162627103 0.5479580067535791 
0.36829720237620667 0.5480071463379809 0.5476432461857295 0.5425356537377009 0.5455643061568157 0.5451848587531116 0.5475041134572567 0.5530774058906617 0.5458151662887416 0.546087687610382 0.5470546458644527 0.5470742241795102 0.5447014457772675 0.5520338971745506 0.5496886281846353 0.5444823472776937 0.5458398028264948 0.5458588969758972 0.5446363606399418 0.5457960013760722 0.5467041530011327 0.5487815214109781 0.5449312475565851 0.5459546514863034 0.543555901661437 0.5467979499207388 0.5463613699953579 0.5471282836152095 0.5442181741536503 0.5481711793823923 
0.36973649040827183 0.5480082896662087 0.5477610885055586 0.5519479639186472 0.5494139605088971 0.5526414700807563 0.5474216176324217 0.5530105984145256 0.5458185108428225 0.5486339786069475 0.5471015971515893 0.5475699980525454 0.5473785641790918 0.5529965016845773 0.5493302681837563 0.5530032007708808 0.5523634570531297 0.5459228518450441 0.5494947501678998 0.545842217980463 0.5468709146807236 0.5479709723439404 0.549912231814438 0.5501844612248501 0.5492742527542176 0.5467894943365466 0.5465327436266042 0.5472228752939573 0.5502959029591741 0.5492156144247708 
0.36996793810388895 0.5480118517145866 0.547760724543091 0.55192978168657 0.5490037306375485 0.5451827510472173 0.547428791957023 0.553081385653837 0.5458143200773021 0.5486339786069475 0.5471015971515893 0.547084995747035 0.5471905989532595 0.5520323400371772 0.549330269146689 0.5447085469987962 0.5491916068752943 0.5455016559287351 0.5502665501110183 0.5459232198318356 0.5468709146807236 0.5480442702571495 0.5499124169354722 0.5500889049549874 0.5436918114417761 0.5466895478500041 0.546415765633044 0.5470771410945746 0.5444059175458664 0.5492913772129245 
0.3703167983982068 0.5480115705006834 0.5477603324116624 0.55192978168657 0.5512444172640251 0.5451827510472173 0.5474288305049936 0.5530098552574269 0.5458159250213682 0.548648918373523 0.5471016180193071 0.5534174571120701 0.5471786041525183 0.5519527730944006 0.549330269146689 0.5447085469987962 0.549323844904713 0.5454941398117662 0.550175223392896 0.5458218096664237 0.5468687084866906 0.5480440925139205 0.5499091158904971 0.5500889049549874 0.5492739933556521 0.5466845455881709 0.546414333726575 0.5470771504155992 0.5503056497118979 0.5492916233561357 
0.37049748736485116 0.5480099042442185 0.5477603324116624 0.5519675270466813 0.5512693686282769 0.5451827510472173 0.547440890657656 0.553008067641854 0.5458150498219413 0.5486282371747391 0.5470580832445597 0.547084973653541 0.5471642459200502 0.5519527397325592 0.549330269146689 0.5447085469987962 0.5459283368294456 0.545502550511148 0.5502665501110183 0.5458218096664237 0.5468709146807236 0.5480445365527459 0.5499091158904971 0.5500890877363155 0.5492739933556521 0.5467817318950278 0.5464081355953935 0.5472168478360119 0.5503102575769173 0.5493379196048822 
0.3717055803222633 0.5482132724456036 0.5508763258642174 0.5516735433639353 0.5515786197999674 0.5453382891721424 0.5472588550701916 0.5531161391538753 0.5454907579366521 0.5486709043358898 0.5471083967334164 0.5532799214713704 0.5533169398068345 0.5535220550277727 0.549367636956221 0.5535209868399291 0.5493208372165176 0.5506814387938466 0.553835272600307 0.5458890354356132 0.5470388325950941 0.5543300907536067 0.5499131421299537 0.5500796864801318 0.5492722430265111 0.546683966239772 0.5541315969304684 0.5472701281356687 0.5534397777870363 0.5532212995164191 
0.3722464488087386 0.5480485838972196 0.551130963290615 0.5516733067001306 0.5519923273079875 0.5523611927322105 0.5477487266243004 0.552579066529308 0.5541977512782912 0.5534022852205116 0.5540213363010891 0.5532814765744641 0.5537881239878397 0.5532793410401935 0.5549456281091972 0.5532129341869256 0.5522825440474928 0.553470049362609 0.5540692521111461 0.5551012754361342 0.5510735845883927 0.5543281943990364 0.5547803115915815 0.5550554738806011 0.5551463449646775 0.5533687476829455 0.554131476547883 0.5544683266386121 0.5535267496360425 0.5531695047456267 
0.37319936725336933 0.5542825865224013 0.5508403758350698 0.551960786979286 0.5520048597777167 0.5523611907288847 0.547486071433106 0.5525867338056962 0.5541977512782912 0.5533824932430613 0.5541392168331529 0.5528115400808511 0.5469339500063519 0.5532959072070724 0.5549337834125703 0.5532129341869256 0.5531191455632399 0.5455311903113396 0.5540809200312549 0.5551012803172201 0.5550882658555468 0.5546375238355545 0.5547819801091018 0.5500258670221276 0.5551357361427657 0.5534111120477406 0.5540978969169139 0.5547575730626602 0.5504907678967523 0.5492102483527139 
0.3734761601649942 0.5538685278265278 0.5511228326130283 0.5515930790151433 0.5515374299395713 0.552361649638749 0.5559867700043626 0.5529889988646025 0.5541978680875472 0.5531725814720803 0.5541405867199575 0.5532797782418369 0.5537837911582799 0.5532795222104094 0.5547957659651118 0.5532574847449422 0.5522910307531651 0.5534811565443033 0.5538095559731753 0.5549775310447383 0.551077077793398 0.5525485505731613 0.5545435009789305 0.5552175211032735 0.5551462534263125 0.5534111076469947 0.5541267882971191 0.5544684979150405 0.5534893305989249 0.5531689637906807 
0.37425002493630666 0.5542863272918955 0.5555223826094665 0.5515891437719737 0.5520045317018912 0.5527083170578224 0.5559639045099645 0.5532793629685303 0.5542144799980325 0.5533760762619803 0.55413934001268 0.5532798596580581 0.553876807608066 0.5532801223367909 0.5547956018839876 0.5532156930426831 0.5522238749938947 0.5534774754499322 0.55380842339849 0.5550957662602921 0.5511503965723945 0.5542637158728694 0.5547821330776408 0.5550301508733386 0.5550995235229981 0.5534109154455351 0.5540757151362231 0.5544686178788374 0.5535270741027328 0.5531690853291416 
0.37492815671985974 0.5542891292274447 0.5555223826094665 0.5516789544361529 0.551975179393115 0.5523603156399046 0.5559642233793226 0.5532794783716802 0.5542153903735331 0.5533760762619803 0.5541424988215138 0.5532814482722845 0.5537837911673513 0.5532801256507826 0.5548496205401925 0.5532156930426831 0.5522406107277167 0.5534774754499322 0.5538411118845007 0.5550957350344039 0.551088308854507 0.5542637158728694 0.5547817439761633 0.5550518031309596 0.5550986531978592 0.553402648063965 0.5541273191339093 0.5544686178788374 0.5535270741027328 0.5531690887444086 
0.37495926976512184 0.5542891292274447 0.5555100217014862 0.551677789338488 0.551975179393115 0.5523603156399046 0.5559642233793226 0.5532794783716802 0.554196804428155 0.5533760762619803 0.5541424988215138 0.5532814482722845 0.5537837911662125 0.5532802270513737 0.5547957325715865 0.5532156930426831 0.5529765297682803 0.5534772310198267 0.5538411118845007 0.5551012796065447 0.5555927958057923 0.5542658205049328 0.5547817439761633 0.5550306720922293 0.5550996674200418 0.5534109146816797 0.5541274166323009 0.5544686178788374 0.5535270741027328 0.5531545776531849 
0.3757201351256981 0.5581617903021658 0.5553322229926247 0.5592806985760216 0.5519700205815716 0.5525353833664998 0.555983409365299 0.5530368672290304 0.5599974220387529 0.5531899515859653 0.5589781687479191 0.5532814530043093 0.5537837909405787 0.5532801235230541 0.5547957659651118 0.5584336513814416 0.5526785655890006 0.5600701944935719 0.5601136922228581 0.5598728583486239 0.5511088640788192 0.5533890568808306 0.5547913235545522 0.5604565751939068 0.5560244485281147 0.553402846633477 0.5553311569595241 0.5544603922837861 0.553489745782986 0.5531554966175735 
0.37673021759717823 0.5604519469847394 0.5613179414925412 0.5593468913928485 0.5619923816360084 0.5596635255373058 0.5608468035544844 0.5593444150106283 0.5600147891577935 0.5605555859993698 0.5595623889646145 0.5586200944008443 0.5605859400656807 0.5611077188078124 0.5593852320152436 0.558461771133346 0.5606551290653982 0.5602768738143821 0.5600989396512775 0.5598382799683042 0.5576005812242034 0.5611427169838845 0.5591409734039126 0.5604933259153458 0.5560256892307222 0.5617696108980221 0.5614961664519774 0.5617625744462584 0.5606284510695424 0.5590610617831637 
0.3768220770092297 0.5604530530331863 0.5612160258058042 0.559646391096328 0.5619923816360084 0.5596635255373058 0.5601404989657143 0.5593455457552987 0.5600505014495712 0.5605555859993698 0.5595623889646145 0.5582906563824335 0.5605859400656807 0.5611077188078124 0.5552406941565461 0.558461771133346 0.5606615645650236 0.5602754651876792 0.5601018889965627 0.5598382799683042 0.5576005812242034 0.5611216878692442 0.5591268575614786 0.5604933259153458 0.5560256892307222 0.5617696108980221 0.5614961664519774 0.5617633393892585 0.5606284754744967 0.5590610617831637 
0.37755553523539287 0.5536946166154075 0.5555062277721082 0.5514899304259938 0.5622608425689193 0.5524563696722675 0.5602511951463136 0.5593225905019998 0.5601934153337139 0.5605395255772407 0.558988008089273 0.5534662292599032 0.5605703709274907 0.5611818565948733 0.5591003349805365 0.5588158057558557 0.5527639271655007 0.5602741513161114 0.5604357433451452 0.5599131465030904 0.5585432849087824 0.5611470045053429 0.5592728095440885 0.5604083720454748 0.5606668255660427 0.5531373519691741 0.5537059412202069 0.5617604709231274 0.5599584853764712 0.5610440323312167 
0.37810432223444146 0.5605094253613521 0.5613209619722069 0.5596564295673857 0.5619695637093735 0.5596757788032978 0.5602580159517467 0.5592466750771892 0.5600510618533066 0.5605574162383749 0.5589480277020958 0.5585591034825106 0.5605864851512701 0.561165670718291 0.5593486422070446 0.5588134398864781 0.5607612745457059 0.5602631646883541 0.5600497451877431 0.5598396916222053 0.5588890099996772 0.5611451712780592 0.5591409827999719 0.5604373923182789 0.5558179033710139 0.5616464682138196 0.5614961800154109 0.5617601764405119 0.5610656601372975 0.5611820277361095 
0.37881076939369596 0.5605068530069512 0.5612137567047513 0.5596496359409674 0.5619687883117032 0.5523027457769103 0.5601380062678744 0.5594387642936443 0.5600503908062194 0.5605578529837145 0.5595563991120747 0.5582880218876607 0.560584814048832 0.5611078635921055 0.5552186766160131 0.5584261944374855 0.5606615488890834 0.560292781765512 0.5601019933492785 0.5599692986740336 0.5574459852063471 0.5534791512184534 0.5589925197779181 0.5604774740658104 0.5605736513208891 0.5534391913195612 0.5552670525715011 0.5617633665387936 0.5606284760297453 0.5612039717063416 
0.37935559248447814 0.5605069761025369 0.561317979860922 0.5593475161370082 0.5619919192240558 0.5599448036187425 0.5608043338448514 0.5593268192134836 0.5600166385883862 0.5605554488837998 0.5595563492533568 0.5586598114008349 0.5605859394588896 0.5611081849709878 0.5593852818363195 0.5588133048898336 0.5606550455860283 0.5602768980285905 0.5600986051854447 0.5598382819431703 0.5576051799915835 0.5611427095687879 0.5591407089793549 0.560446387902978 0.5558913320504636 0.5616549580753069 0.5614961977297035 0.5617626041706005 0.5606284510662914 0.5591678772819735 
0.3794312366157648 0.5605069761025369 0.5613202010755522 0.5593667355840506 0.5619687287933564 0.5599448036187425 0.5608043338448514 0.5593269944025598 0.5600510618533066 0.5605403630699404 0.5595565809705108 0.5586596172598385 0.5605704709831476 0.5611081687384023 0.5593829817431426 0.5588133048898336 0.5606684170326828 0.5602752833800644 0.5600985988459906 0.5599692606710821 0.5589801648563514 0.561241033348763 0.5591407152082115 0.5604450775781312 0.5605697243302452 0.5616469344840745 0.5614952564506148 0.5617633807903165 0.5606284508366814 0.5612031629520683 
0.3800689576244121 0.5605750510893768 0.5613202010755522 0.5596563941844346 0.5619467523711149 0.5599585377180398 0.5602580072481956 0.5593269214433392 0.5600510618533066 0.5605574127399938 0.5595566015544821 0.558558579134359 0.5605703705223889 0.561168064075873 0.5593486422070446 0.558816760068005 0.5607531239909455 0.5602659107615969 0.5600487575399394 0.5599692986740336 0.5588897000759072 0.5611451912101898 0.5591407152082115 0.5604774756251909 0.5605697240599202 0.5616474676518945 0.5614952758133616 0.5617632639105752 0.5610521620457009 0.5612039717063416 
0.3805880261214404 0.560513628078953 0.5613870750421563 0.564666222361923 0.5615565673621157 0.5599827093411471 0.5608116567771061 0.5655684739488464 0.560368923741849 0.5605301763682977 0.558985523004713 0.5586590154044857 0.5605704755930312 0.5614560568187552 0.5593829326139307 0.5669121156738619 0.5606675427381579 0.5602754535740058 0.5641853709727852 0.5597415363976314 0.5589363529108795 0.5611282713833919 0.5589365252292331 0.5604464517006734 0.5605734418272311 0.5616462938049828 0.5614983653537149 0.5617640319779313 0.5604884167844387 0.5661795621934858 
0.38079146417585585 0.5605088769003373 0.5613220240794928 0.5646900698720981 0.5615313775957602 0.5627668907703075 0.5608044012431614 0.5593269944025598 0.5599162777336606 0.5605397291495405 0.5589705064473024 0.5668709886426764 0.5605705664495658 0.561108286171085 0.559382941873104 0.5587592243593669 0.5606684170326828 0.5602752903537855 0.5600985988459906 0.559969298630478 0.5589822797166297 0.5611478643166974 0.5591410817693134 0.560446507915321 0.5605736651964419 0.5616469343365781 0.5614952564506148 0.5617600602441499 0.5599525513830423 0.5611984204289857 
0.3819926822449568 0.5649915316816504 0.5665570160779618 0.5647355151354206 0.5668212853181627 0.5665917649889839 0.5671385094607696 0.5658337920555285 0.5664579117368365 0.5663659301874507 0.5640277425953529 0.5662129445149353 0.5657205243610154 0.5666944981495033 0.5657103240950336 0.5666270185080409 0.5652244157864317 0.5660345996206207 0.5641922339763076 0.5666406616230193 0.5669346166667312 0.5659099364162438 0.566992114933998 0.5644255415282942 0.5672692994203208 0.5659859452842807 0.5667550029003519 0.567394810918834 0.5674255540471489 0.565869872215072 
0.3822099800699419 0.5649915316816504 0.5665570160779618 0.5647371845767668 0.5668212853181627 0.5666033496810903 0.5671392899694991 0.5658326793043353 0.5664651941393181 0.5663659301874507 0.5638214735718782 0.5662129445149353 0.5657205171385076 0.5668161969716705 0.5657507887381186 0.5666271451841195 0.5652244157864317 0.5660346551664348 0.5641922342522682 0.5666350301488939 0.5669445571829618 0.5659094145940341 0.5669901673957999 0.5644257899104055 0.5672691885892853 0.5660078616290959 0.5667550031532791 0.567394810918834 0.5674255497525298 0.5660506491903942 
0.3823192015407281 0.5696657676175393 0.566554206082474 0.5647269211259485 0.5669945310127962 0.5666033369589596 0.5672550563483962 0.5659028669440219 0.5664652628614535 0.5663390572075261 0.5638237753432943 0.5662136987299692 0.5657375660614757 0.5668177955397375 0.5658133624754332 0.5666241095676322 0.5648314783114514 0.5660346555141234 0.5641922208070292 0.5665817197353098 0.5666587784843149 0.5658809660401865 0.5669923349812298 0.5644875963987719 0.5672641130860742 0.5660080537818533 0.5667550031584313 0.5671926598282124 0.567428818599081 0.566053143541684 
0.3827772290314974 0.5649912011690437 0.5665473417408531 0.5650182488089776 0.5668213459720814 0.56659176611705 0.567142084868214 0.5658968081170082 0.5664657679278795 0.5663657746687073 0.5640291509099917 0.5662126234941859 0.5657205695045157 0.5670432615061737 0.5671517191305447 0.5666273045946687 0.5652244191837003 0.566034600683559 0.564192311015774 0.5666393106407607 0.5666606162126485 0.5670932552747114 0.5669918785560951 0.5644876987175137 0.5672694848041794 0.5660079982554368 0.5664307696797588 0.5672287203560015 0.5674396982717534 0.5658064729225968 
0.38348075607990534 0.5649914582764534 0.56654758327445 0.565018248609314 0.5668213459812903 0.5666039336616052 0.5671394617707783 0.5658959916803448 0.5664657688569714 0.5663657756874438 0.5640907406580342 0.5662295683791507 0.565738578408097 0.5666953502040185 0.5671461235145843 0.5666270131116602 0.565222709585082 0.5660346647474015 0.5641922196278552 0.5666419151522983 0.5669314998318333 0.567104492130977 0.5669920184109504 0.5644877024841216 0.5672575478952023 0.5659858995481213 0.5663867793005007 0.567386357850615 0.5674395293565923 0.5658574608289497 
0.38353942962282844 0.5698373236333928 0.5665479031788953 0.5650272702269693 0.5668213459815086 0.5666028461344711 0.567142084868214 0.5658967676550887 0.5664657679278795 0.5663657746687073 0.5640291509099917 0.5662125173056405 0.5657206457203859 0.5670432615061737 0.5671587719435298 0.5666273045946687 0.5652227035227305 0.5660346557932949 0.564192311015774 0.5666393106407607 0.5666601206290266 0.5671044248712677 0.566991876290982 0.5644876994874041 0.5672694848041794 0.5659862153182978 0.5664308136865485 0.5672303547418543 0.5674395302691618 0.5658064729225968 
0.3835754454284873 0.5695770156116904 0.5665479031788953 0.5650272702269693 0.5668213459815086 0.5666028461344711 0.5671421114970168 0.5658672273299689 0.5664657679278795 0.5663657746687073 0.5607592145192672 0.5662326330436784 0.5657206457203859 0.5670432615061737 0.5671586733403963 0.5666275513316047 0.5652664661040034 0.5660346557932949 0.564192311015774 0.566639315445005 0.5666601206290266 0.5671043633163275 0.566991876290982 0.5644876994874041 0.5672695516818446 0.5659862153182978 0.5664432369413461 0.5672317795874183 0.567438987112482 0.5658064729225968 
0.38428691481298005 0.5698373236333928 0.5665479044243015 0.5650272702269693 0.5668213459720814 0.5666028461344711 0.567142084868214 0.5658967676550887 0.5664657679278795 0.5663657746687073 0.5640291509099917 0.5662125173056405 0.5657206633982669 0.5670432615061737 0.5671587719435298 0.5666273045946687 0.5652244191837003 0.5660346557963224 0.564192311015774 0.5666393106407607 0.5666606162126485 0.5671029752121854 0.5669918788259983 0.5644876994874041 0.5672694848041794 0.5660080535870536 0.5664307696797588 0.5672303547418543 0.5674396982717534 0.5658064729225968 
0.3844261149801808 0.5696659032676104 0.5665575579064728 0.5650264790663879 0.5668217063981026 0.5666033368072246 0.5672550563483962 0.5659028669440219 0.5664584516166885 0.5663657722500315 0.5639354621121063 0.566223302092271 0.565737864200394 0.5668708260375575 0.5671585112940444 0.5666267233335937 0.5652227464722858 0.5660346555099112 0.564192213201373 0.5666420621936016 0.5666587784843149 0.5671029335535498 0.5669922348386892 0.5644875963987719 0.5672640098356293 0.5660080537818533 0.5667550031584313 0.5672302528103219 0.5674293233806422 0.5660532089780916 
0.3853866723482093 0.5695833317971125 0.566557017761674 0.5718477321038197 0.5668577467959963 0.5665917498549827 0.5670699024871069 0.565866324680534 0.5664653133825055 0.5655077837318542 0.5682355140873933 0.5662314027989168 0.5657205056881366 0.570548773638935 0.5671499618282004 0.5666210651197916 0.5652661581367253 0.5660346714686665 0.5641922211452574 0.5666349941750347 0.566909969264643 0.5671160118134883 0.5669920590467105 0.564480539234183 0.5672575993123625 0.5659852039918285 0.5667595178969194 0.5673995072378941 0.5674389843799145 0.5660426815746594 
0.38642096203883003 0.569685975981661 0.5725502847365778 0.5655160246251557 0.5666750814376715 0.5700786412791112 0.5733697724775595 0.5735371849017388 0.5736707958459311 0.572050288510158 0.5728592359028208 0.5736970578810073 0.5752074482526701 0.5739766409086636 0.5671547129153685 0.5730006214823786 0.5726338323784957 0.574613881797875 0.5728247766235959 0.5728263844029893 0.5727729413041515 0.5714723563332782 0.5738051554391831 0.5722150016923647 0.5737453885791486 0.571589715828364 0.5666674336234495 0.5729725013807883 0.5733236227707896 0.5731002001955384 
0.38663602402896974 0.5739912433485171 0.5732727454338895 0.5717514195808983 0.5722027619543247 0.5697860636867097 0.5731314808425126 0.5735743956607462 0.5736691797838244 0.5721687190496548 0.5726104803277137 0.573734731691242 0.5752596031097098 0.5736874739227957 0.5738967801359529 0.5729302984355313 0.5729462489579775 0.5745945403709515 0.5736626274059426 0.5728409873638001 0.5727729419272504 0.5714649747889682 0.5737168319846194 0.5720231553422739 0.5737450996488176 0.5715911910589827 0.5731188140131345 0.5729724993937211 0.5732984818011772 0.5731919268215977 
0.3868726368378437 0.5739911434119959 0.5732741650350593 0.5717514156258346 0.5722027619366675 0.5699969074086505 0.5733715564886551 0.5735746006069116 0.5735547549015471 0.5720556178387384 0.5726128012977785 0.5737349199109472 0.5752658858296047 0.573687463844426 0.5738824023315677 0.5728726718958066 0.5729252133032574 0.5745945270683261 0.5736559794308754 0.5728171936187315 0.5727773856160804 0.5714652804138945 0.5737635974559988 0.5720778017112005 0.5737456558924058 0.5717554205513968 0.5730781713433256 0.5729724988840198 0.5732980605957051 0.5730533073529837 
0.3869117156746383 0.5739911435927411 0.5724559834834017 0.5717514156464965 0.5722027627810373 0.575153508836191 0.5733763651618345 0.5735755069973851 0.5736654566712018 0.5747016032620428 0.5726128009604965 0.5737349267103681 0.5752599075274143 0.573687374461587 0.5734690184552087 0.5728904899843883 0.5729446966488871 0.5745945268143522 0.5736562325158259 0.5728182525880221 0.5727787491038387 0.5714649980451328 0.5737161536761038 0.5720777085751139 0.5737456555030488 0.5717586677257634 0.5730787326957999 0.5729724988849486 0.5732975076815652 0.5730296750807258 
0.387835077473301 0.5739911292743807 0.5733109128181636 0.5717513324280907 0.5722037971110538 0.5697812986787687 0.5731301931384224 0.5735736116693512 0.5735525513946952 0.572057654839654 0.572937881986152 0.5737347424387685 0.5752658953477569 0.573687378230623 0.5734691103944216 0.5729249996840696 0.5729248555066988 0.5745945273535099 0.5736556535037197 0.5728173845122202 0.573086920353371 0.5714646119700905 0.5737661342498405 0.5720382032089474 0.5737456059391679 0.5715936412867808 0.5731103595956705 0.5729725006435581 0.5732986567111037 0.5730405240812896 
0.387913551219778 0.5739911155044839 0.5732895448059954 0.5717514142198342 0.5722027604805181 0.5697550150869803 0.5731302382585008 0.5736459288484032 0.5736757935508916 0.5746978365872887 0.572622199731776 0.5737349206486724 0.5752597037590341 0.5736868874548229 0.5734633393709386 0.572744462133369 0.5729259777834494 0.574594526277447 0.5736589345746406 0.5728183849953813 0.5730717994351875 0.5714686093087591 0.573725541445743 0.5720777556913262 0.5737461351996682 0.5715909579365797 0.5730789251375923 0.5729725032240199 0.5732913382816189 0.573042134865645 
0.3883960799160095 0.5739911455701998 0.5724535520455037 0.5717514157376348 0.5722027622477841 0.575011893723337 0.5733715565093435 0.5735743956607462 0.5736694285557653 0.5747016032620428 0.572931180736266 0.5737349167676411 0.5752602731128547 0.5736873768049123 0.5734690206705064 0.5728900668708651 0.5729446966488871 0.5745945269155388 0.5736584914189853 0.5728171941653104 0.5727776617798797 0.5714649932427944 0.5737170708061278 0.5720776979641549 0.5737456345181993 0.5715967522222872 0.5731107728216834 0.5729724623149395 0.5732975076815652 0.5730571749077528 
0.38925332981557076 0.5739911329792081 0.57329518889656 0.5717514216087918 0.5722027714203305 0.5698861948371385 0.573142813260681 0.5735745241385924 0.5736694975539016 0.5746979840400861 0.5729531909282516 0.5737349177739413 0.5752649379044318 0.573686893692009 0.5738689814258865 0.5728923614758197 0.5729456713480366 0.5745945397911142 0.5736584282304663 0.5728173722998955 0.5727777888722222 0.5714651794835733 0.5737171898617098 0.5720350777406026 0.5737453926210231 0.5716003205455309 0.5731106540603227 0.5729724997439127 0.5732979053573878 0.5730571674378526 
0.39023187791283726 0.5788206009252206 0.5732741669670763 0.5716040123921856 0.5722027637468075 0.575433756042729 0.5733480553205685 0.5736411207521668 0.573686210652914 0.5746980398328877 0.5726936919664176 0.5791854895675327 0.5752596107231962 0.57372096504779 0.5738616386148345 0.576951476426935 0.5729248599621278 0.5796493002845744 0.5736605198389786 0.5728175892892521 0.5727729412427819 0.5714690324190663 0.5738881140689361 0.572036359029498 0.5737450677337697 0.5715909822014393 0.5780379697817926 0.5727394865016108 0.5732151569453757 0.5730408854558491 
0.39095603056469047 0.5788426873570945 0.5784323036121373 0.571852085241893 0.5720161685604535 0.5793030438104424 0.5732456205403437 0.5795322513274012 0.5737088252118474 0.5745281641721666 0.5797936390714981 0.5736047763893467 0.5772585800920356 0.573673947066549 0.5784220639112191 0.5769224700413369 0.5788674162346577 0.5746987700078122 0.5734804595079112 0.5792815956382221 0.5783685271149613 0.5792000159284001 0.5743013400072338 0.5780673162638321 0.573677842877084 0.580103764181932 0.5731725768357098 0.578334874037633 0.5737428384732657 0.5762630295540823 
0.3918213508258904 0.5788587054080818 0.5786505764283513 0.5787816354072471 0.5781790660597091 0.5793032292408916 0.5769267252349849 0.5794924097303624 0.5776092032432623 0.5799935548575629 0.5794677288961765 0.5792317666888105 0.5791428769676883 0.5769550227982113 0.5787547660977704 0.5769431181254054 0.579100005533289 0.5796745406087621 0.5804154654991478 0.5793044804937905 0.5784939826522723 0.5791381545079004 0.5787651369594983 0.5780303837732668 0.5736586710661459 0.5797380679280145 0.5779823190853192 0.5781035636471585 0.580973342688168 0.5761652863999358 
0.3918393640782075 0.5788587054080818 0.5786505764283513 0.5787819192595167 0.578176788978199 0.5793032244649186 0.5769266273889144 0.5794924097303624 0.5776092032432623 0.5799935554734363 0.5794677288961765 0.5792317666309525 0.5791428769676883 0.5769482312864417 0.5787482621703007 0.5769431181254054 0.579455750065348 0.5796745406087621 0.5804154654991478 0.5793220383519796 0.5784939826522723 0.5791381545079004 0.5787651369594983 0.5780301808097646 0.5736586710661459 0.5797380679280145 0.5779823190853192 0.5781035676749092 0.580973342688168 0.5794638136110489 
0.39265097292012946 0.5788587054080818 0.5786505764283513 0.5787816390687437 0.5781768469597177 0.579303217338363 0.5769320026929825 0.5794924097303624 0.5776092032432623 0.5799935548340873 0.5798132421875061 0.5792317666306034 0.5791428769676883 0.5769550528835607 0.5787342831729394 0.5769431181254054 0.5791104818134701 0.5796745406087621 0.5804154654991478 0.5793102034808111 0.5784939826522723 0.5791381545079004 0.5787651369594983 0.5780302054115798 0.5736586710661459 0.5797380679280145 0.5779823190853192 0.5781035630221709 0.580973342688168 0.576239114757566 
0.3936331716189399 0.5788604119822567 0.5785611185678732 0.5787810303908053 0.5781756171851115 0.5794731711555499 0.5830369501077708 0.5794924088793078 0.5810687539148907 0.5800039788291887 0.5796054790189126 0.5792411729620563 0.5791709183761663 0.5769564407125962 0.5784855298999075 0.5771938717209208 0.5789964155409862 0.5794714793991151 0.5800799118347546 0.5792332176297118 0.5784970400119928 0.5791347763951696 0.5787645535206057 0.5780305669376761 0.5736479692565285 0.5797372159170061 0.5778930224814355 0.578367965388844 0.5810134936647853 0.579768285058447 
0.3939541741580939 0.5788901621513973 0.5785608072543544 0.5787939343774029 0.5781698152037983 0.5792971269323951 0.583350787275042 0.5796747194400208 0.5805155487634609 0.5802380426577415 0.5796211731655517 0.5792383834698608 0.5792456449303871 0.5769540480084847 0.5784582149539998 0.5810530750648881 0.5794294549146847 0.5794729828730546 0.5804151095281119 0.5794045273237256 0.5784939831812319 0.5791346174218296 0.5787651344244662 0.5780302525824623 0.5738023301334275 0.5797346591492901 0.5781420258654458 0.5781121962836839 0.5808493810212944 0.5796063318253254 
0.39490215650407107 0.5790482677632826 0.5785611203689249 0.5787887757046745 0.5780727768352345 0.5792906788381637 0.583238675285909 0.5794924088709614 0.5815854882667945 0.5839138908128475 0.5796204372412008 0.5836704501214782 0.5792601144709135 0.5769540480084847 0.5784802281323715 0.5813418762868249 0.5794333156119295 0.5794677233376921 0.5804291614350731 0.5794039425677762 0.5834097562252699 0.579134611533782 0.5817071645045699 0.5830077150816272 0.5858308351647934 0.5797567096552635 0.5838807026542333 0.5819458328092109 0.5810161430645925 0.5796683356678761 
0.3955035278570097 0.5839021930431578 0.5853594984978833 0.5852662030923979 0.5831276471317325 0.5789496188728235 0.5833648803509183 0.5856147213039631 0.581960930608183 0.5841392746047182 0.5795189833933496 0.5794285660520306 0.5793536910380908 0.5827217001178527 0.5785841535812772 0.581369796201012 0.5839101868236517 0.5797372959034242 0.582724409698737 0.5848241592260788 0.5835657707295056 0.5821453782990613 0.5787734919632559 0.583022468701343 0.5856964748944313 0.5799772196945833 0.5842086921222023 0.5819286039741313 0.5849547903188663 0.5796636784844776 
0.39598367367666704 0.5839022554216695 0.5855384989952592 0.5854798625672123 0.5830596932020783 0.5881969034965064 0.5832722234334919 0.585567883601497 0.5820784199367619 0.5802006327460427 0.5880082033560468 0.5834658885469207 0.5855227452851619 0.5832816121201942 0.5847274478900091 0.5813802547393508 0.5837104249360765 0.5844096696688091 0.5857695205992255 0.5848224875006487 0.5835105200687717 0.5820578022338513 0.58154227934764 0.5834878809652208 0.5856964431672078 0.5835813897071859 0.5839356358623472 0.5819062020802998 0.5848816156346683 0.5857808166813284 
0.3966351915401904 0.583902208487935 0.5855384989952592 0.5854122538873128 0.5859298944698307 0.5859281692260272 0.5831631956128862 0.5855677062067355 0.5818447960823963 0.583924551596589 0.587529243270894 0.5863027299204453 0.5856354979074296 0.5827226604228325 0.584771898056765 0.5817536606954794 0.5838887058533921 0.5843971262569648 0.586153540255168 0.5848622526238572 0.5834907046795427 0.5822036531580397 0.5816628922405572 0.5834878289241001 0.5857601137327897 0.5870937544376272 0.5839273961542897 0.5819055932019743 0.5849547903188663 0.5849768156494307 
0.39667843292656174 0.5839022539495243 0.5855384989952592 0.5854124349583611 0.5830578626193265 0.5858807760617571 0.5832722234334919 0.5855678918238955 0.5818440750660815 0.5802006327460427 0.5879948189317046 0.5834658885469207 0.5855227452851619 0.5827349645710378 0.5847280428580979 0.5813802547393508 0.5837104249360765 0.5844090586621713 0.5857695205992255 0.5848224875006487 0.5835105200687717 0.5821985499994687 0.58154227934764 0.5834878809652208 0.5856964431672078 0.5871410854927641 0.5839273086105989 0.5819061745413543 0.5849547919332166 0.5857572873464055 
0.39720097767612617 0.5839010946021606 0.5855489937302215 0.5854181342272025 0.5834082033890229 0.5881862293918978 0.583369568234498 0.5855678821604315 0.5820924797488896 0.5839234097255881 0.5881345884967932 0.5833689653466765 0.5856355069445294 0.58272266434441 0.5847274325411674 0.5813807519889405 0.5838403589865612 0.5845321985082271 0.5859165959313671 0.5847631748697784 0.5835105583475755 0.5820587500852509 0.58164247345001 0.5834858678428281 0.5861041193121683 0.5801728580993908 0.584206391780428 0.5821699924465632 0.5848873105536517 0.5857918364446469 
0.3976390177602738 0.5841131761618417 0.5855385015208538 0.5854224993785095 0.5830553974652414 0.5860526252696808 0.5836737054214372 0.5854010578195882 0.582157591678566 0.5838032799155999 0.5875292752216482 0.5833708092932708 0.5856355025980191 0.5827226604228325 0.584779952867773 0.5813995034101092 0.5838888398748159 0.5844278785400471 0.5826187287186386 0.5848316035682413 0.5835045881666583 0.5819332157513439 0.5816629967706403 0.5846775252374519 0.5856885252278927 0.5836592602860996 0.5839367682496621 0.5819126533164221 0.5849552118344656 0.5798940866962041 
0.3980154901480289 0.5838146624973316 0.58553898595023 0.5854121095265354 0.5860409232846643 0.5880401721042118 0.583188787217509 0.5855681863372869 0.5816584344897116 0.5885140711026796 0.5875292139545674 0.5892508688876522 0.5856350848879252 0.5824711062900559 0.5847276220141998 0.5812444996853025 0.5895590961415622 0.5845216856328074 0.5861859827942025 0.5848238302330409 0.5893913451829812 0.5822743156817626 0.5816628925986305 0.583504578617579 0.5857529740547173 0.5871584605616159 0.5839273968056347 0.5819622736512033 0.5849547903188663 0.585432144873234 
0.3984664522847876 0.5839011359331554 0.5855488510637702 0.5854181676971167 0.5832885177519122 0.5828090519782133 0.5832617222825531 0.5855980089593968 0.582046220611125 0.5835951379493347 0.5795177097524646 0.586408134101814 0.5856384284173165 0.5888390706484976 0.5845942222321431 0.5813812524779868 0.583842122494286 0.5845321985082271 0.5859165959313671 0.5847627576170615 0.5835105578512711 0.5821498466910835 0.5814653382547642 0.5834653671910566 0.5862337662355186 0.587135482071621 0.584206391780428 0.5854633058508676 0.5850198509141797 0.5857918364446469 
0.3994341791439281 0.5877797179010532 0.5859067521577941 0.5855406335833152 0.5859179026095019 0.587997884653764 0.5883367179482317 0.5855779482098232 0.5880351994634287 0.5887699195952018 0.587454656130974 0.5835418750971221 0.5855688422891753 0.5859967183315172 0.586240211718977 0.5895380389696537 0.5897525322430809 0.5843767960147138 0.5856897625918831 0.5847996861830664 0.5838254319977396 0.5885987120244751 0.5876437310647701 0.5883955837928585 0.5862399491558886 0.5871601096776731 0.584105280427085 0.5856791292967429 0.5850209445944072 0.585246569623603 
0.40014608318090616 0.5875104429584549 0.5896502137318134 0.5885751379425304 0.5859464490749875 0.5880205185608172 0.5883791488038269 0.585587599952738 0.5881343719244886 0.5885481487158769 0.5874554541702033 0.5893555331279614 0.5855678861019801 0.5887407630929452 0.5862184653491361 0.5893925738252301 0.5901871405452154 0.5869779290611302 0.5856787604806806 0.5928657893112891 0.5896343805111783 0.5885899879329994 0.5876523382494562 0.5881701491381718 0.5859488019525878 0.5873627266032069 0.5841310782281732 0.5856663625526771 0.5892640700286126 0.5854357600160564 
0.4006814427260551 0.5841817809243532 0.585817415258884 0.5886882667666439 0.5856210870479354 0.5880203577785896 0.5882941813710698 0.5855747627877488 0.588134146202293 0.5885533543354049 0.5874506927229787 0.5865758056080421 0.5856363888364902 0.5877897402006671 0.5862231708653296 0.5894065447159721 0.5903473558702012 0.5866017288033544 0.5857127947537475 0.5831225811343533 0.589633382187183 0.588672148802747 0.5874796331153064 0.5884073898534415 0.5862575464558021 0.5872284120677105 0.5841015164757076 0.5855661495976557 0.5848497674582394 0.5854267655617187 
0.40074144039550985 0.58746098710813 0.5895524704861703 0.5887274157556072 0.5859527277354314 0.5880197543242881 0.5883791488038269 0.5855738795708995 0.5881357839420748 0.5885480350231905 0.5874554541702033 0.5893538396318626 0.585635068083317 0.5887655225041916 0.5862234363237749 0.5893925738252301 0.5901871405452154 0.5869779290611302 0.58275383546611 0.5829727064051591 0.5893405260676099 0.5887165334797376 0.5874608259240196 0.5881749866324116 0.5863231893423215 0.5873613397385307 0.5841207176763863 0.5856663625526771 0.5921507361050887 0.5854357600160564 
0.4012686209048906 0.5875104429584549 0.5855295548302746 0.5887275492318422 0.585924426776896 0.5880205185608172 0.5883798801143766 0.5856944869668811 0.5881341629047666 0.5884130305762719 0.5874546623496901 0.5893534465222203 0.5855723731455755 0.5887411063002705 0.5862186713025707 0.589376665728409 0.5901871405452154 0.5928962640007195 0.5928272364298585 0.5828443445341412 0.5896283000318391 0.588677020244761 0.587624491159804 0.5881758311511887 0.5862583147811351 0.5872159782165577 0.5841207176763863 0.5856663625526771 0.5877677574989155 0.5854362449371618 
0.40161171074367913 0.584142074360072 0.5946842198567692 0.5926559895470411 0.5925214055353368 0.5879573642489285 0.5882219946277509 0.5944236766289811 0.5878264207824355 0.5884124754904424 0.5919852354277088 0.5946048070542251 0.5913576248683866 0.5885134423966395 0.5861910574409677 0.5890752194320381 0.5896193705753063 0.5942420744278265 0.5935933042485697 0.5927948728318762 0.5891520745669059 0.5887155069841356 0.5876537506033758 0.5884024388605217 0.5862583151072904 0.5866874104001134 0.5847973777193026 0.5906684379624736 0.5849747076721957 0.5855727265145085 
0.4017580150056925 0.5943743903900774 0.589842145520457 0.5887255232334979 0.5922253511513188 0.5879979801671636 0.5883796969423172 0.5939776149817574 0.5881340155513521 0.5885533134683999 0.591859820733748 0.5893044235278088 0.5855537883120596 0.5859410177560703 0.5862231708653296 0.589407778179661 0.5896889982525267 0.5929413475584784 0.5856566717633525 0.5923957348879239 0.5893365911019749 0.5886832550147474 0.5874690617176126 0.5882091802035927 0.5865034687349205 0.5873023706417893 0.5845125147338753 0.5906566808697232 0.5891069760554346 0.585435379552477 
0.40207450707817904 0.5948812026327346 0.5897749625060147 0.5926446150893055 0.5922193187859682 0.5879979801671636 0.5883796997875789 0.5944214123769617 0.5881357393804314 0.5887604694583463 0.5875098969177301 0.5893227442676366 0.5852273597944425 0.5915324310231181 0.5861963120890195 0.589261573274338 0.5896658879767751 0.5929085007459813 0.5856894012570284 0.5904847133866311 0.5893405646674377 0.5887154121029435 0.5876508246861002 0.5882087825166201 0.5858982562047349 0.5867340201584442 0.584512691849493 0.5906501402131342 0.5892473115123756 0.585843883516949 
0.4023484609920825 0.5879333195633799 0.5908694727665407 0.5927036547454431 0.5922131549057769 0.5954152497202823 0.5930271980854838 0.5941918123422719 0.5884772005729346 0.5884213057716499 0.5920633769145219 0.5945980510962852 0.5938804955306191 0.5889695835890009 0.5941633181879449 0.5894102068225175 0.5902116095514859 0.5930095706385456 0.593437693521333 0.5924107894714845 0.5890340658632607 0.5886792021378975 0.5938760832715518 0.5919925374645839 0.5938568648206226 0.5872150594277088 0.592780303184559 0.5903366600351249 0.5873684916888455 0.5920952973637966 
0.40278478550408403 0.594421560764816 0.5909706995427012 0.5924802612147538 0.5927379323555855 0.5957222826392252 0.5930301298597748 0.5944607306979739 0.596490701258855 0.593653045519292 0.5920632811232465 0.5957419026128 0.5947394355656903 0.5914756769441059 0.5943149725901692 0.5929881866025724 0.5947665809936473 0.5942408289385686 0.5933985907976681 0.5928426387478166 0.5890255963286902 0.5920358899029621 0.5937245770999464 0.5919925243000045 0.5939932215773044 0.5957657802408294 0.592781707799017 0.5941837259572039 0.5948636924880726 0.5925997363518417 
0.40282755196701486 0.5944233550228166 0.5947270198918193 0.5925894338798328 0.5927235138115463 0.5957243810760634 0.5930272300838695 0.5944531571112496 0.593225419998554 0.5936789836105265 0.5920600840254675 0.5957510751100683 0.5938970117597594 0.5914731651298322 0.5943149989456096 0.5929841741328286 0.5946092140516029 0.5942408766287003 0.5934666101089041 0.5927474590332082 0.5889959081997336 0.5920364164575411 0.593724083677514 0.5919366751205802 0.5939931038425487 0.5957395787005325 0.592778482456054 0.5904891533726201 0.5948955732046105 0.5924722255262136 
0.4033322097668887 0.5944215599799676 0.5946747099557159 0.5924771063827253 0.5923567770783174 0.5954136851118692 0.5930349178525294 0.5944084444556543 0.5938612693160834 0.5927875477451301 0.5918014392303725 0.5946951022505399 0.5943443222715166 0.5914425807820684 0.5943163097111008 0.5892798183505784 0.594363706374882 0.5942409502513262 0.5934976333331085 0.5927950662597815 0.5947303281090243 0.591838836642168 0.5936841872272205 0.5919831803386483 0.5939994014041268 0.5953896521501332 0.592782015163701 0.5946370588898058 0.5942469649954132 0.5925367445796522 
0.40376477984558795 0.5944233550228166 0.5947270198918193 0.5925894338798328 0.5927235138115463 0.5957243969916199 0.5930272300838695 0.5944531571112496 0.593225419998554 0.5936789836105265 0.592060242648791 0.5957510751100683 0.5938970117597594 0.5914731294962466 0.5943149989456096 0.5929841741328286 0.5946092140516029 0.5942408766287003 0.5934666101089041 0.5927474590332082 0.5940759445108102 0.5920132207932758 0.5938138580167465 0.5919364195691585 0.5940041060120917 0.5954315177337399 0.5927782881573262 0.5906185657384081 0.5940251089007701 0.5924722255262136 
0.4047791833810055 0.594421560295074 0.5945391809130682 0.5924771063827253 0.5923537910495781 0.595428846730566 0.5929756784254033 0.5944208268286931 0.5936968887107834 0.5936793414595265 0.5919870826918098 0.5957331575988705 0.5943443222715166 0.5914734112902938 0.5943164547031228 0.5930116581126295 0.594606327659297 0.5942409167541194 0.5932669737193089 0.5927312871285326 0.5947294684165251 0.5917343611706617 0.5936842544740886 0.5919830739021993 0.5939978976515669 0.5957633308161463 0.5927785773596533 0.5945370363452147 0.5942865851349313 0.5925267865773455 
0.40533283126489345 0.5943222497309538 0.5948272374503965 0.5925725050594352 0.5927218427124209 0.5957241995705091 0.5929754518090068 0.5944605580612367 0.5963923814664275 0.5936539036274883 0.5919627890424045 0.5945762639162879 0.5948020163589416 0.5914736106170441 0.5943138707034035 0.5929841024628575 0.5946124552295151 0.5942409011788874 0.593267612846346 0.5927307405249794 0.5944748166816274 0.5920273869051906 0.593815901227135 0.591982471900642 0.594002586120376 0.5954236620072093 0.5927784530178636 0.5945306267518337 0.5948635409530718 0.5924409339162896 
0.40537143702142564 0.5944207151162614 0.5947226470126012 0.5924798466255478 0.5927219320718436 0.5957277006271054 0.5929754023974481 0.5944186931073433 0.5939197071516753 0.5936539031252704 0.5919627890424045 0.5946943828455865 0.5947672011569344 0.5914740437957303 0.5943138203824452 0.5929841024628575 0.5946124552295151 0.5942218872040848 0.5933916092251499 0.5927307405249794 0.5944748166816274 0.591732748465458 0.593815901227135 0.591982471900642 0.594002586120376 0.5954144554055635 0.5927784652148392 0.5909139412711446 0.5948635411587413 0.5924466264338949 
0.40585892841055987 0.5975340143099721 0.597209208316387 0.592479537364414 0.5923324037046149 0.5995553241115434 0.5929757098032091 0.5916485779653591 0.5963520372605015 0.5936802831137847 0.5920648550025746 0.5957513388858536 0.5943443222715166 0.5914072792635324 0.5943148746044142 0.5929010708132034 0.5946863873651694 0.5942268989675216 0.5932669737193089 0.5927312871285326 0.5946618214433232 0.5989757617055398 0.5939434307239474 0.5917282980639508 0.5939978976515669 0.5957723786438109 0.5925185011688145 0.59468134991702 0.5951146128258227 0.5925267865773455 
0.40605621128927233 0.5943222657514633 0.5947270198918193 0.59258369949426 0.5923361571212381 0.5957215382604691 0.5927347304330404 0.5945413390602791 0.597729856441368 0.5936802491229787 0.5920836221649122 0.5965993386425975 0.5938970117597594 0.5910237198199886 0.5942893768362 0.5927013918557662 0.5991837750901272 0.594240680638297 0.5934697751630914 0.5927474590332082 0.5941370775613811 0.5920015737500747 0.5937323108501787 0.5920708849077575 0.5940041060120917 0.5954539009506248 0.5990437360587386 0.5907161054711996 0.5950304580834462 0.5926824696148918 
0.4064877768719608 0.5975167340891421 0.5994689542901508 0.5983800140060613 0.5979239450649059 0.5957810281846193 0.6007166729098351 0.5983754273903521 0.5980366835624568 0.5990714821954229 0.5983360823624098 0.596605032417279 0.5996977860561225 0.5914150010709934 0.5993565265940527 0.599137637565091 0.5944250291306112 0.5952939001263343 0.5980669889667203 0.597543580074861 0.5979219210133544 0.599313532599751 0.5985647460556732 0.5991485230868283 0.593447925598615 0.5973573029185224 0.5991735382640679 0.594593195465046 0.5950869848447579 0.5967277436515489 
0.4067210176839815 0.5944740032642487 0.5948384809769649 0.5985232078276013 0.5977330803996024 0.595744799612854 0.5999429132482542 0.5984298449110743 0.5983704327292667 0.599078723448855 0.5918015978635663 0.5946951583963261 0.5946076433693829 0.5916844797656067 0.594291411330209 0.5992562875081404 0.594352072718642 0.5954002591795055 0.5975645075828886 0.5975861060026413 0.5975942405180381 0.5989072055285612 0.5938606663780562 0.5946944660717906 0.5994005114230826 0.5973281864160576 0.598978760476454 0.5945028999810009 0.5950891873427271 0.5967241854172942 
0.40690421602737964 0.5975167340891421 0.59953754314434 0.5983800130562668 0.5977330795147353 0.5997038458687355 0.6003513896105743 0.5946945982472117 0.5980406299920075 0.5990121380091851 0.5983367528140469 0.5966050021204052 0.5996978193489217 0.5978185215793326 0.5993905356775368 0.5991376359705426 0.5992498090956215 0.5952939000985422 0.5980950204173073 0.5975435800749498 0.5979219312514528 0.5989636697986885 0.5985647460556732 0.5991505866238522 0.599229582767958 0.5944075310850658 0.5990046253460503 0.5996405547610428 0.595105072981393 0.5967277436515489 
0.4072227796396103 0.5975167340891421 0.5994487759605528 0.5983619891692675 0.5977330428035943 0.5994926411614381 0.600442358544567 0.5983773800042137 0.5983667374432775 0.5990722639307329 0.5982297027839245 0.6016982706927113 0.5996987992791671 0.5978185212768199 0.5993905356775368 0.5991376859686577 0.5992503549766707 0.5952939014365528 0.5980947599682847 0.5975436114275421 0.5979206510814301 0.5988164539797323 0.5985647460556732 0.599279473425575 0.5994877835107064 0.597357351015564 0.5990046253460503 0.5996383849486715 0.5951090616816831 0.596696091378387 
0.40754051290461174 0.5975167340891421 0.6010618570751485 0.5983800247428189 0.5977330803756803 0.5995023224884736 0.600351642619439 0.5983730275494726 0.598036377305469 0.5990721902672669 0.5983372135872942 0.5966050029847488 0.599697778746876 0.5977289241528071 0.5993905356775368 0.5991376372397059 0.5992498631681303 0.5952940946946336 0.5980667194837014 0.597543580074861 0.597921930462111 0.5993183443553113 0.5985647460556732 0.5991484454286204 0.5995709937643393 0.5973573005562957 0.5990046253460503 0.5944949654032335 0.5950862559814861 0.5967277436515489 
0.4076829066282049 0.5975167340891421 0.5994500297710756 0.5983800140060613 0.5977330963367045 0.5994997327096298 0.6003514024819847 0.5983754273903521 0.598043471175145 0.5990714821954229 0.5983360823624098 0.596605032417279 0.5996977860561225 0.5978185215793326 0.5993915434815202 0.599137637565091 0.5992520274305994 0.5952940770866656 0.5981075236246003 0.597543580074861 0.597922009034793 0.5989636723637847 0.5985647460556732 0.5991485230868283 0.5995165653334922 0.5973573002737953 0.5990046253460503 0.5996405044141055 0.5951090552150675 0.5967277436515489 
0.4079147373551764 0.5975167340891421 0.5995661223628338 0.5983800084943257 0.5977330963326258 0.5994926411614381 0.6003514021215245 0.5983754273913585 0.5983667374432775 0.5990122488053318 0.5982297027839245 0.5966050021527805 0.5996978506099537 0.5978185215793326 0.5993905356775368 0.5991376375377008 0.5992518605244659 0.5952939014365528 0.5980950217422953 0.597543580074861 0.5978028908788635 0.5989604293269554 0.5985647460556732 0.5993305240924985 0.5995192720619118 0.5973573029185224 0.5990046253460503 0.5996384791414718 0.5951090554217459 0.5967277436515489 
0.40797157152213614 0.5975167340891421 0.5994500297710756 0.5983800140060613 0.5977330963407211 0.5994997327096298 0.6003514024991187 0.5983754273903521 0.598043471175145 0.5990714821954229 0.5983360823624098 0.596605032417279 0.5996977860561225 0.5978185215793326 0.5993905356775368 0.599137637565091 0.5992498623432204 0.5952939001263343 0.5980950241453576 0.597543580074861 0.5979219210133544 0.5989636723637847 0.5985647460556732 0.5991485230868283 0.5995165653334922 0.5973573029185224 0.5990046253460503 0.5996405044141055 0.5951090554217459 0.5967277436515489 
0.40857155490946795 0.5975167340891421 0.5994487759605528 0.598381614891102 0.5977330966589299 0.5994926409242526 0.6003514096223194 0.5983754273227674 0.5983667374432775 0.599072263930639 0.598235477076546 0.5964497136581826 0.5996987992791671 0.5979114184810519 0.5994367397510192 0.5991376530481295 0.5992518586499485 0.5952941022275254 0.5980950419129905 0.597543580074861 0.5979217267053181 0.598960447311079 0.5985647460556732 0.599147032896435 0.5994818531640701 0.597357300444335 0.5990046253460503 0.5996405258383937 0.5951052616986319 0.5967277436515489 
0.40901703138951323 0.5975167340891421 0.5994487759605528 0.5983987424057158 0.5977330966590249 0.5994926411614381 0.6003514021215245 0.5983754273227674 0.5983667374432775 0.599072263930639 0.5982297024522991 0.601568113250199 0.5996987992791671 0.5978185215793326 0.5993905356775368 0.5991376372789708 0.5992519270574321 0.5952940756652453 0.5981075295719481 0.597543580074861 0.597920662972689 0.5989601660561573 0.5985647460556732 0.59933296612962 0.5994877835107064 0.5973573003554529 0.5990046253460503 0.5996404578487539 0.5951090552068022 0.5967277436515489 
0.4093654863309628 0.5975167340891421 0.5994487759605528 0.59837999502466 0.597733096658803 0.5994926411614381 0.6003514021215245 0.5983754308491127 0.5983666969440488 0.599072263930639 0.5982296942955162 0.6016710352249588 0.5996987788886711 0.5978185215793326 0.5993905356775368 0.599137637531154 0.5992519258009241 0.5952940737392262 0.5980950241453576 0.597543580074861 0.5979217332140306 0.5989604293269554 0.5985647460556732 0.5993398737611295 0.5995185369039137 0.5973573003918486 0.5990046253460503 0.599640415478191 0.5951090551680478 0.5967277436515489 
0.4094635014205095 0.5975167340891421 0.5993938589536626 0.5984829308318917 0.5977330966590249 0.5994926411614381 0.6003514005650528 0.5983754976591307 0.5983666965447751 0.599072263930639 0.59823450227254 0.5964529530412904 0.5996987998798916 0.5978185215793326 0.5993876396342177 0.5991376375607875 0.5992519537945641 0.5952940756652453 0.5980957385425518 0.597543580074861 0.5979220040917635 0.5989601660561573 0.5985647460556732 0.5995184497159219 0.5994840426396802 0.5973573003554529 0.5990046253460503 0.5996404580009423 0.5951090552068022 0.5967277436515489 
0.4101635611350161 0.5975167340891421 0.5993714084045714 0.5982698364510814 0.5977323810170432 0.5995521242223532 0.6004453553613025 0.5983773800042137 0.5990652197310529 0.5990722517149439 0.5982313497578242 0.6040347700031131 0.5996987992791671 0.5977985628128701 0.5993905361157773 0.5991376859686577 0.5992503787431122 0.6031903147579898 0.5981015658618064 0.6019591549766493 0.5979186750743019 0.5988121773020311 0.598648701345976 0.5995102506832765 0.6019360821324945 0.6048959246674315 0.5990046253460503 0.599638371502051 0.6056787841905921 0.6023539898616046 
0.4103535373542761 0.5978478592995827 0.5996616308564664 0.603348099250017 0.5982197985630274 0.6028945637390256 0.6014399092616606 0.5988917639273789 0.5991304995971796 0.6019320298550545 0.5988680995071398 0.6040021121686651 0.5993672811769348 0.6019581981115496 0.6031007935545796 0.6025196240378171 0.5992512357967937 0.603546994145909 0.5981800681152745 0.6024009148572441 0.6013863798690524 0.6033821372675503 0.5984680062333754 0.5994897862798545 0.5995796612193124 0.6043075884815787 0.598941158668544 0.5995808154085374 0.6011533698095523 0.6019312967448657 
0.41071328345088803 0.6042361343459455 0.5997044161049454 0.603348099250017 0.5982197985630274 0.6030896241575806 0.6014866098936168 0.5988927656078387 0.5983948301691261 0.6019320149165958 0.5988745924504222 0.5969301889500256 0.5993672811769348 0.6019582058799725 0.6030479704517542 0.6025196240378171 0.5992511229550155 0.603545870384126 0.5981800606164547 0.5974714565888276 0.6014554343150205 0.6033821372675503 0.5984681293533399 0.5995077963391269 0.6017189768694106 0.6046952555031768 0.6032828659763153 0.6030789037898073 0.6011458716414877 0.6019312967448657 
0.41112524875555423 0.6042398122920023 0.5996612693028468 0.6033487044498046 0.6047168668564067 0.6028931592579146 0.6014414801475753 0.5988917639273789 0.6049895395116756 0.6019320298550545 0.6039724861469629 0.6040015063682352 0.5993079426417288 0.6019581757194072 0.6031008912854354 0.5992711031283101 0.5992108411824993 0.6035236314842548 0.5981800681152745 0.6024009148572441 0.6013868620019155 0.6032251139101166 0.5984680062333754 0.599507832922884 0.601721399563523 0.6043049469183825 0.6034046576734066 0.6034301380401466 0.6011533698095523 0.6019392714759173 
0.41170955411788956 0.6042398111602717 0.606181927832947 0.6033055481052634 0.6046571938425795 0.6030541210975403 0.6015304822623263 0.5988827377864757 0.6050713509542655 0.6019314579602514 0.6035671410492646 0.6040015953756822 0.6052653398022315 0.6019605742422698 0.6030480813383742 0.6067338528392003 0.6066437567953162 0.6035209892709754 0.5980309297291315 0.6023766630165915 0.601546162518767 0.605238970154085 0.6047092879989243 0.5995089357743998 0.6017213635210273 0.6047017640448693 0.6049318495013387 0.603370086664432 0.6011164108897786 0.6022196541521118 
0.4121337743562392 0.6042398099680001 0.6061849554673346 0.6033055481052634 0.6046641944460226 0.6030541210975403 0.6013453004936238 0.5988817427524591 0.6050760453212576 0.6019314592837693 0.604055068387841 0.6040287307389458 0.6052653398022315 0.6019603752932698 0.6030480904008029 0.6067338528392003 0.6067693650534896 0.6035234874008755 0.6075852198333831 0.6023766630165915 0.6015420738534059 0.6031767081962492 0.6064916183410557 0.5994332075367076 0.601520191351989 0.6047022647739232 0.6051518681729778 0.6033701821319685 0.6011187615809898 0.6022196541482062 
0.4122488384555654 0.6042398099680001 0.6058288192278866 0.6033055481052634 0.6046960014533895 0.6030538007325477 0.6009962167926616 0.5988821402448338 0.6051408718601164 0.6019314579602514 0.6041153490124992 0.6040326710785805 0.6052653398022315 0.6019605789219653 0.6030467651569548 0.6067338528392003 0.6066389625684079 0.6035209892709754 0.6075852198333831 0.602371958045673 0.6015471750190722 0.6032265810048942 0.6047092879989243 0.5995089357743998 0.6017213635210273 0.6046987441696158 0.603361794121025 0.6033694900565414 0.605667105571699 0.6022196546937737 
0.41263416816224463 0.6042324309550539 0.6061897992555285 0.603305549017923 0.6047360266532287 0.6030122949152378 0.6093096182423867 0.5988824804755974 0.6049275796755479 0.6019351076705346 0.6040747061889931 0.6041915325923509 0.60526536967092 0.6019633362454264 0.6030464400359993 0.6067343476026679 0.6065489008130637 0.6035234750360865 0.6076014745361915 0.6022364509016482 0.6015533712156966 0.6036146127619479 0.604833217790674 0.6052139936968088 0.6018348823142422 0.6047398589310918 0.6049320984893252 0.6033582060628669 0.6011019450849322 0.602210592053257 
0.41307234586445163 0.6042687099640056 0.6058350091218874 0.6033055495380767 0.6066650675500451 0.6030122949152378 0.6097160304973854 0.6008718383220129 0.6054045543759345 0.6019315733608637 0.6066656209615943 0.6041977184934754 0.6052567856960541 0.6042800446460962 0.603046135753814 0.606749861019934 0.6067204256785697 0.6035234712094283 0.6072510497851563 0.6082336987402095 0.6015475003872399 0.605147156309183 0.6065760204886627 0.6054547185367919 0.6065867124091299 0.6047402507349396 0.6049265096771886 0.603350274212455 0.6055372110096054 0.6022100866297299 
0.41324523663145085 0.6042723162515433 0.6058346962711125 0.6033061325685649 0.6066973142260674 0.6030096860922346 0.6097120645817525 0.6009580110384316 0.6064112962908823 0.6019350422706862 0.6066591161242884 0.604198086045871 0.6053499174222081 0.6042678633585982 0.6031045785072371 0.5985024530257427 0.6067631291369767 0.6035237031688009 0.6083561264643156 0.602644697950025 0.6061584476161916 0.6052542909536027 0.6046998719436019 0.6054245223578646 0.6065298727478808 0.6046598280725346 0.6050301834813044 0.6084503625538229 0.6054889103466885 0.6022238174107963 
0.41363526728290184 0.6042398099680001 0.6061849554673346 0.6033055481052634 0.6046641944460226 0.6030542946245252 0.6096763605856924 0.5988817427524591 0.6050760453212576 0.6019314516080722 0.604055068387841 0.604030980692039 0.6052653255926923 0.6018121398596861 0.6030480904008029 0.6067342396135109 0.6065482258529832 0.6035234724778239 0.6075856481887238 0.6026730468356287 0.6016801795190373 0.6031767081962492 0.6066608574006174 0.6051792837687339 0.601520191351989 0.6047397764806878 0.6051445265169629 0.6033701821319685 0.6011281078722174 0.6022259577102681 
0.41389032924206043 0.6051746375464447 0.6058313787135313 0.6033054760531897 0.6066900058698053 0.6030088373773519 0.6097120606094475 0.5989119543142504 0.6054160126734718 0.6019354607273428 0.6066523854912621 0.6041980568545332 0.6052688201614136 0.6043043277285959 0.6030464809803804 0.6067934997595903 0.606572947649806 0.603523475438277 0.6075371963455419 0.6022416132146258 0.6061124096208338 0.6052096631132713 0.6048738698057649 0.6052673646065095 0.6060630544782745 0.6047398323901005 0.604933113420844 0.6095249519146728 0.6056311774310963 0.6022196997328574 
0.4141292199265277 0.604242422070942 0.6061764983035939 0.6033615802992817 0.6046686492501426 0.6030140894460749 0.6097121651700778 0.600847023773909 0.6063928156451516 0.6019314571317914 0.6041255291595552 0.6040275476552005 0.6052610873562614 0.6042149046467731 0.603046722788661 0.606745943081244 0.6065455840567195 0.6035237048523759 0.6072433845611752 0.6020211338757891 0.6061591038346648 0.6052582676341411 0.6066496530787713 0.6054571251488841 0.6065835117847914 0.6046974291265933 0.6050460383316023 0.6033718857399115 0.6055796268799374 0.6022206283299356 
0.414420374872306 0.6042714222850905 0.6058301603627393 0.6033061325685649 0.6066734554255062 0.6030096860922346 0.6097120645817525 0.6009580110384316 0.6064112962908823 0.6019350422706862 0.6066528064764822 0.6041980862914627 0.6053496714203547 0.6042678633585982 0.6030596105065544 0.6067896917919074 0.6067678540532923 0.6035237088204352 0.6072525395151451 0.6079166897163223 0.606158728333587 0.605253563659638 0.6065762623476845 0.605457094675548 0.6065298727478808 0.6047387961225117 0.6050301834813044 0.6033504420113321 0.6054889103466885 0.6022238174107963 
0.4147493414810598 0.6042160766179121 0.6058345106771066 0.6050976385137635 0.6066199585772595 0.6086060319858541 0.609713556402854 0.6008724184377053 0.6051629185521586 0.601935306850693 0.6074690885698175 0.6041980575690374 0.6052642200569458 0.6043573183775657 0.6030521435617127 0.6067940977014407 0.6066421300380441 0.6035236530711059 0.608310597857103 0.60791681272964 0.6061510505135811 0.605258197307108 0.6065752034340325 0.6086131447401965 0.606520144748528 0.6047398319665137 0.6050304936501927 0.6084013458331644 0.6091329471181288 0.60222094531401 
0.4150416309682566 0.6042716675307559 0.6058345084640967 0.6033041649001435 0.6066998290397989 0.6032010102418818 0.6097121136714158 0.6008442291520139 0.6064215946901512 0.6019315759258396 0.6066528119265041 0.6041980921015415 0.6052605385881219 0.6041575250791098 0.6052524613680259 0.606750869581944 0.6066392588029447 0.6035236107529317 0.6072527695685651 0.6079166896952982 0.6061895866794778 0.6052167187386236 0.6065761763305481 0.6054745920962639 0.6065050129255957 0.6047402619191544 0.60503324686449 0.6033498144492133 0.6092745775621484 0.6022099539836284 
0.41531100116564074 0.6042723107303501 0.6058313669785778 0.6032821151646638 0.6066975222647584 0.6030063087511395 0.6097120911351427 0.6008468557065524 0.6063352313193314 0.6019315571812781 0.6068215242443407 0.6041980630080235 0.6053539366721434 0.6041874617066596 0.6025671227290336 0.6067877250668748 0.6066416137334573 0.6035234754343053 0.6075508441718267 0.6079150056062549 0.6061786706451209 0.6052642632629147 0.606576230827749 0.6089043057494616 0.608704790988917 0.6047399164028708 0.6050301552322921 0.6095134955442997 0.6054811827473982 0.6021950549784328 
0.41556431936903654 0.6042716577689896 0.6058292735466834 0.6033612521892341 0.606671834125434 0.6034643100615077 0.6097135378286077 0.6008448992498938 0.6064272939054288 0.6019318073148666 0.6066502867419868 0.6041980874436538 0.6052534211246434 0.6042224622488567 0.6052952051948048 0.6067902245446686 0.606635782006158 0.6035236604409051 0.6072533526636953 0.6079168131346969 0.6061517293594677 0.6052582971115658 0.6065751859165228 0.6086158705992232 0.608619597917464 0.6047397838320856 0.6099015058553641 0.608778370598233 0.6090842166697468 0.6022206586837253 
0.41603305832023385 0.6042725733298968 0.6058320459544771 0.6033064892856124 0.606701509626207 0.6030130463819012 0.6097120594327673 0.6008479012561713 0.6064158727711585 0.6162246216103233 0.6067969004945792 0.6041980786979654 0.6052587269397772 0.604218738633034 0.6068532323790881 0.6067955038524274 0.6067686974756697 0.603523475444188 0.6072533373672396 0.6079167369845392 0.6061536368936454 0.60525819735376 0.6065762692475419 0.6086768917258714 0.6086962679791865 0.6047397938342883 0.6050484643189384 0.6043089814032795 0.6090832148561468 0.6021945475900082 
0.41626266167735726 0.6042636304271544 0.6058345885809022 0.6050217211027731 0.6066975249561735 0.6087972173054546 0.6097120816008366 0.6008472677152104 0.6064158677486455 0.6021629987714548 0.6068213360358862 0.6041980572126804 0.6053541956606603 0.604275942822805 0.6068639400460103 0.6067900515219475 0.6066409803195981 0.6035234921500761 0.6083621783330883 0.6079166514401997 0.606177376269536 0.6058407550080805 0.6065751863212248 0.6086185423178813 0.6086183530808277 0.6082092739966111 0.6049337955543923 0.6086694222123723 0.6089098779408433 0.6022197901269192 
0.4172499754493476 0.6042636304271544 0.6058345885809022 0.6050217211027731 0.6066975249561735 0.6087972173054546 0.6097120816008366 0.6008472677152104 0.6064158677486455 0.6021629987714548 0.6068213360358862 0.6041980572126804 0.6053541956606603 0.604275942822805 0.6068639400460103 0.6067900515219475 0.6066409803195981 0.6035234921500761 0.6083621783330883 0.6079166514401997 0.606177376269536 0.6058407550080805 0.6065751863212248 0.6086185423178813 0.6086183530808277 0.6082092739966111 0.6049337955543923 0.6086694222123723 0.6089098779408433 0.6022197901269192 
0.41740447144200077 0.6032269835698606 0.6060929869980415 0.6050275939135092 0.6096279787461805 0.6085815166365821 0.6097120813949979 0.6008472448214452 0.6088755011358657 0.6019353086573739 0.6068204710229415 0.6041980575690374 0.6052642058520347 0.6043561340469811 0.606997741319177 0.6067924477218997 0.6066443231323604 0.603245574828712 0.6083066817145462 0.607916813134379 0.6061793996474651 0.6052712106819439 0.6065752034345859 0.6086647578444764 0.6087419737098572 0.6047398326147625 0.6050305064180652 0.6083970835131831 0.6098350620618195 0.6021906268995337 
0.4180397039811353 0.604272456758659 0.6058292635940146 0.6033064916226997 0.606751870141565 0.6035657040705802 0.6097120816008366 0.600847240485307 0.6064158677486455 0.6021556926966598 0.6068213426128221 0.6041980572126804 0.6052604977481689 0.6042189296778899 0.606848596866727 0.6067902320251186 0.6067563981983269 0.6035236604435621 0.6072533331409409 0.607916871469293 0.606177376269536 0.6052581967745551 0.6065751863212248 0.6086185041701574 0.6086186619149982 0.6079986145323739 0.6099027878504203 0.6086355060879898 0.6090833737113737 0.6022238508851248 
