0.400000249765667 0.3675446722504573 
0.4000844388406046 0.3674792849072568 
0.4003509856987816 0.3674119901951437 
0.40056931414494046 0.36714453589337437 
0.4007982377338874 0.36696348030186754 
0.4009638973177366 0.36692206267070443 
0.401043456683041 0.36681089709083164 
0.4011781737301386 0.3667278004914821 
0.4014218098206069 0.366575354269706 
0.40152293044318194 0.36652196385933394 
0.40165248624235184 0.3664726196484346 
0.4017219538815463 0.366384069056361 
0.4019037140755649 0.36624585742130367 
0.4021475022539688 0.3661226064672295 
0.4023949592528309 0.36594981870354976 
0.40255110154834467 0.3659422572933447 
0.40263545908325143 0.365789230687706 
0.40292203695550366 0.3657624173710693 
0.40319096332377297 0.3656286042495584 
0.4033268829612817 0.36556268384300644 
0.403619509282583 0.36554722067325174 
0.40365932606014815 0.36518055905856656 
0.40400017151103457 0.3648318853666785 
0.40432589801066865 0.3647019363576748 
0.40453313057620527 0.3645317079511349 
0.4047723518981218 0.3641959644492868 
0.4049066597326112 0.3641656318944294 
0.4051106764444831 0.36394387749507057 
0.4052191044777888 0.3638315116207098 
0.4054630080295743 0.3635617337073654 
0.40573203189232226 0.3633240470944404 
0.4061575606357179 0.3630388180788691 
0.40622779148252636 0.3630325436630208 
0.4063692402106495 0.36287104069920423 
0.40645939524785896 0.3627276046724228 
0.40658345196794826 0.3626851246166829 
0.4068242736502053 0.36248654018870663 
0.40697575263123925 0.36242943508195974 
0.40710681852724995 0.3623543242116797 
0.4071750731410652 0.362133174480652 
0.4072652928035586 0.3619991135759386 
0.4075885544751784 0.36178431081450657 
0.40792842702152965 0.3617628678405106 
0.40796949057805376 0.3613712278539022 
0.40845143782644416 0.360979873355873 
0.40885174574139554 0.36090241571864673 
0.4088584771296057 0.36067947957816165 
0.40910505726460794 0.3606676896499163 
0.4092610666456222 0.36040579416618035 
0.4094272039268331 0.3602948129172424 
0.4096542354014306 0.3602611525148729 
0.4098544787114341 0.3602439907919488 
0.4099129969633739 0.3600258018716538 
0.4099845077437449 0.3598991920540931 
0.41008823823212104 0.3598590875658657 
0.4103463688815403 0.3596678637568872 
0.41039274601303366 0.359603745322592 
0.4105368581429728 0.3594351996502032 
0.4106698139109145 0.3593127824548443 
0.4107137887353413 0.3592918167443221 
0.4109088547639827 0.35912132979309264 
0.41104302485548616 0.359087080204847 
0.41120181471380385 0.3588816020350811 
0.4112876034328422 0.3588007566019764 
0.41167498870917046 0.358488516746999 
0.41184333970585163 0.35834311532975616 
0.4119195484035005 0.35827127083743193 
0.41213393505610835 0.35812657571233764 
0.41238091891042855 0.35795146627152385 
0.41250768962122475 0.357874027980387 
0.41260216452248544 0.3578179053904651 
0.41306479638289484 0.35759324424356737 
0.4130772457183333 0.3574730461736423 
0.4131464853608523 0.3574230370809167 
0.4135039360215333 0.3572097901976799 
0.413599324261367 0.3571275452523631 
0.41382240750070143 0.35693318006384556 
0.41397814195696797 0.3568740332228781 
0.4140493544991981 0.35675962547136947 
0.4142432034485318 0.35665430730357334 
0.4143334409436974 0.3565235498344527 
0.4147046210433917 0.35636785645851743 
0.4147522316944816 0.35619158064382656 
0.41485810943534407 0.35606227853372696 
0.41492168178021155 0.3559803304087766 
0.41515467818831897 0.355838728921328 
0.41528492754031554 0.35570546015302473 
0.4155701791770417 0.3555060288268032 
0.4158066595816897 0.35547208966088134 
0.4158729575440223 0.3552506719604058 
0.41636735880923753 0.3550591313315026 
0.4164044894098943 0.35486223376310183 
0.41660569470248726 0.354736391069977 
0.4168367558997682 0.3547194473967057 
0.41702095522911536 0.3546444176888975 
0.41725270586976615 0.3543679847018341 
0.41769701540186854 0.35406400653622544 
0.41797247460450204 0.3538440145335815 
0.4181857930580683 0.35372555616345175 
0.4182717916636682 0.3536098628535223 
0.4184562225089 0.35349389254549624 
0.41851200916516307 0.35334065855391206 
0.41916081221292384 0.3529356197392298 
0.4192617467687795 0.35288033352985904 
0.41961459005439267 0.35240970122294263 
0.42042104035299244 0.35232077485404595 
0.42042252205217445 0.3522109075398872 
0.4204415221529752 0.35185707428459484 
0.4205415818195722 0.3516691381810014 
0.4205601815219069 0.3516487664402359 
0.42108388938949476 0.35132244415020314 
0.42130225122548204 0.3510798789903434 
0.4216740450356644 0.350894318523924 
0.4217974717222664 0.3507461870075071 
0.4221855154178359 0.35056676621046123 
0.422465484656124 0.3504909214402923 
0.42247969411892355 0.35017491719592364 
0.4227663127941131 0.349980134292608 
0.42316508077194026 0.34968802328974563 
0.42400014339848924 0.3492137944464247 
0.4240611741742176 0.34914593626493745 
0.42414489429251717 0.34902573383287594 
0.4243418180591613 0.34890776014237274 
0.42502300856383424 0.34842991364120507 
0.4251816764457683 0.34827444255045353 
0.4252411046373874 0.3482039964565126 
0.4256110583973669 0.3480195649211244 
0.42567133577298577 0.3477606591338169 
0.4257120669054595 0.3477231130289812 
0.42653753371483205 0.3472003849595038 
0.42678104913495263 0.34697848767641293 
0.4277332219951011 0.34629920505836753 
0.4281493409734482 0.3460352892178381 
0.4283276103109386 0.34587800586664047 
0.42849679721757294 0.34579544517091726 
0.42925201459847967 0.3450621472720621 
0.4297043859798519 0.3447310161668483 
0.4299473878153854 0.3444530131050177 
0.43009061009593424 0.3443542177566883 
0.4304614038364097 0.3440785956426971 
0.43060599804758154 0.3439299227176736 
0.43063294531401897 0.343921757001435 
0.43107556166902244 0.34368964855940703 
0.4310990633312208 0.3435553766728812 
0.43120911801688855 0.34347241368642684 
0.4314107130295063 0.3433102219111379 
0.4316026066703751 0.34317020918688806 
0.4319721335310306 0.3430174848121004 
0.43210432316554775 0.34288645556061 
0.432283999588473 0.34276880083000366 
0.43245619893577153 0.34260535403294656 
0.4334456101300695 0.342113571160237 
0.4335368275215367 0.3420011418340215 
0.43373672628917526 0.34185993145374577 
0.43453593090725073 0.34143147602573387 
0.43516673305119014 0.3412035293622288 
0.43525876242672495 0.3410196916089109 
0.43550426050591573 0.3409173140991216 
0.4357567224997547 0.3407787833889907 
0.4364622045185609 0.34047845097778495 
0.43680119118797595 0.34034638043101545 
0.4365221539768813 0.3404594628066844 
0.43923126189711376 0.33974984819003634 
