0.40000002540059815 0.5876241496810477 0.5877668164406603 0.587749406457508 0.5877790459919611 0.5878483308142536 0.5875238077780088 0.5878953963362421 0.58779440868069 0.5878331197499463 0.5877475577873528 0.5878041150849277 0.5876878619072876 0.5877866833565364 0.5878834922204939 0.587788111234515 0.5877625243661434 0.5880430273713034 0.5878040618621708 0.5877486368681137 0.5877466926959974 0.5878005200849968 0.587792997145342 0.5877685268132792 0.5877874769468497 0.5877631872162775 0.5877569535740692 0.5879150117362986 0.5877851904548602 0.5877735817600348 
0.40008356299861075 0.5876241496810477 0.5877209898825826 0.587354936713001 0.5877828559919807 0.5878483311594978 0.5875264311097148 0.5878953963352008 0.5876669369601119 0.5878321430326987 0.5877475577873528 0.5878041150849285 0.5876878619072865 0.5877866833565364 0.5878774576739226 0.5877881112344692 0.5877625242515635 0.5880430273713034 0.587804062256082 0.5877472875201691 0.5877466926960594 0.587800520089412 0.587792997145342 0.5877685268132792 0.5877874769468497 0.5877628584197142 0.5877569535740674 0.587940894947325 0.5877851904802536 0.5877735817604807 
0.40027002554655555 0.5876234050171136 0.5908428998200899 0.587752294258784 0.587779053258591 0.5878483170855389 0.5875238173058752 0.5878953963727096 0.5877944084397945 0.5878079154984482 0.5877415614171715 0.5878041153465422 0.5876993718558337 0.5877866833565216 0.5879308422137799 0.5877880055715882 0.5877564746107021 0.5880431538877325 0.5880312088845944 0.58774076658956 0.5872006471677695 0.5877375997023504 0.5921409503822853 0.5877642267019066 0.5808157436357535 0.5877654348422089 0.5877569535524535 0.587915008226019 0.5885566293090856 0.5877741348254795 
0.40054138696561115 0.5876241496810477 0.5877220792492559 0.587354936713001 0.5877786121863223 0.5878483314725005 0.5875257500017085 0.5879425526104416 0.5876669369601119 0.5878321430326987 0.587747786669726 0.5878041150849285 0.5876878619072865 0.5877866833565364 0.5878764408382819 0.5877881112344692 0.5877731564002795 0.588043037827276 0.587804062256082 0.5877473070748419 0.5877466923056468 0.587800520089412 0.5921455686942639 0.5877685268132792 0.5877874769468497 0.5877628584197142 0.5877569535740674 0.587940894947325 0.5877854772942235 0.5877388490458711 
0.40077043558968956 0.5876241496810477 0.5877668164406603 0.5877498364551346 0.5878284867758302 0.5878505082333705 0.5875257824063896 0.5879390584739279 0.587749381370591 0.5878331208736982 0.5877334616782208 0.5878041128355495 0.5876878619072841 0.5877950147084336 0.5878822195593978 0.5877881112137587 0.5883019839521684 0.5880430102626374 0.5878043150588178 0.5877486256319417 0.5877466926958081 0.5877797398983304 0.5877930013408574 0.5877685268132792 0.5877834371662868 0.5877633359010872 0.5876420969836177 0.5876676889357145 0.587785192151799 0.5896869341231598 
0.4008861372042526 0.5876352285103905 0.5910256338914535 0.5929624279316555 0.5878283357341749 0.5883568749449393 0.5875257824063896 0.5879394953195113 0.5877495521451033 0.5878335853664539 0.5877334616782208 0.5878058810201247 0.5876951119241876 0.5935714818742296 0.5878820173741413 0.5877930534255965 0.5882525136360559 0.5880434873921583 0.5878043150588178 0.5879082667023876 0.5912243709011711 0.5877600688489593 0.5877993141854232 0.5877684580577213 0.5877832873894839 0.58775257359223 0.587640536887517 0.587667115175116 0.5877821515116297 0.5896869341231598 
0.40099270872558485 0.588350164980743 0.5908325973359564 0.5878551473707518 0.5902780140756769 0.5877790655566809 0.5875239969257249 0.5878969662694417 0.5877951498537257 0.5881569814827692 0.5877564420469403 0.5880486215606237 0.5876878881051538 0.5879432643215893 0.5889557126375575 0.5879371050965497 0.5881870690951297 0.5878636486031483 0.5880518327006846 0.5879058360693473 0.5875762377129614 0.5877255414228284 0.5856463792238332 0.5883665708919166 0.587842273812682 0.5878364716135758 0.5876550966868392 0.5879399677337648 0.5878078472046485 0.5877697012719332 
0.4011144242638362 0.5911505109426657 0.5908327988218509 0.5878551473707518 0.5902780140756769 0.5878503194271752 0.5875215801181548 0.5878953997132239 0.5877943773596022 0.5881468139624263 0.5877474487181733 0.5880507439994429 0.5876881972338136 0.5879518412008033 0.5889557126375575 0.587938158154656 0.5876343497690836 0.5878635668070585 0.5880578295171307 0.5879058360693473 0.5875762377129614 0.5916300868459352 0.5856798113600955 0.5883665708919166 0.5878193620494951 0.5878308383468804 0.5889863748997448 0.5883673827002925 0.5885819014193105 0.5877230097649917 
0.401335778251873 0.5876241496810477 0.5877668164406603 0.5927916933005423 0.5877790459919573 0.5878483311527983 0.5875238077780088 0.5878964649158326 0.587794347524243 0.5878331197499463 0.5877475577873528 0.5878058419505384 0.5876878327188672 0.5877801857876237 0.5878834922204939 0.5877881112124392 0.5877625243628192 0.5880430273713034 0.5878039761795548 0.5877489532867055 0.5877466926960597 0.5878005200902807 0.5878089337755894 0.5877685268132792 0.5877874769468497 0.5877638489362492 0.5895386262583495 0.5879150117465026 0.5877236981690679 0.5897843742893905 
0.4014221353666062 0.5877686793090584 0.5879061340360542 0.5876551089402555 0.5877778013200461 0.587832673135067 0.5876646167675266 0.5878934956582093 0.5882723937999716 0.588180728092454 0.5877488305326747 0.5877947111104995 0.587676440354703 0.5875716848173171 0.5935992849718184 0.587788112039634 0.5877625243000788 0.5910062724799028 0.5890700980238869 0.5878822979796944 0.5877146658783755 0.5915767436765691 0.587800063886271 0.58777990143091 0.5877218630850076 0.5893245662916914 0.5877643815118998 0.5881910331296297 0.5874167819711839 0.5874865778266979 
0.4015221287409455 0.5876457390385208 0.5908337954029707 0.5934907751533702 0.587903003081971 0.5878507768617119 0.5905718821981633 0.5878953963736282 0.5877937464800379 0.5878079154984482 0.5877416269387365 0.5878041074836099 0.5886829623653828 0.5877858002093251 0.5879182316293048 0.5877880055715882 0.5879734209956491 0.5880431538877325 0.5879318106730579 0.5892199539712175 0.5872028105297816 0.5914558936476806 0.5877477542074934 0.5880760106118724 0.5870053497209641 0.5877416058049869 0.5902842785601025 0.5952724511459707 0.5885566293090856 0.5877000539752639 
0.40161045513796756 0.5876230280918423 0.5908337954029707 0.5931926547434447 0.587903003081971 0.5878507818090439 0.5904690518679052 0.5878953963356451 0.587793706736416 0.5878079154984482 0.5877474640457111 0.587804115058025 0.5886829623653828 0.5877858002093251 0.5879182316293048 0.5877881141628218 0.5879734209956491 0.5880431538877325 0.587804169199694 0.5892199539712175 0.5872139950793593 0.5878963108092428 0.5877486921068786 0.5880760106118724 0.5869963153225851 0.5877623898234084 0.5902842785601025 0.5876470017813084 0.5885566293090856 0.5877000539752639 
0.40178932077619867 0.5883510374611907 0.5911121206842939 0.5930142378712634 0.5903347676846228 0.5870900190942008 0.5903431798680271 0.5878879960270804 0.5877947618702354 0.5915923813501226 0.5888531776192116 0.593416142649562 0.5887448005203687 0.5933242559781357 0.5881380480880453 0.5878162989908425 0.587993524816333 0.591239022826369 0.5878254185239922 0.5879070189921015 0.5913448159631542 0.5907454922009517 0.5877905288805267 0.5877746589715036 0.589082681019586 0.5894194675877635 0.5901968463274668 0.5875377096551375 0.5876776711877469 0.5877036208521931 
0.4019945188625851 0.5910123466350272 0.59101665174855 0.5877466785630981 0.5902140358609606 0.5874869728942274 0.587523791521913 0.5878869061498336 0.5878232745721708 0.5878782917420367 0.5875365405196638 0.5930275059997598 0.5876592754363476 0.5939348760992298 0.5891796862754701 0.5878561131874437 0.5876611876704458 0.587973540986409 0.5880611938581852 0.5878904245230482 0.5912600336814886 0.5916261754060316 0.5877919949615589 0.5872637466862938 0.5890612263578493 0.5893999969892308 0.5877586370338095 0.5879104652691775 0.5882706851328006 0.5874594052418138 
0.40222949061789304 0.587983437790272 0.5910259289177912 0.5927429489991533 0.5903969004700454 0.5877596335028754 0.5877733655087759 0.5879399259374929 0.5877495488968651 0.5880004148614927 0.5889300788979142 0.5878058644121726 0.58876667755103 0.5936312894402325 0.5879698634086281 0.5880356929646982 0.5879771308943901 0.5878657667042262 0.5877799954574348 0.5879070195450707 0.5912473451973576 0.5912980514817132 0.5877912866782697 0.5877744887934155 0.5880986870618717 0.5893610513770865 0.5929893262560315 0.587655280186892 0.5876800674895578 0.5897351014624291 
0.4023210305785063 0.5877647071948624 0.5877668164406595 0.5928334686153924 0.5877076604853119 0.5883659746225935 0.587539858403748 0.5879399314443754 0.5877495538781847 0.5878335853664539 0.5877617933428476 0.5878961885048833 0.5876639754420565 0.5877102720424939 0.5878822195593978 0.5877881112106174 0.5882043085887038 0.5880434873921583 0.5878050610189877 0.587748625770983 0.5876381993075097 0.5877797398983304 0.5877993141854232 0.5877748476700114 0.5877735257373908 0.5893485419739503 0.587640536887517 0.5876667148490345 0.5878039018348489 0.5896869341231598 
0.40245377937468496 0.5878018905223759 0.5917184136164881 0.5877096376221287 0.590774138548084 0.5868662842731321 0.5876443251785991 0.5878934945307751 0.5882150051441479 0.5916326647551505 0.5887564226853673 0.5877944160937852 0.5876664416452146 0.5876364589445536 0.5891287379123629 0.5879459944933244 0.5887967138493774 0.5910534449070478 0.5941859372128028 0.5879055645809974 0.5912270502459595 0.5919600364884846 0.5877957456199022 0.5877654888433057 0.5889761050172199 0.5893383211688954 0.5896491068828293 0.5881899416137638 0.5878749489883976 0.5897431579824516 
0.40262904723989223 0.5911654802008476 0.5914416772053336 0.5934173023851188 0.590460034174119 0.5934563913470754 0.5962082362866996 0.5881086971698258 0.5877773748422191 0.5918953586429091 0.5961980714088347 0.5879004420021932 0.5899843248073858 0.5945567197796553 0.5874874732060164 0.595682932098368 0.5974872538602388 0.5874526368674166 0.5875659923837283 0.5879056619949108 0.591369492860688 0.5914613288498473 0.587795408587866 0.5883751805738604 0.5878129127195468 0.5956373802153536 0.5904268615653118 0.5881194253256108 0.5920901600657598 0.5948917851250419 
0.40285430892465535 0.5884584451125692 0.5877949754823061 0.5879739387677078 0.5940808313212967 0.5877869563223594 0.5880464122127964 0.5878864858059606 0.5877459496325989 0.5880030986921663 0.5877446959717628 0.5879790866271822 0.5876762287340206 0.5877866833565364 0.5879706185119629 0.5880379220353805 0.587762524301911 0.587872120364746 0.587831301409146 0.5878778159616391 0.5913451737388871 0.5876804655651559 0.587799681981593 0.5877744675419931 0.5881383194681915 0.5872319589202736 0.5877572961800217 0.5881908154287182 0.5877872780281697 0.589697035218498 
0.4029672132576874 0.5911713219908074 0.5908216545103664 0.5933979588429061 0.5877462501474685 0.5877612416370958 0.5906953186385886 0.5985686483112419 0.5958550131297882 0.5915283097384444 0.5967444957608244 0.5931457503219735 0.5887871368339441 0.5877019176215122 0.5874671088928717 0.5921314796369049 0.5987703707071582 0.588405580755797 0.5884999044580846 0.5878866642548726 0.5909896595123602 0.5881402729404562 0.5881248470748428 0.5880600610372603 0.5978019361352821 0.5878479977218009 0.5893691550642131 0.5939211991414303 0.5928575720181545 0.5896039694779681 
0.4031395643435573 0.5879931899360069 0.5877085223844214 0.5934841734819372 0.5878227743230593 0.5935708856062707 0.5903416675304952 0.589884573174191 0.5959098923958259 0.5915932876163955 0.5888531384961256 0.587125272916018 0.5963640651366418 0.5877605725079972 0.5881338872151545 0.5921537173981178 0.5988953108850751 0.58804395709632 0.5878202659138153 0.5877724824222093 0.5836381297588675 0.5876567167540606 0.5877929022211591 0.5966556912922523 0.5986165650942354 0.589420259517139 0.5902530307172641 0.5875436136785169 0.5876804183776864 0.5877750866889785 
0.40336698087583545 0.5911315657466377 0.59132133066855 0.5934172745132809 0.5904591372497541 0.5918395898558682 0.5876382731806463 0.5881086971698258 0.587730866209392 0.5918953586429091 0.5964765426593687 0.5879004420021932 0.5890609579297725 0.594134725326038 0.5880101431175953 0.5921202678448596 0.5974831710102878 0.5876543595847896 0.5879817740423479 0.5879057078174981 0.591329265263539 0.5914613288498473 0.587795408587866 0.5883751805738604 0.5889772762720429 0.5958878252218699 0.5904268968020877 0.5880410488747386 0.5920899574694545 0.5948917851250419 
0.4037528176288192 0.5907153841132201 0.5967088571929426 0.5933948210030454 0.5904197620092753 0.5918658379009578 0.5906975099516127 0.5962784751718034 0.593077494524472 0.5918158041418744 0.5965034739802864 0.5929986795598451 0.5966057370273231 0.5939788466602361 0.5929626353480439 0.5922044978016076 0.5976534858649298 0.5926244184160511 0.597852909405292 0.5969327564225705 0.5958227209763408 0.5914270211480805 0.5963210592296561 0.5977705248073187 0.5889928649812858 0.5955407423605263 0.588926560160233 0.5948680407344028 0.592766142651192 0.5916462511162726 
0.40400784621037045 0.5912305589132352 0.5973462860643504 0.5938700165644384 0.5938612106542136 0.5940244168739188 0.597702537335655 0.5961611061225721 0.5876990020121738 0.5914082849813014 0.5963880467235696 0.5962219768040307 0.5965494222543697 0.593801994990777 0.5933110064526922 0.5922555858846681 0.5975617125440991 0.5985668742884783 0.5974158868689653 0.5975733536491802 0.5952722425254321 0.5915293230229667 0.596738447452932 0.5972125810184232 0.5972456898473518 0.5956363521113044 0.597305023521271 0.5935871832193044 0.5920841677617639 0.5947978921553022 
0.40421912718942205 0.5911652361755657 0.5965020605563657 0.5933901691415351 0.590268579858435 0.5936091078202377 0.5971552415598917 0.5962705347887762 0.5957302725654935 0.5906721531814879 0.5968005415787593 0.5931612569662438 0.5894632959614515 0.594547340148059 0.5929661308041566 0.595690505642162 0.5975690936769864 0.5984574885714311 0.5876063978411012 0.5874900579294006 0.5910114836614915 0.5976954868886087 0.5965998980766609 0.5880422555266815 0.5889662609716029 0.5954974546154682 0.5893601857142382 0.594020734630581 0.5920811012426409 0.5949314399875947 
0.40454100620015443 0.5914647916967518 0.5965163188013812 0.5938700656572405 0.5910668101089925 0.5917484842467536 0.5969420659323164 0.5962927896393682 0.5982011433021345 0.5916416885902467 0.5959059787722536 0.5961949030926911 0.5965870369524707 0.5938739759495961 0.5932573216265272 0.5957854791468369 0.5974551287000192 0.598539149570848 0.58905571080069 0.5972945800100011 0.5932651816606499 0.5914194452045382 0.5967029700374844 0.597209269996772 0.5976983184663609 0.59571125345112 0.5967075682864246 0.5935923745890674 0.5927538974758302 0.5949360456329407 
0.40463318619717725 0.5986694523998295 0.5960542472550955 0.5931676539595397 0.5908561371789619 0.5935391114375923 0.597278584261578 0.596240376307693 0.5982339724522628 0.5914498967095697 0.5968503032104769 0.5874147903076237 0.5972051438766042 0.5943852356138728 0.5930195613447483 0.5924630600096337 0.5975451339194345 0.5933090475879021 0.5977669982278591 0.5977329074118239 0.5951522361450857 0.5979297187094686 0.5956209138083389 0.5942331057143354 0.5978329774421296 0.5950827861315493 0.5984424327458051 0.596196345910509 0.5920844384297236 0.5939818688681481 
0.4048715912901474 0.5907590560553662 0.5965180666734652 0.5933792849971061 0.5904563382921273 0.5972690213718768 0.5906957430543638 0.5980882886840032 0.5956640570780302 0.5914507984682894 0.5965959106306861 0.5929976735180135 0.5895804510263309 0.5939585219191665 0.5929627262338146 0.5922135840142605 0.5975616754330092 0.5899743470316523 0.5978162100159661 0.5975618790745381 0.5957776189385755 0.5914410802365745 0.5967154601255076 0.5976016112273811 0.5973767238371657 0.5951249057010434 0.5893501982318928 0.5964112761373249 0.5926027797233059 0.5951347774441537 
0.4049952341811334 0.5907153841132201 0.5967088571929426 0.5933948210030454 0.5904485067348976 0.591807519591016 0.5906951711556041 0.5968463456463088 0.593060595417049 0.5952668247830342 0.5958416769779792 0.5929986795598451 0.5966069935765483 0.5939788466602361 0.5931118539602823 0.5922044978016076 0.5976534858649298 0.5926244184160511 0.597852909405292 0.5969327564225705 0.5934108243565622 0.591425723765095 0.5963210592296561 0.5977705248073187 0.597921213645444 0.6000255037748228 0.588926560160233 0.5948680407344028 0.5921206749457446 0.5916462511162726 
0.4052829239854704 0.5915480957102585 0.5973462860643504 0.5935531419570544 0.5904552740111595 0.5917593470892315 0.5909500288869246 0.597982013729616 0.5955959133813695 0.5917928977716758 0.5968460450733172 0.5962219768040307 0.5965494229743198 0.5938183927901451 0.5931142177634308 0.5922120753493934 0.5975617225530552 0.5985377526013066 0.5978110071971106 0.5975733307689866 0.5951534341062166 0.5914192735671591 0.5956330412439728 0.5971982058294527 0.5967950220754391 0.5950314640309009 0.5973088484161444 0.5937088703221644 0.592109856671851 0.5949089880260261 
0.40556675366757056 0.5986694523998295 0.5960542472550955 0.5931676539595397 0.5905950031023991 0.5935391114375923 0.597278584261578 0.5962741183706705 0.5981225713129522 0.5918019107794779 0.5968503032104769 0.5962380258757558 0.5972051438766042 0.5943852356138728 0.5930212380667214 0.5924470530910546 0.5975623373894857 0.5931970961329913 0.5977658853791084 0.5984039917550877 0.5951522361450857 0.5984322329721559 0.5956209138083389 0.5942331057143354 0.5978329774421296 0.5950827861315493 0.5984424327458051 0.596252421760725 0.5920844384297236 0.5939818688681481 
0.40596495236097174 0.5912305589132352 0.5973462860643504 0.5938700165644384 0.5904548050496308 0.5917172081785562 0.5906957430543638 0.5980885445646797 0.5956207013582144 0.5914316722517804 0.5968834043272718 0.5962219768040307 0.5965494222543697 0.593817111988204 0.5931142177634308 0.5922120753493934 0.5975617125440991 0.5985377526013066 0.5978162100159661 0.5975733536491802 0.5951263003040197 0.5914189877499634 0.596738447452932 0.5972119405865243 0.5967643568006132 0.5950314640309009 0.597305023521271 0.5937088703221644 0.5921108259535441 0.5949349343292067 
0.40600781919592743 0.5912144886601935 0.5965232162599372 0.5933742792308244 0.6003309593811391 0.5980550650193774 0.5906559386645542 0.596910852912664 0.598202988010621 0.5978213264467513 0.5969517507193596 0.5962482747843176 0.5966032915103338 0.6001159034249721 0.594779021615922 0.5921628331498904 0.597562002421072 0.5984144672724137 0.5982302271451176 0.5973188345252086 0.5932651816606499 0.5913096042781337 0.5967153561727363 0.5971614700047212 0.5979052653694013 0.5997201630083612 0.5971143207836773 0.596412043199028 0.5924727023685705 0.594939112908085 
0.4061775765069008 0.5911156542769173 0.5985544918674214 0.5986035772630308 0.6001249029679786 0.5979199453121935 0.5975828040743306 0.5978943091729166 0.5982324914236107 0.595521133155882 0.5968840042055428 0.5959492983248842 0.5970142890431522 0.5939629181345314 0.5930210115919414 0.5923109209706144 0.5974516676487278 0.598429721189552 0.5976242258679931 0.5984120927034959 0.593240037990178 0.5916343297562549 0.5967024195933026 0.5943100144157637 0.5979344886184661 0.6004439788519204 0.5977914111804893 0.5935938285353457 0.5971352792702124 0.5948752217930613 
0.40630847862186265 0.5911156542769173 0.5971275662638753 0.5938185120617384 0.6000772596208583 0.5918091935934808 0.5969420682543597 0.596311971248823 0.5981090939564108 0.595521133155882 0.5968840042055428 0.5930574799228355 0.5969250212056207 0.5944955105765014 0.5930209527073668 0.5959496584427015 0.5974520980314586 0.598429721189552 0.5976242258679931 0.5973059365494087 0.5931827683390054 0.5916343297562549 0.5967024195933026 0.5942828196964859 0.5978575499438884 0.5950573851951785 0.5967537331159524 0.5935938285353457 0.5927524542364618 0.5949292185604123 
0.4064018098395565 0.5984564417636365 0.5973540584195851 0.5987144296216265 0.6003390398179562 0.5983689882831427 0.5969439335535995 0.5978159173348448 0.5981199651012271 0.5977355617443525 0.5966651881512581 0.5931499503119052 0.5969785248224588 0.5994605627156706 0.5929356809927872 0.5978403728649608 0.5986943739278007 0.5985064915862502 0.5977161550010701 0.5975983708147097 0.6006628666334705 0.5988492227963989 0.5992953340423831 0.5944355418705253 0.5975877642375447 0.5951978437106006 0.5976370708661478 0.5962950112281995 0.5995057519774677 0.5982224400945537 
0.40664808621076504 0.5969522989865669 0.5973540584195851 0.5985602523377392 0.6001265829986043 0.597934580712182 0.597584307317799 0.6023442784650098 0.5981021255943736 0.5977449134100256 0.5997463830786164 0.5960262842150518 0.5969253455083672 0.5994646666106089 0.5982511108202727 0.5978403728649608 0.597453874484932 0.6007374127680447 0.5972542654598966 0.5973815533576431 0.5933266893182728 0.5989237709211246 0.5967325216542163 0.5969999311093867 0.597531776602165 0.5950958269624804 0.597644474437352 0.599628900915035 0.5996184730379485 0.5982712807081529 
0.4067650039616114 0.5969034482983209 0.5967688564627991 0.5989614382856897 0.5910394444739212 0.597787088635955 0.5970704640916873 0.6015324090649674 0.5981021849977232 0.597741889366554 0.5966999102218485 0.5970276186345694 0.5968949740860784 0.5999741199424319 0.5927137603822084 0.5986533919685617 0.5989013615832278 0.5983727899862963 0.597252251992864 0.5984081367700526 0.5973790279218402 0.59210926746161 0.5991945535095412 0.597097351972358 0.5975541295296326 0.5948442240810923 0.5975291753587384 0.5934345529724391 0.5917135787423463 0.6018056596965028 
0.40688057959248936 0.5913466718528246 0.5969841305333707 0.598443652499601 0.6016049139007766 0.597727528952204 0.5970688655888845 0.5979631707594885 0.5981177608162336 0.6011226521598784 0.5958576070026569 0.5963509583741617 0.6013192199518244 0.599958418089939 0.593133799956084 0.5977001990090574 0.5987864438803085 0.598655756215809 0.5972393152315052 0.5975500697008607 0.5971846833709348 0.5919893942302249 0.5991198699588113 0.5972312888078908 0.5967504245707337 0.5948438077190408 0.5975333537864667 0.6014704740010401 0.5917891282411482 0.5949121779205802 
0.4070428219207116 0.5986908838119475 0.5985688185598278 0.5988481541972089 0.5924441508655881 0.5978722681007796 0.597278584261578 0.5978711218673824 0.5981235515767085 0.5977486702416276 0.596852214986925 0.5962435939051259 0.5969584075095552 0.5939244159486861 0.5930379270813894 0.5996739054541846 0.5974743743752436 0.5983989019213618 0.5977848655185375 0.5984164329235315 0.5951243059804622 0.5913560560775514 0.5956131151368825 0.5944051681393201 0.5975588559535603 0.6004717269752918 0.5983488698109788 0.5962953274534067 0.5971545765156513 0.5951351300764349 
0.40716856512432176 0.5968798493998525 0.5967735866920096 0.5989614382856897 0.6009512353979266 0.5977427143060426 0.5974372388802796 0.5979423553529734 0.5980969613645551 0.5977349459850136 0.596682023282659 0.5961663113973446 0.596895593849631 0.5942281632068991 0.5930243473433287 0.5996265292862591 0.5974713707093089 0.5983771232058148 0.5977653629521607 0.5975969598460127 0.5951274116073194 0.5989218886079914 0.5967304230425493 0.597097351972358 0.5975760286887861 0.5951105399581652 0.5969495030552732 0.5935162490931207 0.599518017984534 0.5940388267421802 
0.40747026645509277 0.5914967284333438 0.5967618237290093 0.5985488514374733 0.6003475290223131 0.5978722681007796 0.5975793440682358 0.5969021740892697 0.598122784616452 0.5977432626908258 0.596952253467165 0.5961784880701761 0.5968936532565116 0.593807006580584 0.593024347333026 0.5977498335564589 0.5988359803206114 0.5983898656929549 0.5977788998745046 0.5984164329235315 0.5945980265487317 0.5990572724192212 0.5956130541957534 0.5942586258631708 0.5975676151364285 0.6005328484846413 0.5976395725771413 0.596525177621466 0.5971016429713318 0.5986243662211208 
0.40767288938423063 0.5910799372011025 0.5972710319309054 0.5931940272121715 0.5996087471842034 0.5921025148542234 0.5976122380733786 0.5978611338514346 0.5981347120341344 0.5914499221522062 0.5970552796993206 0.5931018799676372 0.5970133519804062 0.6003366435428399 0.5934680945127718 0.5923047182503111 0.5974525830322349 0.5984323076651019 0.5978113841952453 0.5973655027157353 0.5951058963485615 0.5981709875464266 0.5957836589652266 0.5977992994657146 0.597891047582643 0.5960859465768216 0.5975381511804283 0.5963145719671135 0.5923874283615183 0.6013118852392362 
0.40791557526282396 0.598801176424773 0.5973540584195851 0.5987144296216265 0.6003537243447271 0.5977493351170866 0.5975837089812482 0.6014956127012674 0.5981199651012271 0.5977355617443525 0.5995852728283659 0.5981377257981635 0.5969785248224588 0.5994605627156706 0.5982757408002798 0.5978403728649608 0.5987689436669298 0.5985064915862502 0.5977212228883981 0.5973697848998397 0.6003972783032728 0.5988492227963989 0.599171501524247 0.5976796152074147 0.5975878696397285 0.5951978437106006 0.5976370708661478 0.5995270990390956 0.5995770008600716 0.5982224400945537 
0.4084054713615843 0.598843423334449 0.5973922587910951 0.5985528516785149 0.6009168140028648 0.5977485467491646 0.5975839074497902 0.5977925887254196 0.598382737930115 0.5977317633650914 0.5994831479323911 0.5979655884216433 0.6001056565933128 0.5994738387510183 0.5982757408002798 0.5977241266480435 0.5988480969969784 0.5984329898613469 0.5977206329384578 0.5976261155083942 0.5953443191178361 0.5988492264200205 0.5951808113236317 0.5975823566821673 0.599821607082327 0.5993349275426078 0.5976370792734218 0.596677106510614 0.5998579609185007 0.5986396332586928 
0.4086735381168781 0.598763199586358 0.6018323153171127 0.6028036649426348 0.6000211052442246 0.5973332183144949 0.6025112720989851 0.6021993990085607 0.6034889402903794 0.597995033035829 0.5995859853486408 0.5980576292862548 0.5969419271349207 0.6041205417855722 0.5982757408002798 0.5977241266480435 0.5988578343571466 0.5983741347150431 0.5976801055402264 0.5976261155083942 0.5945925707233848 0.5988492264200205 0.5952941422920363 0.59772034711896 0.5998071466420454 0.5952883262295513 0.5977711195611908 0.5964971777032294 0.5995240664579071 0.6022803286499031 
0.40880241469946876 0.5988427281778533 0.5971409515484485 0.5985552606812377 0.6009502361623305 0.5977867920412564 0.5973483867209123 0.5978011252295231 0.5984005883054817 0.5976905926278197 0.6006888566555525 0.5979666885885639 0.6001467616525683 0.5994396270650636 0.5981275794202875 0.5988672713835651 0.5987056469570725 0.5984339621934908 0.5977198079930545 0.5984158452305414 0.5970722338907934 0.5989268062601831 0.5954904062585806 0.5976565483333058 0.5975905268388139 0.6002025066465871 0.600804718274727 0.5998508046402451 0.5999359879001086 0.6017233487211394 
0.40894740819657915 0.598593793069201 0.5972717768911038 0.5931957622885354 0.6002603300549046 0.5978767901631143 0.5975040502873676 0.596870105580283 0.5981229744923491 0.5976128125566953 0.5969695098919593 0.5974968981306382 0.5969436581159704 0.599784353962445 0.5981336665411353 0.5977543279493643 0.5988889885951576 0.6064625207143756 0.5977487752817201 0.5984135569832875 0.6003629515115291 0.5989276594224857 0.5974523035116043 0.5976999869099087 0.5998969937038436 0.6002282331211418 0.597532256391453 0.5964973190377929 0.5963605946003226 0.596042380023316 
0.4091819541643021 0.5988012353335725 0.5973671341881693 0.6016694154439025 0.6003789133825561 0.5977493351170866 0.597582670857279 0.6025491028480751 0.5981201245276955 0.5977375874052842 0.6006968191862819 0.5981838209591562 0.5969785248224588 0.5994754289602765 0.5982500976462389 0.5978170507812576 0.5987682368071237 0.6008413182546672 0.5977206306406438 0.5973697848998397 0.6003972783032728 0.5989242069226327 0.599171501524247 0.5977908841071943 0.5998079350256793 0.5951978437106006 0.5976370708661478 0.5995357231010889 0.5995770008600716 0.5982464715085984 
0.40933750112387507 0.5987615259947724 0.6027205748758939 0.6034071409097126 0.6016269270281246 0.5978126873985474 0.5975133184134767 0.5976598882429666 0.6034358409901083 0.5979673483082326 0.6006588986144111 0.5982772826336188 0.599890692922426 0.5992388781855903 0.5981840081954899 0.5998849670988349 0.6000411456253967 0.5983778525187647 0.5979162668199958 0.5981422925817061 0.5994971373180401 0.5989875196676206 0.596691856762858 0.6008795187862747 0.597642314554477 0.6002260351330176 0.5975222402827238 0.6002403145893054 0.5994627006740669 0.5986696207064202 
0.40948383961911333 0.5988435430689206 0.5974217446087888 0.6031479233041931 0.6009230654794396 0.5975728778631849 0.5975839074497902 0.5975992648415615 0.598347086778703 0.5977317633650914 0.5996643704352833 0.5979655884216433 0.6001056565933128 0.5995585036199633 0.5982751127897978 0.5977241266480435 0.598782176898696 0.5984329898613469 0.604187388889318 0.5974853554011195 0.5994233415827379 0.5988493201301025 0.6022137355490452 0.5978189493227145 0.6028666325574722 0.5993049497512672 0.5981512397358247 0.598359553134157 0.6045062381473373 0.5930029288486225 
0.40960588796407926 0.5986556479563774 0.5972724267378731 0.599187990327317 0.601664568046416 0.5978767901631143 0.6022167844393675 0.5970334650182134 0.5981229744923491 0.6008701349255143 0.6026472598382053 0.6007645463792616 0.5969293697892698 0.5997711891274574 0.5983307709172869 0.6002202439314245 0.5988946674369495 0.5986604154106728 0.588414710012083 0.598424352643306 0.5996127468984194 0.5988782687370384 0.5974588667610314 0.6007384279573151 0.5996866042925508 0.5995230441530323 0.5976625681778004 0.5963372863634088 0.5963605946003226 0.5956320297601184 
0.40976123929046737 0.5988435430689206 0.5973922587910951 0.6031479233041931 0.6009230654794396 0.5975728778631849 0.5975839074497902 0.5975992648415615 0.5983516008888352 0.5977317633650914 0.5995290044451832 0.5979655884216433 0.6001056565933128 0.5995585036199633 0.5982757408002798 0.5977241266480435 0.5988480969969784 0.5984329898613469 0.604187388889318 0.5976261155083942 0.5995579384472669 0.5988493201301025 0.5951808113236317 0.6008746114936677 0.6027437123822145 0.5993349275426078 0.5981512397358247 0.5983377184369917 0.6045062381473373 0.5985727114177184 
0.40987247779943936 0.5986545380690179 0.5970697093421087 0.5987972627039273 0.6009358475466025 0.6015805652178076 0.5972292469879698 0.5980222060113596 0.5986367282858113 0.6008329951447688 0.602729292649525 0.6007063379754358 0.6000989517539533 0.6000153724086417 0.5982779191053877 0.5998551621646813 0.5987726638566179 0.6026475003239034 0.6033465315634646 0.6020343549538252 0.6007252239671256 0.6028472334881864 0.5974895076712949 0.6008401656979175 0.5998051553616922 0.603627006752023 0.6044095273245209 0.5998354400320544 0.599981517646102 0.6019252981731974 
0.4099532407802947 0.5988427281778533 0.5971406835320957 0.5985552606812377 0.6009360696208138 0.5978155691908514 0.5972285721561507 0.5980233856136109 0.5984005883054817 0.5976905926278197 0.6006888566555525 0.5979666885885639 0.6001470611629175 0.5994290837072342 0.5981275794202875 0.5988672713835651 0.5987056469570725 0.5984339621934908 0.5977198079930545 0.5983934342732689 0.5970722338907934 0.5989268062601831 0.5954904062585806 0.5976565483333058 0.5975905268388139 0.6002025066465871 0.600804718274727 0.5998508046402451 0.5999359879001086 0.601920125598012 
0.41020557465911456 0.6016385195051368 0.6018317762876596 0.6031354305709383 0.601634295458364 0.6019192286167171 0.6022940952701685 0.6022265130097942 0.6034159949321098 0.6006883958209928 0.6027429106965086 0.6042842964613987 0.6012391609093627 0.604110684489267 0.6018588652593027 0.599123302112732 0.6058810679654058 0.5986438580783042 0.6003720745060939 0.603580990126376 0.6036584386706878 0.6023961516477491 0.6020959364935959 0.6008401536966745 0.5998333506966781 0.6035970013559178 0.6028814893401465 0.6017003416480858 0.6044280907358699 0.6019422779468379 
0.41026762838282826 0.5987625809264508 0.6018353098474037 0.6028575066402259 0.6016422640054838 0.5973448571927498 0.6022970810601692 0.60220724978963 0.6034358409901083 0.6034731493968949 0.6027855492100416 0.5974587454100533 0.5999354051954043 0.6041056482503949 0.598181813199787 0.5994702373018088 0.6000867776949497 0.5983778525187647 0.5976774209804622 0.6035316993763753 0.6038969215555527 0.5989875314904509 0.6021502192449876 0.6008112435397275 0.6030321170779195 0.6002260351330176 0.6005337310195721 0.5996756827343341 0.5994612976191867 0.6022906851428729 
0.41044322649273846 0.6017696426080609 0.6019217994070838 0.603136961083949 0.6016267388558997 0.6013584927404697 0.6022520950904714 0.6022063961814043 0.6032162724994159 0.603515422257389 0.6027138587656719 0.6009483404059507 0.6022060348297231 0.6041113819210941 0.601869254185217 0.5998446619753417 0.6056545888462711 0.6006529909640689 0.6036316005759531 0.6018589815911651 0.6035408709590042 0.6028278504736536 0.6021118853540921 0.6009087800596087 0.6028995562970925 0.6035984567622147 0.6002985053214185 0.6017769527873339 0.5994873849501702 0.6018995919224948 
0.4105866639166297 0.6017760838168585 0.601826324634968 0.6031371608792179 0.6016266800801165 0.6013503653045906 0.6025381070379442 0.6022145691640268 0.6032163085847749 0.6035183870018789 0.6027098821839181 0.6007561215497973 0.6018836836113493 0.6042900685681467 0.6022187251775863 0.6003568875940908 0.6000867776949497 0.5983778525187647 0.6037038299150994 0.6033629208244168 0.5994782946161064 0.6028038220548887 0.6021168644720478 0.6009611063206918 0.6030234512709485 0.604081926640767 0.600536924583536 0.5982776654974014 0.5994612976191867 0.6017129787920181 
0.4106231413503934 0.5989021926435387 0.6018260136529638 0.6030392967747469 0.6016601466573026 0.6016601801604843 0.6025379181144784 0.6024142489496197 0.6032163085847749 0.6035183870018789 0.6027098821839181 0.6007561215497973 0.6018836836113493 0.6042866074225702 0.6022187251775863 0.6003568875940908 0.600071790940428 0.5983526659177952 0.6038583616841836 0.6033629208244168 0.5994838847558593 0.6028038220548887 0.6021168644720478 0.6009611063206918 0.6030234512709485 0.600253285816734 0.6027481151256381 0.5983037292185228 0.6045956306014004 0.6017129787920181 
0.41082848759448626 0.6017633084950751 0.601864962024889 0.6027401406949879 0.6016165091443034 0.6042871587549359 0.6022615749456675 0.6027969727867856 0.603223116995923 0.6029912227840585 0.6027963882935163 0.6006159095554088 0.5998574310764593 0.6039599667782862 0.6023790011747259 0.5998520713845463 0.5988097974823672 0.6023257028855834 0.6034973215952913 0.6034515779746861 0.6035409159383965 0.602848487080238 0.6020563644468933 0.601049922387934 0.6029493352216025 0.6047421456960683 0.6042907783759446 0.6016734936082846 0.599484786937603 0.6019308968583932 
0.41092310347093014 0.598824814258407 0.6026104006441985 0.5986992294455571 0.6016601571363088 0.6017173891794304 0.6022437889891328 0.6024164094134079 0.6032275122815374 0.6036244562850475 0.6026260941206187 0.6005150606548499 0.5997709487887319 0.6041101943859357 0.6022187072504461 0.6003439781855827 0.5988468543585774 0.5984261076110147 0.5971219821166018 0.6034367169617871 0.5996100995456171 0.5989324227308453 0.6021168696062186 0.6009650451858065 0.6029823259158164 0.6034007938349965 0.6028327541789743 0.6003035125400702 0.5971007468297199 0.6020845138522561 
0.411127760601194 0.601775975390128 0.6018223084714733 0.6030585335201396 0.6009557170950771 0.601354054990902 0.6022743714371903 0.5976574135886814 0.6032457828779252 0.6035936895776848 0.6027092618466393 0.6041977548490334 0.6021998401369374 0.6041113819210941 0.6018329281368703 0.6003505778119175 0.6000859533318751 0.6026958300176666 0.6033868296602034 0.6020426603666964 0.5994536261174555 0.6028491827776278 0.6020896761768069 0.6008401983403527 0.6029757826486616 0.6036031332812771 0.6043297215045499 0.5998562135337809 0.6043608693418667 0.6017030702153977 
0.41122138830210364 0.6017751638718541 0.6018272757254535 0.6031365921319858 0.6016149178393905 0.6014318906480401 0.6024966141329926 0.6022145691640268 0.6034297164604886 0.6036250482321511 0.6027098821839181 0.6041054489357507 0.6018781054274631 0.6041095457020118 0.6022187251775863 0.6005647319222746 0.6000867776949497 0.6035411073310174 0.6037339125745111 0.6034509475494864 0.5995746958773138 0.6028038220548887 0.6021168644720478 0.6009105115271103 0.6029808433384471 0.6034889978426123 0.6042941269872011 0.5983272087800565 0.5994612976191867 0.6020941486537144 
0.41161454170014394 0.6016384789031188 0.6018263470912126 0.6031405429207491 0.6016200028681765 0.6016538054426637 0.6022760236076425 0.602208745661757 0.6034421456146293 0.6036263342530792 0.6027101908709281 0.6043739889818579 0.6018842475376547 0.6041107366514605 0.6021821130226518 0.5991149823974742 0.6056719593652524 0.5986446192703491 0.6033855615879468 0.601900586172485 0.6035937110889118 0.6028395264750099 0.6021116048238244 0.6008421658284003 0.6029826351348937 0.6035984688169175 0.6029983609193413 0.6017003520070834 0.6044901653359448 0.6019356652822841 
0.41179088116474405 0.6017645600262171 0.6018317762876596 0.602934024193161 0.6016232877236992 0.6019192286167171 0.6022528022429582 0.6022265130097942 0.6034693346842814 0.6030144673332615 0.6027756553012655 0.6041512942455362 0.6022681209802552 0.6041106741071672 0.6018588652593027 0.5999648174969576 0.6058805808337819 0.6022457945111998 0.6037323867802483 0.6035727522569344 0.6037786790822426 0.6028386611005035 0.6021159551575679 0.6008453777854857 0.6030716768013337 0.6047583466438521 0.6043275981178131 0.6017003416480858 0.5995732838332168 0.6019355237871788 
0.4118740978063104 0.6016895831763368 0.6019221806549486 0.601527176383961 0.6016630872839319 0.6019201983878197 0.6025346787708559 0.6024105705127544 0.6032164200344059 0.6034140354256189 0.6027574518860175 0.6042833363090246 0.6018844965086798 0.6041009067942799 0.6022581828655301 0.5999113365830979 0.6058810679654058 0.6007360098525635 0.6036326956855381 0.6019301866160417 0.603823636340165 0.6023843226462097 0.6021124796882029 0.6008444119213877 0.6029760799302905 0.6034403460363044 0.6028722863001302 0.6017098760418498 0.6044993923490561 0.6019385162992712 
0.4120759431265923 0.6017633279205987 0.6019237616567152 0.6029527645233376 0.6016233052751835 0.6044806891942224 0.6022615749456675 0.6027726756846372 0.6034668040700467 0.6030198971200152 0.6026217893520571 0.6009711019029693 0.6022662586661286 0.6041116230729677 0.6021800765467921 0.5999207512070611 0.605651955015251 0.6023257028855834 0.6037324337171518 0.6034515779746861 0.603541998218379 0.602848487080238 0.6021121680108357 0.6009103170860634 0.6030631021801783 0.6047421456960683 0.6042910285741184 0.6016724754916798 0.5994852207552835 0.6019352469136562 
0.41231323585582064 0.601774584556444 0.6019257141218008 0.602941249502869 0.6009523216760767 0.6045192458384678 0.6022615049003781 0.602208745661757 0.6034666148124668 0.6036260220707333 0.6026232997466702 0.6010448685288501 0.6018795006503412 0.6041113601505269 0.6021821130226518 0.5999224335224673 0.6056515181273137 0.6062294270444036 0.6037346657650339 0.601900586172485 0.6035419698083352 0.6028500230938721 0.6021116048238244 0.600888143259237 0.6030617618151825 0.6035984558739967 0.604291161527311 0.6016877254388173 0.6050619115559579 0.6019356614739657 
0.41242804895946167 0.6017633084950751 0.6019237616567152 0.6026693431036158 0.600941741462186 0.6042785205649778 0.6023159435919657 0.6022279082234105 0.603172748385546 0.6035750601025437 0.6066187188869525 0.6010075273544643 0.6022662586661286 0.6041113819210941 0.6013924826513479 0.6075302146104791 0.605651955015251 0.6023257028855834 0.6036506792937321 0.6034515779746861 0.6035409159383965 0.603398073424732 0.6018747550952203 0.600928629702042 0.6029185331423315 0.6047385453838864 0.6028739094175024 0.6016738583227124 0.6049394955408918 0.6019351217419363 
0.41251272436805697 0.6016399802593904 0.6019229900935232 0.6029701236414442 0.6015903463185356 0.6018299144798761 0.6022982355051142 0.6024010737434661 0.603191534151611 0.6035797915582909 0.6027563087862813 0.6009947049993779 0.6019048571514887 0.6041421477120149 0.6061023061917223 0.6071778322075075 0.6057875679999138 0.6006697774142371 0.6035014956097114 0.6036217053529028 0.603667971796731 0.6033704627363728 0.6021037767942328 0.6011219568446026 0.6029783806974169 0.6033198450663458 0.6042979102479673 0.6016397193352436 0.6044891556861869 0.6075275867022669 
0.4128992121365916 0.6077404617192151 0.6048487601940564 0.6085664073456124 0.6017384661348634 0.6079349807151313 0.602574435096509 0.6027872009476499 0.6034527838029375 0.6033874888990696 0.6066153770649244 0.6009769054292835 0.601903985396779 0.6041150346267969 0.6060759941047 0.6072577121030815 0.6062182148296582 0.600528813982569 0.6035015261562501 0.6078621829537943 0.6035421430432852 0.6033550665276891 0.6020530547253841 0.6013083491849833 0.6030567889713676 0.6047154340529229 0.6042984081138683 0.6076759601538404 0.6044122015829939 0.6075274826075688 
0.41297381331094 0.6017752816684858 0.604764711507095 0.6029531109195242 0.6009524548015436 0.607924487015116 0.602567316226279 0.6027767401456896 0.6034521258240891 0.6030177690910724 0.6027563116407336 0.6042912722593111 0.6018799931119244 0.6041176711786294 0.6060512618027512 0.6073338401780498 0.6061991072446826 0.606468020935148 0.6034986279579301 0.6035256526422371 0.6035419522717173 0.6028493784892679 0.6021034282259811 0.6011529363659961 0.6030598604897957 0.6035943212509032 0.6042947634242879 0.6016391904162717 0.6044891771800941 0.6074582090865103 
0.41304088156250485 0.6017449675129661 0.6047489214080652 0.6038632931662786 0.6009463532260225 0.6075194913367233 0.6025843667897047 0.6027767401456896 0.6034153500424136 0.6030177690910724 0.6027702142397452 0.6042912722593111 0.6019248906490735 0.6039640489317408 0.6060512618027512 0.6073338401780498 0.6061642320088877 0.6059125833790491 0.6034986279579301 0.6035849868293106 0.6035314859810501 0.6027250813427695 0.6069987703465309 0.6078431663697961 0.6030598604897957 0.6035943013872647 0.604369432430268 0.6016399138214211 0.6045007153558556 0.6074582091106356 
0.41336188806582974 0.6017766590105839 0.60161943686324 0.6029365045777475 0.6016534141781638 0.6073589287393772 0.6025854327806797 0.6021991710968649 0.603639060228497 0.6029448993940314 0.602742062562679 0.6042916018074774 0.601203211564184 0.6040753786655362 0.605161377493698 0.6073425762958945 0.6061701623836447 0.6066485921599604 0.6060862547811364 0.603582480007809 0.6039562435644097 0.6081203129172799 0.6021035359343724 0.6081431193147405 0.6027061175779654 0.604733353849167 0.6043042450646547 0.6067708368895032 0.6080340314819045 0.6073379155807772 
0.41346181448157077 0.6017495981140774 0.601994264682086 0.6026797027055067 0.6013069668932911 0.6073235011228544 0.6025880054102136 0.6023971513480045 0.6034512226935489 0.6029995344371524 0.6026587096599251 0.6042914883591327 0.601217211775851 0.6039646995831585 0.605219993741066 0.6072003253958134 0.6061706634349628 0.606498905012687 0.6034144425531398 0.60358009579652 0.6039435327320261 0.6082353199201495 0.6068578820347206 0.6077711540585661 0.6032209271173297 0.6036416394900694 0.6042992088850632 0.6076563101659107 0.6045007134000187 0.6082475331578547 
0.4136966682252172 0.6034181602713373 0.6052422059968973 0.6035440969685355 0.6012429252737603 0.6070533318666935 0.6077774915832347 0.6074546543813849 0.6031488614419713 0.6084600793383358 0.6063984346949987 0.6044203261654949 0.6073681989928003 0.604081379841559 0.6052107131891852 0.6077124985705856 0.6061255586804256 0.6062585478315682 0.6061802735539946 0.6075066010473585 0.6035835896850162 0.6083377651041463 0.6070225266649121 0.6075506159001476 0.6083692939332451 0.6036100612245141 0.6045650944676737 0.6074784731273004 0.6045140748163405 0.6074565683729581 
0.4138175704008119 0.6013802482505484 0.6019986949375592 0.6026864774343038 0.6016570343060457 0.6072545375088615 0.6030159611833878 0.6039089229491603 0.6034521904001627 0.602987712882056 0.6028230067894916 0.6042794612601886 0.6073447495663776 0.6039608081358757 0.6060577234000545 0.6073396877901165 0.605650840828802 0.6058924428825381 0.6060783609340346 0.6035554640053681 0.6076098574444699 0.6117248712562052 0.6070124224243976 0.6075579745111911 0.6032206728039063 0.6035665548268635 0.6042985864541592 0.607610291344667 0.6045141634852984 0.607479751688746 
0.41392201519827126 0.6077083010907829 0.6052312504997022 0.6035440969685355 0.6007173622340695 0.6070533318666935 0.6076605794018263 0.6074546543813849 0.6032922754505068 0.6084600793383358 0.6063075494266551 0.6044203261654949 0.6013591365262048 0.604081379841559 0.6052107131891852 0.6077124985705856 0.6061255586804256 0.6059132832785072 0.6061802735539946 0.6075066010473585 0.6035835896850162 0.6083377651041463 0.6069542080285492 0.6075506159001476 0.6083692939332451 0.6053115443412398 0.6045650944676737 0.6074824452772868 0.6045324480817308 0.607455356354853 
0.41409036263258076 0.6077093902934765 0.6021566160206708 0.6091915696567937 0.6012959357704568 0.6076927374475066 0.6021040919296454 0.6076280428858689 0.6034512226935489 0.6028174430378826 0.6064376564560217 0.6044436899823111 0.6017460752081353 0.6040748867279035 0.6061295967396589 0.6077125627152928 0.6062323450651076 0.606498905012687 0.603607203460699 0.603619014800763 0.6041558998208483 0.6084217843449012 0.6067574999445102 0.6077203402920215 0.6083475628865969 0.6036169475351781 0.6043559049261151 0.6071404857347574 0.6045599349484386 0.6082475331578547 
0.41421473061351893 0.6077095996242792 0.6053336258738088 0.6035153073694959 0.6014179201369966 0.607699316233075 0.6030265608353621 0.6078215292107234 0.6034525267927129 0.6034748988333671 0.6065115388011688 0.6044184610543206 0.6075387133189537 0.6040861065199526 0.605897383588769 0.6073545865443162 0.6028017829161104 0.6062607783746599 0.605807737016069 0.6078503889210993 0.6079377460377478 0.6081209436800135 0.6073396433627523 0.6075714287804199 0.6082670711418655 0.6036173006257796 0.6042954998318297 0.6075942809793882 0.6078613079143386 0.6074796009526369 
0.41451126889732215 0.6017495981140774 0.6020033014781392 0.6026797027055067 0.6013069668932911 0.6070479818462696 0.6079812154969197 0.6023971513480045 0.6034512964553093 0.6029995344371524 0.6025493945855022 0.604291406344707 0.601217211775851 0.6073453550905245 0.605219993741066 0.607206354552439 0.606377339734958 0.606498905012687 0.6061801262199976 0.60358009579652 0.6038567541875798 0.6082353199201495 0.6068578820347206 0.6077711540585661 0.6032209271173297 0.6036416394900694 0.6044542515928224 0.6076425153183749 0.6042667073649858 0.608251345873114 
0.41463729214471196 0.6077073224545895 0.6053336641262842 0.6086916662858586 0.6094144405431913 0.6070530678946785 0.6109338263656899 0.6078215268046664 0.6034138714147921 0.6034985385885026 0.606383961077654 0.6083311082212343 0.6075387133189537 0.6040861065199526 0.6058696112197972 0.6077889777764615 0.6057814189599353 0.6058661752766039 0.6032529553293196 0.6075232818097783 0.6076180806662904 0.6081209436800135 0.6073396265976886 0.6078461592639336 0.6084226668701643 0.6036162265653737 0.6042919331370417 0.6075936660056579 0.6078614916426086 0.6074810510981437 
0.41476968133089287 0.607755650019117 0.6052776195633395 0.6086755735341971 0.609410494581158 0.6075387437680019 0.6075541533567825 0.6074380129313461 0.6034205562509072 0.6084137693453388 0.606805804337444 0.604707399975277 0.6075586771382775 0.6071525227416434 0.6060392950775176 0.6077867461171088 0.6061492868368253 0.6058714988020509 0.6035285065201873 0.6074539949863039 0.6076180806662904 0.608121479264181 0.6069553681975622 0.6078415055089902 0.6029064277960674 0.6035744939122731 0.6043265002856165 0.6081050676862493 0.6079260666423237 0.6074582467192593 
0.4148516034183144 0.607755650019117 0.6052776195633395 0.6086755735341971 0.609410494581158 0.6070707042988515 0.6075541533567825 0.6074380129313461 0.6034206059643838 0.6084137693453388 0.6064987705699022 0.604707399975277 0.6075586771382775 0.6072304960417095 0.6052098483272721 0.6077867461171088 0.6056415728877937 0.6058707173836962 0.6061060638329029 0.6075236057356557 0.6076180806662904 0.608121479264181 0.6069553681975622 0.6075602582589895 0.6084225352764571 0.603575110826291 0.6043276296622623 0.6081050676862493 0.6079260666423237 0.6074810510981437 
0.415062503011752 0.6077905470080777 0.6050317806522719 0.6038184322245254 0.6094148855099488 0.6070533218383884 0.6109937916542338 0.607676541938018 0.6111479903535494 0.6084266602989379 0.6063248518874783 0.6042669182791536 0.6075379698989856 0.6075927208946423 0.6052257845914779 0.6077880481181533 0.6063772726225188 0.6058661024608321 0.6060448747131535 0.6075339491793639 0.6076446841606605 0.6080853903997728 0.6073386914735025 0.6075379690091569 0.6084240559382822 0.6053608457005134 0.6042975622110861 0.607591554070228 0.6078908853788214 0.6082233247118736 
0.4152108784321016 0.6090922850621374 0.6052762047742656 0.6086279277753044 0.6094144405431913 0.607677337194468 0.6080052671002224 0.6076742980047094 0.6111685217865348 0.6100734666914954 0.6065013033927075 0.6046339942627988 0.6075423191977157 0.6073306437955461 0.6058631437610426 0.6077964013115517 0.6064022786580288 0.6058708212593127 0.6060584577565533 0.6076436170627425 0.6076011303020095 0.6080874004726472 0.6073379511066437 0.6075407573895665 0.6082815433757315 0.6046283600329518 0.6044520894039399 0.6075967692889369 0.607912991959284 0.6074792599766963 
0.41548381225673514 0.6077910198036394 0.6049583019923281 0.6086917140962051 0.6094148843284422 0.6076956850847139 0.6109902649982031 0.6078452447248047 0.6034569438244366 0.6091547200059708 0.6063282899565421 0.6043053169170056 0.607536407625531 0.6042511905215817 0.6058945055963956 0.6073262576241607 0.6063772726225188 0.6058636425862957 0.6060437600312515 0.6078347267876241 0.6076513497074496 0.6080855399073459 0.6073396475143862 0.6075379671904592 0.60843023828801 0.6053608457005134 0.604295746175629 0.6075915642891034 0.6078908853788214 0.608215606066314 
0.41563610747717933 0.6077095996242792 0.6053336258738088 0.6086574935020942 0.6014179201369966 0.6077017546032188 0.6030265608353621 0.6078215292107234 0.6034524882169062 0.6034748988333671 0.6065115388011688 0.6046521926227811 0.6075387133189537 0.6040861065199526 0.605897383588769 0.6073545865443162 0.6028017829161104 0.6062607783746599 0.605807737016069 0.6078503889210993 0.6079523320619479 0.6081209436800135 0.6073396433627523 0.6075713917309075 0.6082670711418655 0.6036173006257796 0.6042954998318297 0.6075942809793882 0.6078613079143386 0.6074796072708802 
0.41579815691423155 0.6077057286276629 0.6088863512537365 0.6087981466918505 0.6089668727769346 0.6072173003977868 0.6110344647292436 0.6076774286390191 0.6114670663324212 0.6084139741773248 0.6065516451877889 0.6081912334084394 0.6077010524281711 0.6073398917575891 0.6052134202746644 0.6077860830536996 0.6063789767857943 0.605909366091032 0.606093949006776 0.6075363108051322 0.607644810051555 0.6081209436800135 0.6073257666288143 0.607537988943259 0.6084227093157081 0.6036285103855648 0.6043172506452792 0.608137170171702 0.6078929258372503 0.6073312733892133 
0.41618455403554516 0.6077725619390525 0.6088822255779583 0.6087022497181706 0.6091378708738567 0.6118468955983359 0.6034241062079015 0.6077320237304927 0.6103398358481623 0.6084189303401101 0.6063897790705917 0.6083303779931638 0.6075302763331365 0.6072969635329458 0.605368954168563 0.6075974026021705 0.6058117420215086 0.6066416554175814 0.6061030047219873 0.6134697010618851 0.6100323089617139 0.6080697261832891 0.6073255614905528 0.6075680382652869 0.6082124254773007 0.6128713018460041 0.604318176507331 0.6084864356523842 0.6078266137419527 0.6149032309005773 
0.41631640209353266 0.6089983400561015 0.6052762047742656 0.6086279277753044 0.6094144405431913 0.607677337194468 0.6080052671002224 0.6076742980047094 0.6111779528973372 0.6084036672722727 0.6065013033927075 0.6048867319071094 0.6075423191977157 0.6073306437955461 0.6058631437610426 0.6077964013115517 0.6064022786580288 0.6058708212593127 0.6061873240256634 0.6076436170627425 0.6076010582692862 0.6081203173972131 0.6073379511066437 0.6075407573895665 0.6082815247607811 0.6046500430354891 0.6047124398322137 0.6075921748390197 0.6079114641068835 0.6074794938503096 
0.41650067143040986 0.607772535566231 0.6086539742394036 0.6086912770629617 0.6091308082015188 0.6070609791519307 0.6043807146602767 0.6074375759513369 0.6099652284808201 0.6084192051480423 0.6065167647991633 0.6084880632394263 0.6075422186072479 0.6073354049904157 0.6052251974544669 0.6076003977374377 0.6056498442544309 0.6059289256997649 0.606099733107245 0.607564536205427 0.6100324120885244 0.6080855467966573 0.60733778265543 0.6075685716187834 0.6082675866335343 0.6046476973336687 0.6043671389515985 0.6076423660945687 0.6079130938509281 0.6074762836543701 
0.4166404172027349 0.6077725619390525 0.6088822255779583 0.6086992444216613 0.6091367172228597 0.6118431452057611 0.6029924046848093 0.6078521612285706 0.6103398358481623 0.6084115288857663 0.6063897790705917 0.6083303779931638 0.6075346199441354 0.6072969635329458 0.6053044707120449 0.6075875794167142 0.6057937776939323 0.6066416554175814 0.6061030047219873 0.6134697010618851 0.6100794148282471 0.6080635287962456 0.6073255614905528 0.6075680382652869 0.6083469974130906 0.6132189053927611 0.6043976159337052 0.6075634818457584 0.6079810374124062 0.6149032309005773 
0.4167864985034698 0.609445412823851 0.6137805858126921 0.6087973037954592 0.6127193215720285 0.6120773691142014 0.6120922588903652 0.607883030909039 0.611302510509023 0.6091604005669452 0.6076110835826437 0.6096436177068663 0.6075888960171354 0.6132686051896867 0.6103316813470034 0.6090190998389585 0.6137936541965415 0.6067381293615082 0.6146380869491131 0.6134599648301704 0.6109452452887371 0.6075999950859349 0.6102225483899919 0.6121299909734079 0.6083485278078288 0.6126890205124162 0.61418752610218 0.6082459672316324 0.6079649033289556 0.608487389359288 
0.4170729036481737 0.6077726338057531 0.6088765873281093 0.6086912770629617 0.6091470434071502 0.6118456710304648 0.6119903116765021 0.6074326555479499 0.6099717951169548 0.6084191900661222 0.6065143469673553 0.6084813369620883 0.6075452338791231 0.6072960029468993 0.6052251974544669 0.60760941321962 0.6142086051939774 0.6066440877362946 0.6060465775795965 0.6137384747317487 0.6100538808560718 0.6082984572492278 0.6073256601150229 0.6075685397549316 0.6083531457840867 0.6046476973336687 0.6043189500286249 0.6076675302181693 0.6078303115996649 0.607502796339757 
0.41749470618762724 0.6089894626895789 0.6087878082635957 0.6088472312568454 0.60951048745019 0.6122040769765531 0.6121765424027068 0.6080554319711045 0.6113251591751199 0.6084569918578028 0.6064133732157876 0.6048507235123554 0.6075420674065809 0.6070832984163662 0.6071713030870131 0.6076185133915758 0.6140598627342004 0.6065695852862514 0.6148662801676777 0.6138206676077745 0.6106953973039189 0.6077747688385131 0.6102591169196043 0.6120510311978817 0.6083683130007546 0.6126905487015181 0.6141875181206815 0.6076068851312982 0.6079649033289556 0.6081938289859931 
0.4177740384059101 0.609432747081591 0.6088892349588525 0.6087072824463934 0.6123554392595489 0.6119149785602247 0.6094101944778078 0.6136855204464813 0.611339647742479 0.6086089412780809 0.6064453894501037 0.6099686600056679 0.6159382583545261 0.6137053520647422 0.6111204398257046 0.6089703688260893 0.6066295522033076 0.6063578529996673 0.6120112566965042 0.6134995656925615 0.610666809561382 0.6082935202048803 0.6102136130655543 0.607864570784684 0.608392703917199 0.6129797099639884 0.6043703951825032 0.60821993146456 0.6078836418791781 0.6082543204135369 
0.41796111483013954 0.6094554150051974 0.6136761889007013 0.6090501909794713 0.6126993790842598 0.6072472800226002 0.6114173351130239 0.6139339719848986 0.6112935242771292 0.6092056067263759 0.6064294630911218 0.6096750420729813 0.6160056641618533 0.6135452499016131 0.6063153701485352 0.6089809728842998 0.6140598627342004 0.60651606119015 0.6148105000229607 0.6137326950057653 0.6105853224098381 0.6083009633732751 0.6102181809215476 0.6114528796178293 0.6083659931194663 0.6126672858105573 0.6141875181206815 0.6082198969582713 0.6079649033289556 0.608244133885372 
0.41807485021116486 0.6093170072893158 0.6137804154489273 0.6085069512425826 0.6091277207439585 0.6118588420386915 0.6120831117693738 0.6142340168179133 0.6142582109762593 0.6084997763018462 0.6065328540291477 0.609592214955596 0.6082168656906553 0.6145190337417088 0.6125556634496451 0.6090493665931002 0.614311920471883 0.6113145518967065 0.6118246224034845 0.613710779694393 0.6104240219370272 0.6083071884142249 0.6103771122762695 0.6125223320477434 0.6081991805614361 0.6126793141149073 0.6145304744549129 0.6087008311117734 0.615871729001038 0.6084404945534926 
0.41824426087954925 0.6103885967749231 0.613780591017456 0.6090302263181999 0.6087173433078504 0.611836513427676 0.6120217978948308 0.6141803113650407 0.611176721615689 0.6137739619987683 0.6059958440666138 0.6095883889637025 0.6073132539971668 0.6144187224267803 0.612441084787622 0.6087893882829415 0.6139372740001652 0.6110731048714236 0.6062446869514622 0.6134586793742166 0.6105374814150035 0.6077726821390701 0.6157984770464422 0.6125106575093083 0.6092269771869061 0.6128899719677461 0.6145304744549129 0.6084933320255508 0.6078374370361125 0.6084383559766889 
0.4183621465100409 0.6103861797314547 0.6137805858126921 0.6090442133247305 0.608722648284584 0.6120773691142014 0.6120280313286213 0.6141963750617783 0.611302510509023 0.6090780008657742 0.6076110835826437 0.6096494474379606 0.6079052096150006 0.6132686051896867 0.6103316813470034 0.608789373309569 0.6139354136716141 0.6140098181701721 0.6146265371713389 0.6134593646235355 0.6109452452887371 0.6075811675896283 0.6101728681063464 0.6121288522094873 0.6092107664721906 0.6126890205124162 0.61418752610218 0.6114503756098535 0.6079618382406173 0.6084476396273956 
0.4189566134244402 0.6091472413427653 0.6136754536713538 0.6090842558985422 0.6126623995355513 0.6120751786318198 0.6114403741180678 0.6098826304395989 0.6141508295586998 0.6091588982563579 0.6156618483956324 0.6096758558744438 0.615809681300595 0.6142221470410171 0.610244162279296 0.6089158847821048 0.613743722612477 0.6058840205220284 0.611031945942915 0.6136914528157474 0.6107086917903196 0.6085140286320821 0.6102392080109619 0.6074288193866749 0.608317076554002 0.6124086743433831 0.6144409587877019 0.6082191529378653 0.6127119605797479 0.6080134910369218 
0.4190447524287987 0.6189188006024806 0.6137808067673459 0.6089728161059409 0.6091771949625159 0.6118546907363984 0.6121133347800514 0.6142603363759649 0.6143179784284898 0.6091604005669452 0.6066207528711222 0.6091998112727462 0.6148635606283711 0.6144148860990051 0.6125734917127608 0.6090631939571304 0.6139045117708448 0.6112100901480388 0.6145229879808445 0.6141721062112154 0.6104355086959138 0.6141385675238317 0.6102110997909584 0.6121155785572144 0.6083409751174109 0.6126766800356601 0.6144506252246431 0.6087166187884787 0.6128577889933372 0.6084383559766889 
0.41950942015021053 0.6094274840958859 0.613780371984334 0.6147846181656014 0.612814318248048 0.6119146365135825 0.6148634947960385 0.6099743937948788 0.6142823111024382 0.6145630648930678 0.6153419800048046 0.610584884044911 0.6159058481323817 0.6132265433203188 0.6123371187820287 0.6145964464713817 0.6140268107010172 0.6141857936072236 0.6120438914364533 0.6137718569709595 0.6108738536649051 0.6141613366224326 0.61030194001311 0.6121128620517169 0.6090933185583572 0.6129824555129031 0.6144876019914783 0.6111055052108065 0.6129381763865877 0.6125207028966981 
0.42001478719214963 0.6188200618025943 0.6088626607880655 0.6089729264041007 0.6123926820018077 0.6118420354095709 0.6115774937217732 0.6139339719848986 0.6111058258437847 0.608610574726916 0.606271008995748 0.6096748030275013 0.6077540634397616 0.6133349988022903 0.6125750626807894 0.6087823482999157 0.6140516609896984 0.606509583460582 0.6146435281462654 0.6185656733114612 0.6104531380795393 0.6077891654381197 0.6102998637166808 0.6120535638614469 0.6083667500678224 0.6129956946993173 0.6141402573771407 0.6076087267393774 0.6078268999330343 0.6084258704470638 
0.42007764388329866 0.6189289203104464 0.6137807504471536 0.6147383213381998 0.6131191626775456 0.6118970064010996 0.6237786470223357 0.614258025998892 0.6142689212677024 0.6091604005669452 0.6064036160169558 0.6181810578130921 0.6152068402911031 0.6144167850624337 0.6125438473793731 0.6145833528546641 0.6139389154692907 0.6112204674650323 0.6138033216284278 0.6183594690016291 0.6156002120419648 0.6138787981221697 0.6102110997909584 0.6121155785572144 0.6158285134545837 0.6128732647339494 0.6146528534811669 0.6087166187884787 0.6165100637524394 0.6127359000695146 
0.42028812380025016 0.610371784897253 0.6137778455512256 0.6148091254648295 0.6188550697210179 0.6155612651126948 0.6118448173825135 0.6148322951076486 0.6142716614175631 0.6143968983794723 0.6153578353042035 0.6106414509760156 0.6159297189929177 0.6140963542433948 0.6115460281668801 0.615202658969362 0.614053785621591 0.6152879119405944 0.6121571549146382 0.613706747817121 0.6158310186466316 0.6080182958701301 0.6158860905970054 0.6125217524103781 0.6163128539856466 0.6128891505480084 0.6145249813365503 0.6108857676857462 0.616205222347309 0.6127022064420846 
0.42045072508803294 0.6094052512349133 0.6137803911630045 0.6147844228756247 0.612814207824487 0.6119315141034385 0.6114792761210386 0.6149172543885778 0.6142823111281457 0.6145618618407981 0.6153728493224233 0.6103382950655815 0.6159268669997137 0.6140856470197095 0.6115201308471835 0.6145984087169323 0.6140463866735982 0.6142289743837871 0.6120928695557868 0.6137720094989529 0.6157783084375184 0.6135636040821811 0.6102050007054862 0.6121128960221217 0.616307947621798 0.6128877449728308 0.6144880662387923 0.611107804401967 0.6129381802199938 0.6125252599085343 
0.4204727292644128 0.6094052512349133 0.6137803911630045 0.6147936269533864 0.612824733593677 0.6119315062430928 0.6114792761210386 0.6149018530216218 0.6142823117516404 0.6143968983794723 0.615868505966255 0.6103382950655815 0.615928469534059 0.6140856470197095 0.6115161385417587 0.6145984087169323 0.6140469447691183 0.6142289328381141 0.6120928695557868 0.6137149207967155 0.6157783084375184 0.6135636040821811 0.6162977231371287 0.6121276660096041 0.6158856063398197 0.6128877449728308 0.6145260484014925 0.611107804401967 0.6129383203067634 0.612702207086864 
0.4209527382565792 0.6185461334830279 0.6137807941785031 0.6148848147550011 0.6128494091805635 0.6157261720510971 0.6180433932479422 0.6141233800489443 0.6142856496485078 0.6137874843882358 0.6155592156411913 0.6181806422606777 0.615219810290706 0.6140881987908621 0.6130091152758567 0.6146711377400869 0.6183234147167722 0.616579958725095 0.6138282553071566 0.6182860257862487 0.6152306426016867 0.6135516686222745 0.6158800053861063 0.6125240775036817 0.6161422367395593 0.6128742118860211 0.6148249394931319 0.616825215791599 0.6161909682864555 0.6127958817034913 
0.4212130719093586 0.61782188285641 0.6137820830561602 0.6147910063891043 0.6185609634211688 0.6118818666619289 0.6122523709882882 0.6141305356597135 0.6143172473858943 0.6137991956003271 0.6155613140387991 0.6181421675456885 0.6159995048229014 0.6140962862177856 0.61235545524355 0.6150697888725905 0.6141347847456562 0.6154013589295266 0.6137569694410544 0.6141777645872043 0.6151867497922565 0.6133565024433639 0.6158207435765196 0.6125241088838502 0.6163139171702338 0.6128742338143979 0.6148252944338324 0.6168176353294971 0.6128851539791377 0.612777091980613 
0.4215279148917889 0.6193347756904218 0.613954418179452 0.614887133088297 0.6145551926865033 0.6157264874221018 0.6157578202053846 0.6143667711190977 0.614269515430449 0.6138152205678744 0.6204985353103248 0.6208858272973939 0.6161464319372711 0.6140834774460737 0.6130006667082643 0.6152110052372683 0.6183050630700309 0.61529713461218 0.6138036364654539 0.6182860257862487 0.6154709994068608 0.6135516686222745 0.6158791772199996 0.6125007684547127 0.6165813768085113 0.6130835759136354 0.6140562629209582 0.6167046414109937 0.6161873976460414 0.6149929270882003 
0.42168133351768744 0.6184602979522829 0.613780820074184 0.6148816697795807 0.6128505228473965 0.6157261720510971 0.6180433932479422 0.6141612191230836 0.6142701779802799 0.6144014581481654 0.6155592156411913 0.6181806422606777 0.6151866584086434 0.6140881987908621 0.6130091152758567 0.615210664789756 0.6183391674719892 0.616579958725095 0.6121100033135477 0.6182860257862487 0.6157842429550295 0.6135515587014588 0.6162953992191137 0.6121234170210785 0.6161398781208184 0.613084297430247 0.6148223202557649 0.611237786131126 0.6162044591256178 0.6127010079345981 
0.42200196557581393 0.6181777945499012 0.6137804015444286 0.614793156337777 0.6127249214115368 0.6119315062430928 0.6190428313163729 0.6141039625432443 0.6142855414978152 0.6138896576345609 0.6207501848156117 0.6103382950655815 0.6151926657590528 0.6138168302462415 0.6115161385417587 0.6146715627631723 0.6182737708695891 0.6165294737124545 0.6138498261358748 0.618453746628159 0.6157783084375184 0.6135636264125202 0.6162977231371287 0.6125129838903905 0.6158856063398197 0.6130660928387033 0.6148455577313576 0.6115111670851661 0.6163239637978212 0.6127006748112124 
0.4222030366872645 0.6101885769923922 0.6137778455512256 0.6148075516506679 0.6143402777984218 0.6105438245748467 0.6190159257758401 0.6148201052887837 0.6142809364950754 0.6138904625608291 0.6205791070969031 0.6105412148724587 0.615930708312184 0.6138118616802222 0.6176904919088579 0.615192830146236 0.614053785621591 0.6152878882394754 0.6120823403102376 0.6178544017697183 0.6158284874962513 0.6078735162294651 0.6158814453916133 0.6125019419329152 0.616151352915126 0.6130734438314561 0.6148178935764057 0.611304714867354 0.6163277955446871 0.6127022064420846 
0.4223896596543382 0.6193244714729006 0.6136493070568864 0.6188770307623085 0.6145291914819084 0.615722786598876 0.6148949037607843 0.6141472884206584 0.6142694861889161 0.6142398239268102 0.6155532559450378 0.6181159010937349 0.6160770136065831 0.6138195107921343 0.6176691322623808 0.61497986382987 0.6183010341462686 0.6152948542778853 0.6144664848511969 0.6182679227055887 0.6154005059572691 0.6141065667779624 0.6158845871885246 0.6125484549813303 0.6166193549923552 0.612893008454219 0.6153228968177301 0.6168046509564366 0.616188174379913 0.6150061467104676 
0.42266175979650905 0.6184602979522829 0.6137808218634673 0.6148826767893624 0.6145280822056346 0.6157263189449582 0.6188247027541524 0.6141473102333903 0.6142694861889161 0.6139026944715354 0.6155592156411913 0.6181806422606777 0.6160614381165374 0.6140881987908621 0.6130509884360923 0.615210664789756 0.618247316213821 0.616579958725095 0.6138380371315703 0.6182860257862487 0.615784233332901 0.6135555956964759 0.6158694617665414 0.6125016676809446 0.6161422367395593 0.613084297430247 0.614816620246095 0.616825215791599 0.6163238925664887 0.6149627294592601 
0.4230523283137911 0.6189140289500821 0.6138011735914138 0.6189010956562417 0.6145252484677834 0.6158476222506853 0.6148773879792712 0.614142422191342 0.6142853969269222 0.6142098502749979 0.6155175126156105 0.618114950511302 0.615217739659327 0.6137980035791778 0.6176639442660229 0.615156872924483 0.6180490074806458 0.6153025829171125 0.6144780511402023 0.6184214532443054 0.6152199310361534 0.6182577329301668 0.6159369744380838 0.6125487211120586 0.6166425454900638 0.6130233101810464 0.6153925146919443 0.6166617604166371 0.6162117069704758 0.6176650961750914 
0.42379271345616637 0.619358065408531 0.6137261324526351 0.614917495037542 0.615331588106781 0.6157262123252681 0.6189232923685541 0.6134151824620755 0.6191703419521973 0.6143894720778443 0.6155529699698095 0.6182161960419262 0.6203015498370751 0.613684834607914 0.6163185502356209 0.6152278572194275 0.6134068161772042 0.6152983197382818 0.6144303628892542 0.6184350673436143 0.6182112141689422 0.6142722909640725 0.615880682331456 0.6133236267686675 0.616452671305205 0.6129442099791536 0.6148357997511525 0.6168046509564366 0.6161859715320734 0.6149478132380437 
0.4238656134754419 0.619358065408531 0.6137261324526351 0.6188569975071506 0.6152997855882828 0.615722786598876 0.6148950184299551 0.6138456412741458 0.6142515489359752 0.6143069135153221 0.6155532559450378 0.6181113185623377 0.6162233956087944 0.6136876843424686 0.6176691322623808 0.6151571835872036 0.6183010341462686 0.6152975991744986 0.6144784603662244 0.6182679227055887 0.6182112141689422 0.6142684527690894 0.6158812625215464 0.6126138324799696 0.616452671305205 0.6129442099791536 0.6153237997632144 0.6168046509564366 0.616188688405108 0.6173896676036801 
0.4239809583050775 0.6188770119410933 0.618410128175704 0.6182300705191671 0.6145276540817439 0.6167092845495357 0.6161671639148759 0.6134256990703734 0.6193245566474705 0.6143965061520951 0.615556227682723 0.6182139266727533 0.6203523804843252 0.621321025691258 0.6163464474409028 0.6147805638374535 0.6140120132535765 0.6152613618885443 0.6144243247098721 0.6184419453397128 0.6182381183490604 0.6182372340097881 0.6154382502962512 0.6132743575509774 0.6163419777857269 0.6194645152690526 0.6148228794296291 0.6165783298819176 0.6162129174210303 0.6174180387562113 
0.4241590873225397 0.6188580850170843 0.6184901302047682 0.6182514092685563 0.6147568317029228 0.6200141967912132 0.6188198012320714 0.6147027800672992 0.6194321657302223 0.6231715577867081 0.6156762605877734 0.6215697338103122 0.6203289408088114 0.621270881556657 0.6176391953116404 0.6174891924658625 0.6182686432947435 0.6153418541721453 0.6144707519092917 0.6184418993753799 0.618254743758981 0.6186676467021387 0.6158625453243042 0.6132489669854605 0.6231056418463896 0.6195804512677884 0.6215234134449464 0.6171197861679482 0.616181299220786 0.6175440933387452 
0.42481486326402157 0.6188604895035774 0.6184686690290251 0.6186827367478923 0.61531499471927 0.6161272657218047 0.6186031902453306 0.6138132808404239 0.6191397624910429 0.6231517462491765 0.6209269898379999 0.621152236337327 0.6202218059672668 0.6207498541996082 0.6202892357753199 0.6217764290212107 0.6182158287783427 0.6149637669359277 0.6144436771757237 0.618453347635977 0.6181872519906614 0.6185546408245659 0.6242496144516538 0.623879423667658 0.6162658558269638 0.61940656081322 0.621398088869232 0.6216309511946189 0.6210923788285851 0.6173436286489399 
0.424992639016287 0.6188363645742665 0.6184692735320357 0.6186827374636376 0.6152151306004274 0.6200165333583924 0.6187381262069676 0.6134033512834798 0.6193704446376005 0.623151207285352 0.620760852984723 0.6211511835201169 0.6203027172223183 0.6209443650680391 0.6243534728435387 0.6217734609939374 0.6182490218175846 0.6184007467078159 0.6164493398620081 0.618700509949148 0.6182490016666456 0.6185531385406133 0.6158948481109897 0.6239578804214014 0.6228890111530362 0.6195890401094952 0.6215712172598676 0.6216326034060748 0.6211572682137135 0.6177765383281688 
0.4250661414543367 0.6188466909297614 0.6184686030272664 0.6186827377109977 0.615239192241377 0.6199962865577534 0.6147936588010883 0.6141704909885269 0.6193704446376005 0.6233775039575691 0.6207607960825109 0.6211511835201169 0.6203027172223183 0.620942794965684 0.6180092701884714 0.6219727492298913 0.6182490218175846 0.6183996580968624 0.6163760266844606 0.618700509949148 0.6181680139537332 0.6177016631810647 0.6159173054512666 0.6239653279648147 0.622893992992916 0.619593977971653 0.6211468339804399 0.6216316097549659 0.6211572682137135 0.6178018103389635 
0.4253799271932779 0.6191305987169755 0.6184709927308507 0.6182970990052032 0.6147568317029228 0.6200140269805153 0.6183714940975958 0.619966414243395 0.6193866129301255 0.6231715577867081 0.6156762605877734 0.6211993839826692 0.6203308781557005 0.62172695460791 0.6176391953116404 0.6217200386999199 0.6182692105591593 0.6254584976169731 0.6144707519092917 0.6187895507684039 0.618254743758981 0.6183264404381681 0.6159451285599951 0.6132489669854605 0.6231056699209789 0.6195804512677884 0.6215234134449464 0.6169473955906372 0.6160484142931273 0.6175440933387452 
0.42556060975880944 0.6198524088426456 0.6184714741990855 0.6186827374478184 0.6207843329366683 0.6200532169789502 0.6187338095685455 0.6202453834667138 0.6191799444900618 0.623126991192795 0.6171201720994091 0.6211514643750032 0.6202109618012757 0.6209443857132089 0.6202036029169137 0.6219065517914681 0.6182152062501562 0.6186011336947648 0.616307979077626 0.6187002504417467 0.6181669088675597 0.6186237831354788 0.623872599695626 0.6238558870148758 0.6231029284955415 0.6193913711347194 0.6214415831104803 0.6216326013635521 0.6211572753165427 0.6220456421399725 
0.4256049233222198 0.6187413205692871 0.6184697311026519 0.6186827399046313 0.6205230386200026 0.6200163094155096 0.6188467029389046 0.6202656567043788 0.61933000148201 0.623126991192795 0.6171190538586167 0.6211511937275025 0.6203644158763705 0.6209438055403919 0.6202014813203237 0.6217719273735536 0.6182152062501562 0.6186011336947648 0.616308620360865 0.6187002504417467 0.618286273854375 0.617998746566491 0.623776778900252 0.623880884695414 0.6228938995221919 0.6193959940666862 0.6211449355008892 0.6216326034371592 0.6211572753165427 0.6217785907588484 
0.42636830756519084 0.619852847116035 0.618471402965645 0.6186827374636376 0.621098628544526 0.6200529026330541 0.6187383991525904 0.620245374466013 0.61918963693386 0.6231094943506271 0.6207750691730176 0.6262470207007202 0.6202092868252643 0.6208594519376106 0.6242997245328009 0.62176142233888 0.6182420363033031 0.6186343392633161 0.6160955033072387 0.6185314348418782 0.6181675136740424 0.6185865540778375 0.6238695137437006 0.6238556511765012 0.6228890111530362 0.6188063265158735 0.6214389779972389 0.6216288943495919 0.6255711913409316 0.6217208505904399 
0.4266319056323781 0.619852847116035 0.6184692411193164 0.6186827374636376 0.621098628544526 0.6200529026330541 0.6187383991525904 0.6202448558456563 0.6193598171744313 0.6231085757063727 0.6207750691730176 0.6262470207007202 0.6202092868252643 0.6209443987176047 0.6243514916202989 0.62176142233888 0.6182490218175846 0.6184007467078159 0.6162971697019817 0.6187003912675818 0.6181664775439112 0.6185864602691344 0.6238531134810461 0.6238559242903612 0.6228890111530362 0.6193245825988033 0.6214389779972389 0.6216290940718658 0.6211583671191514 0.6219414108863065 
0.4275561997755172 0.6191366774596163 0.6184706628178764 0.6186742418695038 0.620527127596128 0.6238181040370592 0.6235518849477919 0.6202654959593122 0.6193403673896042 0.623099108148545 0.621043966632008 0.6215379591483902 0.6201944196954251 0.6208846546185354 0.6238391756736487 0.6217615437865541 0.6180883622396479 0.6185284737176351 0.6163013725821227 0.6186731456283912 0.6228424854727853 0.618633092399734 0.6237720717356411 0.6238812490663919 0.6228850969515901 0.61932458047762 0.6217517300788349 0.6216283682889947 0.6207409284661062 0.6218146515133202 
0.4279415985426554 0.6198891133425097 0.6263887527838775 0.6192190895005519 0.6270241527112365 0.6238181282890477 0.6235418531580322 0.6198588021313706 0.6236170900345698 0.6234138219972827 0.6207671678377783 0.6212113756736687 0.6202661687718889 0.6209081752834629 0.6249108075414788 0.6281200327642801 0.6248041114245102 0.6273619261634148 0.6237432018287962 0.6246036962138465 0.6234465603404786 0.627427074209757 0.6237720981888512 0.6244787929620718 0.6257301070089292 0.6270202985903808 0.6220543886070848 0.6241200135155123 0.6210999590343286 0.6205676422887764 
0.42813179532745954 0.6263732538256614 0.6187379368996964 0.6192190895005519 0.6270241527112365 0.6238181282890477 0.6235699095236605 0.6254331722215173 0.6239754454673976 0.6234184779375208 0.6207613718134855 0.6211157927538375 0.6203041106137864 0.6208640568402408 0.6249080004214865 0.6220870931666589 0.6248041114245102 0.6183999365401787 0.6237363438755663 0.6246035771777464 0.6234465603404786 0.6175552358012804 0.6256783572666234 0.6253621675365835 0.6257301070089292 0.6269199438939691 0.6220572297300926 0.6216291740919069 0.6207340996250388 0.621490441437384 
0.42827450202684797 0.6198891133425097 0.6187379368996964 0.6262310024380616 0.6270209136315151 0.6238238910872577 0.6235399839300324 0.6261729745711939 0.6239754454673976 0.6234733492262109 0.6207612908632465 0.6212113756736687 0.6203041106137864 0.6229695026342841 0.6249080004214865 0.6220870931666589 0.6248041114245102 0.6182310802648395 0.6237363438755663 0.6246036962138465 0.6234443794649072 0.6175552358012804 0.6237720981888512 0.6245084234594004 0.6257324204068871 0.6270223199339329 0.6220572297300926 0.6241798249023549 0.6256968263350615 0.6295925904170105 
0.4291184983944292 0.6268978335364954 0.6261102674012146 0.625249050635685 0.6268518406630968 0.6266290581970285 0.6229996474895468 0.6261672971291273 0.6279220094844563 0.6237310523142161 0.6273880292412828 0.6261254882032433 0.6253183664427867 0.6224509897529416 0.6249548915816063 0.6220229195615731 0.6249054335047527 0.6188458508720568 0.623745535754754 0.6245843664545154 0.623321325319133 0.6276692308807846 0.6256006805677402 0.6244321090882301 0.6257991851306429 0.6269105529537276 0.6263311070155807 0.6241268653330305 0.625650237492534 0.6224872498625592 
0.4295628930503062 0.6266999116749097 0.626378684427472 0.6256742326568204 0.62685145171808 0.6239054593286434 0.6231472394662624 0.6261454792216411 0.6269195379621737 0.6237303580890426 0.6273880243541888 0.6261221757556445 0.625316097070384 0.6224196731054504 0.6285306107888518 0.6280395315272288 0.624923424462318 0.6188395150291397 0.6237450849692162 0.6245840742372342 0.6242317410911161 0.6277669862806508 0.6255981784506284 0.6253795312597782 0.6257356781147488 0.6269124777789885 0.6262653594856042 0.6288588569460067 0.6256547855450343 0.6224872498625592 
0.4298584568234375 0.6269640904050424 0.6265548434047666 0.6256756128227391 0.6268495362619784 0.6269453118208431 0.622804687954161 0.6261559744460334 0.6270575957177077 0.6245118818146822 0.6272909622226892 0.6261256737730007 0.6249307641417406 0.6224491160951713 0.6249024498908837 0.6280245152989933 0.6249865710158028 0.6274907247651845 0.6237513242513297 0.6247974336941257 0.6239140137989102 0.6272093730488629 0.6256783928462761 0.6244777814933709 0.6255836333813699 0.6271986127958343 0.6263271521296049 0.6243463064256821 0.6256504289970256 0.6297853979255066 
0.42999576731162065 0.6267023731700215 0.6265936184617993 0.625249156168179 0.6273584327115126 0.6241036116850468 0.6229420170169779 0.6261559872427884 0.628344949025915 0.6237321049510213 0.6273880308262847 0.6261257310388805 0.6253177601361289 0.623113353572471 0.6249563518519053 0.6281403143593963 0.6249057454977784 0.6225101766636161 0.6243208618960551 0.6245843031058588 0.6233545219192753 0.6277823143770473 0.625984918665862 0.6243935444495081 0.6257281929866962 0.6272051246143928 0.6263650198669996 0.624130257732168 0.6256503723369099 0.6298971334047753 
0.43036256261247163 0.6266900283909768 0.6265848237259352 0.6275517417066067 0.6271544866468538 0.6239848522203614 0.6283660373227896 0.6261558407861346 0.6269526388930554 0.6236842337508265 0.6273989015319871 0.6261257470718096 0.6287638772069285 0.6231501659062496 0.6296469697922611 0.6286189237335029 0.6248342775097057 0.6269945516990103 0.6243220389021379 0.6247935336026972 0.6241463650893163 0.6272402040915064 0.6260074720587566 0.6253672626789311 0.6257281929866962 0.6272052278274575 0.6263646143354438 0.624130257732168 0.6256579988108045 0.6297990638689699 
0.43052899328112815 0.626689961820339 0.6265548434047666 0.6256756128227391 0.6268579154678021 0.6268956949948461 0.6287164667915138 0.6261560124407637 0.6270575957177077 0.6244429407164362 0.6274114429820232 0.6261256737730007 0.6249307826167275 0.6224735536027536 0.6249024301730658 0.6280931930667356 0.624974527849542 0.6274900568171843 0.6243232533303372 0.6247974336941257 0.6239145741132569 0.627209589367555 0.6256783928462761 0.6244083526605262 0.6262699560240744 0.6271986127958343 0.6263271521296049 0.6289611337350368 0.6256504289970256 0.6297847721055678 
0.4305489210193705 0.626689961820339 0.6265548434047666 0.6256739668523214 0.6269266649542157 0.6268956949948461 0.6287164667915138 0.6261561380847194 0.6270575957177077 0.6244374027156041 0.6274114429820232 0.6261158206394595 0.6249307826167275 0.6230331170794261 0.6296647658610626 0.6280321886465158 0.624974527849542 0.6274900568171843 0.6243232533303372 0.6247962672995848 0.6239145741132569 0.6272248258644251 0.6256783928462761 0.6253677209581334 0.6262699560240744 0.6271994161104029 0.6263271295320876 0.6289611337350368 0.6256578196473278 0.6297847721055678 
0.4309318876033632 0.6266900661049605 0.6340306506773132 0.6256742357549898 0.6271612245638761 0.6270216908117553 0.6283722393359354 0.626155834253926 0.6269996746806742 0.6284730937687341 0.6274154290087121 0.6261788665532905 0.6251067437183283 0.622980318184792 0.63172617463227 0.628030821704965 0.6249887529605291 0.6275021028702237 0.6243934530397572 0.6247707891050815 0.6241504771926613 0.6276336024885888 0.6259919382218823 0.625365875048732 0.6262651988554456 0.6272989977077614 0.6263555995983229 0.6290538409514582 0.625657605606748 0.6281934714231028 
0.4310214488010904 0.6267020816661354 0.6263807064879375 0.6256742326568204 0.6271695612174438 0.6281581863517602 0.6283667658659781 0.626156000209967 0.6270962271908588 0.6276372064052251 0.6281590706006641 0.6263591715148334 0.6253936298891799 0.6223321545090641 0.6294655687896764 0.6280334095711855 0.624923424462318 0.6279210618860339 0.6243263902746172 0.6245824045999854 0.6274878596438181 0.627769226360436 0.6255797809856728 0.6253661428316009 0.6257188110605663 0.6271531609067313 0.626361751306087 0.6288646144316687 0.6256569657264491 0.6297949696278295 
0.43113102202967785 0.6267022254275744 0.6265651286188095 0.6256742415605259 0.6271615888031655 0.6269436937000628 0.6283717668125547 0.6261558436999206 0.6288141246049088 0.6240520129918863 0.6279088724813061 0.6261123540720747 0.6251495124524064 0.6226886948660668 0.6294970506689849 0.6281453842370596 0.6249230499586949 0.6277327720791707 0.6242971567972863 0.6247728349518545 0.6241143258400362 0.6276332382312669 0.6255890346658739 0.6253667153476359 0.6258103102529433 0.6272057221850358 0.6262621359436961 0.6288794387684852 0.6256549096500884 0.6279748279560329 
0.43133755467963186 0.6267021104453068 0.6265472666203701 0.62527726765583 0.6269266851505869 0.6269438793918628 0.6283464353002044 0.6261452592938694 0.6269006772609957 0.6278465065407922 0.6282231963647289 0.6261158800557576 0.6253008421484623 0.622881863477028 0.629665189296255 0.6281493910833761 0.6249230045074953 0.6277725440891185 0.6250333916988259 0.6247847502124994 0.6238134819078577 0.6272193542021983 0.6256136601430685 0.6269325415439819 0.6257241300263718 0.6272057248138185 0.6262656842559311 0.6241385097272155 0.6256571776412813 0.6283533613102266 
0.43152600650646117 0.6266898096899821 0.626571254954894 0.6256742179589009 0.6271535106222536 0.6269498817887145 0.6283664337110147 0.6261556275057294 0.6289376301809566 0.6276897404366385 0.6274153833035901 0.6261151122212671 0.6250786630804795 0.6232266287059635 0.6294967296384925 0.6281459884745896 0.6249232854098088 0.6274968458922827 0.6242688229415285 0.624772973924387 0.6240383901295096 0.6276526354753936 0.6266816542555755 0.6253667485672847 0.6257246369791808 0.6272092273315886 0.6263268176085697 0.6290582500464564 0.6256571358487297 0.6280609903325444 
0.4318225695166767 0.626689934344495 0.6265479078730012 0.6273047099914674 0.6273582597469025 0.6281305139713728 0.6283661802899645 0.6261559988246918 0.6270983121827839 0.6314923170409281 0.6281445606245551 0.6263595858825467 0.6339885726340527 0.6223314812014457 0.6294893443042868 0.6280332594516588 0.6249209880071693 0.6277327716456392 0.6242598431171127 0.6248938680291131 0.6238533768908322 0.6279459612904834 0.626082797696254 0.6253659833703578 0.6257188012894727 0.6271585013481666 0.6263617652586894 0.62900277904412 0.6256571167031578 0.6281797797292061 
0.4319720563768574 0.626689938897588 0.6265479078730012 0.6274748798270542 0.6273582597469025 0.6240346633422742 0.6284227160305342 0.6261559888147836 0.6271121117638507 0.6237830129769151 0.6281653502505867 0.6261224723923942 0.6249305897557241 0.6226296908000958 0.6294866936125674 0.6285961778632768 0.6249209868202682 0.6277328030932333 0.6242603512990319 0.6248924519363324 0.6274177419582472 0.6276224934265603 0.6260828488432775 0.625365806577413 0.6256990815324125 0.6272052243539294 0.6263617934378588 0.6238189628437436 0.6256571167031578 0.6281529055996942 
0.43214092966550677 0.6266899350054963 0.6339974944613198 0.6273059163380781 0.62715331021525 0.6281143864817048 0.6283663111610449 0.6261562538302127 0.6288511234184209 0.6277859810617183 0.627392627517804 0.6263595754589487 0.628735822777187 0.6232240577909771 0.6323479702000362 0.6280525478028229 0.6251032482298825 0.6277328982678444 0.6243243706984826 0.6247706721430695 0.6274254401437682 0.6279538196823262 0.6260760739348357 0.6253659864177528 0.6262654233237805 0.627505888362255 0.6263270771736212 0.629003009704834 0.6256569660078793 0.6297477402885839 
0.4323315816061725 0.6266899954646905 0.6265507017281001 0.6256737097647455 0.62715331021525 0.6268517727362146 0.6283663325590493 0.626156246711452 0.6289372339060759 0.6277757924602766 0.627392627517804 0.6269223946259028 0.628735822777187 0.6232240577909771 0.6296692349248192 0.6280525478028229 0.6249214187394269 0.6274935637505444 0.6243221956851543 0.624776599873609 0.6241505747852595 0.6276190135583402 0.6256855993572846 0.6253658486960352 0.6262654233237805 0.6271995714432508 0.6263267007866821 0.6289606864033922 0.625656968062006 0.6281936169624626 
0.4331731383996938 0.6217552241477642 0.6321098943039151 0.625673561298183 0.6271856248145738 0.6269498036130438 0.6283656037554856 0.6261552120387978 0.6289733610211838 0.6279303020984889 0.6274176789568819 0.626359000189164 0.6334153283513476 0.632140990046539 0.6317119286943409 0.6281489173204265 0.6249213334823664 0.6277328024164033 0.624257874627982 0.624774168229319 0.6271745401865938 0.6276507092470457 0.6253743745975567 0.6253677424180848 0.625721971244806 0.6271984277467543 0.6263540530032364 0.6290609490644247 0.625654662680137 0.6281792408854828 
0.43328887015659595 0.6266913413497089 0.6334719389691735 0.6256739765197106 0.6271836330577686 0.628113264692515 0.6283540284481154 0.626155834253926 0.6288429767148753 0.6284212976413952 0.6274150571441851 0.6268965919358723 0.6335464547433874 0.6319977753001623 0.6297954427234624 0.6280308958777109 0.6249649131121601 0.6277330179219337 0.6348763498619178 0.6247708191086971 0.627331051503626 0.6279200589642057 0.625626248540563 0.6253747277695615 0.6257415282422689 0.6332084932937379 0.6263652172816784 0.6290586187555121 0.6256576080326717 0.6282099596321656 
0.4334827363063685 0.6266913269805627 0.6338950242880137 0.6256739765197106 0.6271877411970207 0.6280632478006428 0.6283540284481154 0.626155834253926 0.6289778867897402 0.6284212976413952 0.6274150571441851 0.6269019344460703 0.6335458375327507 0.6327957988428528 0.6317262205311814 0.6280308958777109 0.6249649131121601 0.6277330179219337 0.6244128381154326 0.6247707858411966 0.627331051503626 0.627926598751013 0.625626248540563 0.6300005803149552 0.6262494833899824 0.6332084932937379 0.6263652172816784 0.629058513508319 0.6256576080326717 0.6282099596321656 
0.43418062007548575 0.6266899928415713 0.6268006718470532 0.6256739724771765 0.6271877411984323 0.6268535090033902 0.6283537175449999 0.6261931067193228 0.6289778818099874 0.6283905301235972 0.6274178940652849 0.6269343950719697 0.6331661006262481 0.6327957988428528 0.6297132863150068 0.6280332188570916 0.624921307228925 0.6277328054081838 0.6348537665663808 0.6247764747897978 0.627331051503626 0.6276516078240725 0.6259919382218823 0.6253676740361777 0.6262504924024217 0.6274505131953021 0.6263618732059414 0.6289652768670694 0.625657605606748 0.6281751827261257 
0.43466893401927936 0.6266912436234119 0.6265479078730012 0.6256438259505976 0.6273596955987361 0.6269435153994986 0.6284251481570633 0.6261559915110528 0.6271110844468277 0.6278851093464587 0.6281586812755156 0.6263700491112327 0.6249305897557241 0.6331790464633377 0.6317681443618994 0.628031176069856 0.6328174918703005 0.6274979664306584 0.6240057885585603 0.624773052236986 0.6274177419582472 0.6276189184700777 0.6260802054829255 0.625365806577413 0.626284410090207 0.6271997616575343 0.6263260965344397 0.6289602265166777 0.6256571166484668 0.6298457187949529 
0.4348258266215033 0.626691288672131 0.6337953605758372 0.6256739771002179 0.6271877805915519 0.6268777138278897 0.6283492128601678 0.6261558363975674 0.6289885667983798 0.6284301729387171 0.627396977982666 0.6263712221601969 0.6338867620419482 0.6331068485704947 0.6317313217708289 0.6280334075487095 0.6332177688731975 0.627733008047879 0.6350309602267141 0.62477078586233 0.6273310317248914 0.6279178050300621 0.6266522338385081 0.6253659813049349 0.6262648943305533 0.6337231977606295 0.626365210338901 0.6290191440332975 0.625657607683978 0.6298052986941279 
0.4350236896558767 0.6266901103342223 0.627252358573808 0.6256739766275834 0.6271837387461257 0.62811726902712 0.6283646646195653 0.6261558363394226 0.6288521790216434 0.6278791629107981 0.6274176540056949 0.6268887908887943 0.6336051522067577 0.6319707065739267 0.6297218952305268 0.6280312800432526 0.6332176874235717 0.627732804274006 0.63493016532086 0.6247707953422919 0.6273406009987815 0.6279199556663002 0.625620565707334 0.6253656792370604 0.6262137180660446 0.6339737581235197 0.6263652605381372 0.6290043886908934 0.6256570123647083 0.6297334727329714 
0.4352460998001568 0.6266901101826564 0.6339318754922345 0.6256739765197106 0.6271877091408129 0.6280868554644564 0.6283535095980343 0.626155834253926 0.628852112449614 0.627878766011632 0.6274176594851663 0.6268949666317899 0.633590450336423 0.6327957988428528 0.6317309471242183 0.628030821704965 0.6332172171985341 0.6277328042629774 0.6349329928417173 0.6247707953662611 0.6273408590900971 0.6279193943851383 0.6256355273145487 0.625365768377482 0.6262494807786949 0.6332342589689804 0.6263652149470716 0.6290038885241603 0.625657605606748 0.6297334838275029 
0.4358183543235885 0.6266912913066858 0.633792548474684 0.6256739765216206 0.6271837554222758 0.6280621132385594 0.6283645020938121 0.6261558364384504 0.6289882352224996 0.6284299207180599 0.6273973044010311 0.6263724311725296 0.6336046721832621 0.6319998206183918 0.6317314241539064 0.6280306778343072 0.6332177604691813 0.6277329927308295 0.6350240903152541 0.6247707858413866 0.6273310317248914 0.6279183258342792 0.6259950604011778 0.6253659812984481 0.6262440350196924 0.6337231977606295 0.6263654653131713 0.6290193004425947 0.6256576080326166 0.6297331584454267 
0.4360864163420831 0.6266897979646715 0.6337953605758372 0.6385739334187881 0.6271877805915519 0.6280546994425893 0.6283661526989931 0.6261558364436336 0.6289854185260007 0.6276833289605007 0.6273974059999293 0.6263712346335424 0.6338874463270358 0.6331464129564754 0.6317586063701501 0.6281537652879555 0.6331660797162909 0.6277330086410238 0.6350309602267141 0.6247707694100959 0.6273310317248914 0.6279229200384197 0.6260722828678151 0.6253667507145758 0.6257320719720898 0.6337231977606295 0.626365210338901 0.6290193029036673 0.625657607683978 0.6297321227572406 
0.4358632724622763 0.6266897702083762 0.6339664531388256 0.6256739765216206 0.6271837554222758 0.6269416374134106 0.6283645020938121 0.6261558364384504 0.6289882352224996 0.6284299207180599 0.6273973044010311 0.6263724311725296 0.6336046721832621 0.6319998206183918 0.6318141979885136 0.6280306778343072 0.6332177604691813 0.6277329927308295 0.6350772454962346 0.6247730323186267 0.6273310317248914 0.6279228909358558 0.6266543525770419 0.6253659812984481 0.6262776963788937 0.6337231977606295 0.6263654653131713 0.6290193004425947 0.6256576080326166 0.6297331584454267 
0.43780959528886454 0.6266898467261812 0.6272266721008888 0.6256739766275834 0.6271837387461257 0.62811726902712 0.6283645012781015 0.6261558363394226 0.6288439337278083 0.6278791533562882 0.6274176540056949 0.6263728030330721 0.633605133296588 0.6319745177054814 0.6297218952305268 0.6280312800432526 0.6332176874235717 0.6277328032979328 0.63493016532086 0.624770796315581 0.6273406009987815 0.6279199556663002 0.625620565707334 0.6253630140464487 0.626213034173704 0.6339737581235197 0.6263652612654399 0.6289726837958391 0.6256570172154106 0.6297334727329714 
