0.3000095247308223 0.9100087843863209 
0.3000095289556214 0.9100087814427793 
0.3000095247491454 0.9100087843762575 
0.3000095244648852 0.9100087847411944 
0.30011139358730826 0.909948502397529 
0.30012704728067163 0.9099398052115029 
0.30056504239347576 0.9097022662107813 
0.30061558999010213 0.9096766193047402 
0.30088686332901304 0.9095378359226193 
0.3010302866951356 0.9094732488112763 
0.30113443494747383 0.9094177648262372 
0.3013143803941702 0.9093395551816337 
0.3013974156822455 0.9093162743737164 
0.3015727827397 0.9092114259972399 
0.3016994360821672 0.9091231098593864 
0.30180833414650915 0.9090304779867384 
0.3019688737263216 0.9089420344681066 
0.30208576523727265 0.9088475506560906 
0.30216621511780506 0.9087954793200732 
0.30275467073239154 0.9084564419076564 
0.3027690300432654 0.9084304447140757 
0.3029184050463162 0.9083449950203023 
0.30302911842329416 0.9082846682074582 
0.30313741254213517 0.9082302524566039 
0.30344511187945605 0.9081476168152948 
0.30345688925735514 0.9080599184014334 
0.30357454372414067 0.9079814479064372 
0.30369454485955866 0.9079419526762542 
0.30401732574288165 0.9077738511506886 
0.30417476985312153 0.9076928106647827 
0.30431676295408355 0.9076054209635586 
0.30441384475317784 0.9075548025416087 
0.30459008239951185 0.9074473667875488 
0.3047460949500471 0.9073555022575238 
0.30489509575360146 0.9072694122575302 
0.3050285609735534 0.9072049982108081 
0.305139475212112 0.9070678207579395 
0.3052817339285763 0.9069985996168779 
0.30541016048631303 0.9068538848653764 
0.30556172649338587 0.9067437900102602 
0.30568898797932315 0.906654717589781 
0.305842385667431 0.9065572880166315 
0.3059461695472428 0.9064832809152165 
0.30647854314208756 0.906145745686441 
0.30655286853915525 0.906101684174979 
0.3066996243697625 0.9060220765121624 
0.30689352787806917 0.9059151928570605 
0.3070020520946622 0.9058618415819866 
0.30710276657321606 0.9058041718395561 
0.3073396858851066 0.9056775669317902 
0.30747315975728357 0.9056192974006025 
0.3076380201807103 0.905548019250606 
0.3077625902369599 0.9054712702685193 
0.30795771223647533 0.9054014213591319 
0.3080776325360997 0.9052956476328465 
0.3082366531859416 0.9051917519264393 
0.3083830459194292 0.9050927944567034 
0.3085541471076949 0.9050026877501073 
0.3086191074728256 0.9049271721933675 
0.30888933189167594 0.9048506226401732 
0.30897354115353354 0.9046623303670915 
0.3091094417668372 0.9045677903950359 
0.3092531887889301 0.9044660505681136 
0.3094210310823804 0.9043543069325828 
0.30963549002965995 0.9042733916946805 
0.30974999889468613 0.9041763408587142 
0.3098706361652352 0.9040582640216649 
0.31000763302260903 0.9039869485755805 
0.3101798312068482 0.9038929695771316 
0.310273793026267 0.9038356072692427 
0.3105044378621389 0.9036699293759052 
0.31067679688679767 0.9035848089282106 
0.31081130567079124 0.9034853209488435 
0.3109209701721097 0.9034196067479597 
0.311411469653414 0.903163829989988 
0.31148316238495793 0.9031093107835797 
0.31162541214436973 0.9030302185215024 
0.31186472294462314 0.9029692873465764 
0.31198465469308606 0.9028401318189361 
0.3121060284967377 0.902758436681792 
0.3123611707643556 0.902595979904158 
0.312476837402696 0.9025585540784278 
0.31256300922766656 0.9024966299325692 
0.3127952703440761 0.9023196070743806 
0.31290693815301374 0.9022368063204315 
0.31312456230861463 0.9021155901472727 
0.3132223566064595 0.9020544438370859 
0.31347035149887453 0.9019129610720578 
0.31362452117940826 0.9018222187662992 
0.31378384535730325 0.9016759613785621 
0.3140066547198033 0.9015535637472188 
0.31414737188662206 0.9014760860845602 
0.3143719687374495 0.9013095920886258 
0.31445754675455767 0.9012711020659578 
0.3146150108802268 0.9011527737061353 
0.31470224477519676 0.9011136561904073 
0.31509197924895727 0.9009159592069497 
0.31511355645388 0.9008174945732497 
0.3152530864068397 0.9007062392988254 
0.3153723156631184 0.9006929586647363 
0.3156178881994803 0.9004798214334836 
0.3157982047525587 0.9003945892017091 
0.3159415025114233 0.9003096962907436 
0.3161268311917718 0.900139656296412 
0.3162992469595234 0.9000485525769458 
0.3164483644165674 0.8999523629348218 
0.3168419882277859 0.8997320865491172 
0.3169760257806524 0.8996273743132215 
0.3171394119970972 0.899536057352787 
0.31743551356324146 0.8993601260102418 
0.31754383972777417 0.8992964666293644 
0.3177270323961035 0.8991757190520612 
0.3178422819283889 0.8991210413737172 
0.31807163636175184 0.8989570704624806 
0.3182636894489291 0.89883625747007 
0.3185243933141459 0.8986926844778461 
0.3185799904274295 0.8986423275301995 
0.31880814184890766 0.8985046965853881 
0.3191543422881748 0.8983403064523257 
0.3191703350256389 0.8982799775854617 
0.31936763170212473 0.8982110681101416 
0.3195521067673799 0.8980870171257516 
0.31980707987744206 0.8979966134631674 
0.31995790532507407 0.8978487121320134 
0.32015823002543004 0.8977535041136625 
0.3202961064152551 0.8976011377921979 
0.3205045274469866 0.8974390325294815 
0.32063652291316325 0.8973247514877348 
0.3208091955530904 0.8971796414326288 
0.32091252676096116 0.8971058365431688 
0.32114069037019377 0.8969356254246414 
0.32129059278072597 0.89683033922145 
0.32150097587852283 0.8966870448028504 
0.3217027375763052 0.8965604574771125 
0.3218959207164317 0.8964446092638816 
0.32209155801020867 0.8963256438026841 
0.32229316902476224 0.8962008002329689 
0.32255404652467823 0.8961530460968601 
0.3226941825927777 0.8959888928171553 
0.32314338223779426 0.8957602416029008 
0.3233961257427402 0.8956424219219726 
0.32359892073083996 0.8955546533885648 
0.32381221523659315 0.8954719264278215 
0.32394698551872264 0.8953361444069972 
0.32425902512166177 0.8951520867300045 
0.32449857624012496 0.8950604556367271 
0.3246198583567355 0.8949836495273702 
0.3246849887464347 0.894872538732618 
0.32492612225619416 0.8946941388849273 
0.3251315557520024 0.8945367885323314 
0.32529318929637085 0.8944079131280355 
0.3255234434505472 0.8942799647397426 
0.3255606868469778 0.8941757757145851 
0.32589368940482905 0.8939363098010812 
0.32606216567146495 0.8938437162138587 
0.3261638228779376 0.8937371424582633 
0.32642681149359126 0.8935448146217608 
0.3266302946704268 0.8934242574668683 
0.3267853617919016 0.8933044192466535 
0.3269710400035375 0.8931604262183926 
0.32743308277959177 0.8928775253432021 
0.3275706992673822 0.8928020655849329 
0.32790114822485733 0.89261523533346 
0.3281037974544153 0.8924863977873277 
0.3282996804079955 0.8923888275690868 
0.3284760871909717 0.8923057482992557 
0.3287239405389488 0.8921212678040077 
0.32893983812132666 0.8919778847968778 
0.329130558175767 0.8918592232589068 
0.32934863181171586 0.8917348052009223 
0.3295495678012457 0.8915694309824856 
0.32973058655296983 0.8913994282201093 
0.3299716613446612 0.8912948469605134 
0.3300912614343033 0.8911194049860853 
0.3304759262247474 0.890947468178959 
0.3305594086143634 0.8908036760752479 
0.33072480530128406 0.8906890445567471 
0.33088790433697396 0.8905917770745428 
0.33118877857613355 0.8904164517841554 
0.33143870187188273 0.8902770357465644 
0.3316496092326083 0.890174368272538 
0.3318623351703951 0.8900184161820821 
0.3320955961159953 0.8898812943064017 
0.33231081862360307 0.8897126316849742 
0.33244133805357245 0.8896267017293917 
0.3327632434931932 0.8893841893060866 
0.3329413215964653 0.8892880294222723 
0.33317988753077 0.8891003755178623 
0.33338122219252875 0.8889400627051078 
0.333621204677621 0.8888544697922065 
0.3338682193980271 0.8886743864442727 
0.33414482224005826 0.888596043316 
0.3344123439824677 0.888364950135806 
0.3345742852256776 0.8882565373498144 
0.3349308781486601 0.888161821140175 
0.33494076663536243 0.8879929400699962 
0.3351554009111675 0.8878145122739449 
0.3353984076723489 0.8876647282509922 
0.33561115984171314 0.8874792851993775 
0.3358054017936862 0.8873407699626371 
0.33601799646232194 0.8871759274279802 
0.3361955002951305 0.8870327520519536 
0.3364201774900943 0.8868594719818994 
0.3366286086173741 0.8867195063122174 
0.33691726258350174 0.8865730212834816 
0.33714373424089705 0.886400593309397 
0.3373525414145102 0.8862607816658558 
0.3373783057208771 0.886253597322084 
0.33791194521481177 0.8859740232469081 
0.3380882726071986 0.8858832328423921 
0.3384724426897901 0.8856694768351215 
0.3386312856790212 0.8855033155255547 
0.3388167608056083 0.8853504610703982 
0.33903390148492213 0.8851776529185301 
0.33920465276659867 0.8850237009329696 
0.3394873455974188 0.8847937307611979 
0.3396299173932099 0.8846859895096068 
0.33976830269566954 0.8845873726140043 
0.340097513617225 0.8843573253038226 
0.3403462798968698 0.8842003514371138 
0.340525131305918 0.8840801650267517 
0.3408369654448487 0.8839053586632496 
0.3411558764647368 0.8837226443354769 
0.34148231308058136 0.8835818678328786 
0.3417691932716466 0.883434884324954 
0.3421084925063546 0.8832729334959276 
0.3424180306243894 0.8830431386589115 
0.3426465590278856 0.8829258576732072 
0.3428207629325856 0.8827666962691801 
0.3429938871322094 0.8825952264240449 
0.34318731575574535 0.8824512459075382 
0.3433645743979288 0.8822413304940105 
0.34366460303244023 0.8820743821335386 
0.3437820300884091 0.8819132531726079 
0.3442303700530815 0.8815733104831645 
0.34448487528939464 0.8813934278316696 
0.34478777618736245 0.8812009079347753 
0.3450447140382771 0.8810404783767353 
0.3452569359964854 0.8808843436007053 
0.34551440947608636 0.8807333410964479 
0.3458461465780301 0.8805541573640049 
0.34600811754183475 0.8804217578736123 
0.34625652544658475 0.8801966530313858 
0.34652635335134535 0.8800166420521346 
0.34675740191101256 0.8798672655603076 
0.3470350582927935 0.87969472210809 
0.3474005528140256 0.8794783660217811 
0.34759500485947087 0.8793369174983098 
0.34767444519826673 0.879293304964775 
0.3482382081131625 0.8789860108853651 
0.3483965544656186 0.8788716153637792 
0.3489717871658743 0.87861508947409 
0.3492831273958722 0.8784466518285319 
0.34967242496692774 0.8782941243115925 
0.35007446975171036 0.8781069523036887 
