0.4496466728988037 1.5856268299746288 
0.3709533008242261 2.036768044984563 
0.3815186661619504 1.9815941855595636 
0.39606500465151323 1.9024322768808892 
0.40762615948690695 1.8370534555984994 
0.4196494038179688 1.7673561364297103 
0.4325557637710029 1.6938697756192032 
0.44052294897761024 1.6433689519440398 
0.45104054256199466 1.5837571765798333 
0.47256342357564307 1.5798951824358296 
0.5002405358182344 1.5752555212108512 
0.5215471980735161 1.5712861477588758 
0.557235175560297 1.5641463163701115 
0.5837471736105397 1.5586806650700409 
0.6092390734996258 1.5532146397547835 
0.63793647571331 1.5468043033219487 
0.6691671653584804 1.5397320931629344 
0.6966038360963697 1.5326877041474103 
0.7271745969883064 1.524820273696776 
0.757133014387347 1.5168509426277896 
0.7880557930720682 1.508273332245237 
0.8188016925772006 1.4993883720296877 
0.8498309019515295 1.490006982996874 
0.8688895574086747 1.4841062848333195 
1.2337193513648321 1.4779586235166577 
1.2508633958477104 1.436592758483866 
1.2634911482326932 1.4036562232200345 
1.2823488995164296 1.355611244597662 
1.295348495494871 1.3238482424784968 
1.3216237966716913 1.3056099324003942 
1.3621586181421412 1.2866913661620825 
1.3993504386598046 1.2679279863402284 
1.4362980719225507 1.2487254523434244 
1.457359852523671 1.2380291270744386 
1.4652541760875644 0.8530337426791537 
1.468077113154085 0.8471537584226457 
1.481547605067576 0.8053181121685465 
1.4912819356370552 0.7766808871176257 
1.4993454808413333 0.75212200743871 
1.5086070249558345 0.7243554725876519 
1.5184491760153187 0.6954424019130767 
1.52765313035336 0.6663325154345028 
1.5379517006456025 0.636094084586211 
1.5493094825150757 0.599729979519164 
1.5539248535981225 0.585521496089544 
1.562884237240293 0.5577934755406802 
1.5719298172216163 0.5337673732817877 
1.5799251728529675 0.5082202431203034 
1.5867459288460142 0.4833681521660055 
1.5947878895841818 0.4584634112097784 
1.6262707556727771 0.44497326992803526 
1.6871327040646158 0.4310209727831229 
1.7406686192597574 0.4179167330700134 
1.7856194116860813 0.4069681855887102 
1.852438274469501 0.3900673102394649 
1.917647824374301 0.3732406235155809 
1.9788264217347684 0.3559053479307327 
2.035222442312443 0.34005250916357443 
2.0466845625884713 0.33679710615460196 
