0.38582463580561543 1.1645673872270004 0.4106405771683706 0.9977152337405119 0.7497434980171999 0.8772857969917552 0.865139110432044 0.8039236500818452 1.016393166035889 0.713524686323811 1.0187675365351831 0.6792265585267833 1.011575986836922 0.7652056268728982 0.9269090760074687 
0.25340000150974884 0.9462392699342701 0.4022993564624584 1.037121481859661 0.7495545396172787 0.9400585668241247 0.9221855832326866 0.737839314124729 0.9780288128509427 0.6153899959485112 1.027532225166987 0.6192238121072258 1.0092407319847978 0.7552147382913457 0.8326200001727686 
0.26736982963945854 0.9462127236100754 0.4052020802590365 1.0014743820716294 0.7118749750469869 0.9400598526100934 0.8667443173532972 0.7702860284193573 1.0428346388138876 0.6002973485724087 1.0279578416168322 0.6462280664405426 1.0081804641946615 0.8194966211622349 0.8343137725551117 
0.2882430217191897 0.95114617127905 0.41158589386466404 0.9928827031763063 0.7519913839008805 0.9283543147460804 0.8667115134692522 0.790923096133093 0.9961148226330618 0.7304367565988941 1.032812761715024 0.6454527640654953 0.9092981027672054 0.9101172483480914 0.8118696350357801 
0.3063505839826992 0.9361112049347899 0.7549118814026138 1.0392688968762567 0.7710295678034486 0.8363326044102926 0.9233492033670826 0.7298353320418174 1.0013639561875642 0.6117910174217048 0.7509093837577745 0.7276362210557872 0.9108150364858729 0.7523569015209028 0.9295630577348346 
0.3267137788772651 0.9544218010739882 0.6859097695327353 1.038440367207489 0.7142280991370665 0.9260821107719213 0.8667121346684716 0.7343605950907552 1.0013639480012615 0.4613341837845757 1.034629138621195 0.6512980862083726 0.8808132712016704 0.9211746245666423 0.8337429698067874 
0.34991226041063433 0.9236943182432471 0.6846325537883401 0.9976286537097746 0.7253867358494779 0.9403147786844694 0.8667115501582728 0.7907925986954104 1.0403561961616252 0.7346886494455375 0.8955063025202931 0.6307343562559011 0.905450625981341 0.9060130148030594 0.9384051289047755 
0.3661677624719423 1.169344393434079 0.6846929182617597 0.9977152337405119 0.7711677062779236 0.9278068943150053 0.8667383558381561 0.7909175735933043 1.0182701776485752 0.7280732700357376 0.9478817330288564 0.6787532248364462 0.909515773973258 0.9063504423045281 0.9082100172879485 
0.38735378776384394 1.1645673872270004 0.6846921373682436 0.9977152337405119 0.7709366636758036 0.8772857969917552 0.865139110432044 0.798913809826226 1.016393166035889 0.713524686323811 1.0187675365351831 0.679369293552566 0.909515773973258 0.7651634211930997 0.9401252979425458 
0.40526561285981205 1.0463474077313526 0.6881722540505777 0.9978033065943731 0.7710780471772842 0.9260327714017959 1.0269527040436142 0.7905905205035848 1.0182701776485752 0.7131581376715205 1.0171934056393392 0.6787532249104553 0.909515773973258 0.7379979702119488 0.9291118609326782 
0.428035429754177 1.0565257063190456 0.7974096230722991 0.9183230435025344 0.6782923085899843 0.9228582266365405 0.8612782125829664 0.8417966820982953 0.8173168870284085 0.7454349362316554 0.9782210492350261 0.6646054727556753 1.0114983646729765 0.7640937030050353 0.9356922342058214 
0.4455104834325187 1.0488612625882294 0.6696679896859399 1.0025130263640873 0.7677019595441588 0.923665459907883 0.859993491673448 0.7952214870746838 0.7844564444029815 0.7120475830914119 0.9779398870744102 0.6649392510193388 1.010488100001871 0.7382313006410766 0.9659834848063853 
0.4746025193973929 1.056021952184452 0.6743974467902855 1.0017838768328513 0.7476167788337177 0.8767708731846021 0.8652127153826187 0.795829746333745 0.7844564444029815 0.7135984423032419 0.9779360105491886 0.6649542014117116 1.0104866583162 0.6984795969261417 0.9628001639813815 
0.4959987779037786 1.056019339199759 0.7088138008075994 1.0017838768328513 0.7476167788337177 0.9237027372743098 0.8634602483036852 0.7890301492406572 0.7820714979458988 0.7135984423032419 0.9774339354361425 0.664587697883743 1.0104866583162 0.7268193075425071 0.9364287173978345 
0.5164111267818386 1.0595314467788304 0.7794754574327596 0.9856347580227796 0.7472530718141324 0.9236797993355418 0.8613216838649812 0.7890573915803664 0.7844564444029815 0.7454302241744344 0.9779515384396547 0.6654695525051241 1.01050099795099 0.7640691559701713 0.9821565165411272 
0.5391964679122648 1.151868653424595 0.7690210693956664 0.9819485164482129 0.7472875226970516 0.8998030699904664 0.918066607782069 0.8148761150932661 0.902647406837968 0.745904722438039 0.9781061036380342 0.6889496056782719 1.0105287183187006 0.7205527709557509 0.9413645032529435 
0.5636843902147141 1.0561757126958098 0.7103792173498363 1.001265976574443 0.7149547851616297 0.9243927444089926 0.8622193013663194 0.8150177406501687 0.7844564444029815 0.7123478705058682 0.9916418193325011 0.6265303916058803 1.0105304062799874 0.6745001248188252 0.9395618980982023 
0.5851553373622784 1.151868653424595 0.7795118829930485 1.0012452838794352 0.7472578870822586 0.9177449552255057 0.8942980261616919 0.8148746007745076 0.9661306728790928 0.7738408815114767 0.9930536845876067 0.6889496301891167 1.0105286046730428 0.7417159236653035 0.9369578672643537 
0.6087477691344404 1.151868653424595 0.7795118829930485 1.0012452838794352 0.7472578870817153 0.9225233491817723 0.8942980261616919 0.8148745998053976 0.9661376143066597 0.7738408987532599 1.002195839334816 0.6889489831158768 1.0105285856822357 0.7417137319873522 0.936986750698896 
0.631592861185105 1.1553846047734926 0.7795118829930485 0.9788263623811798 0.7472480572520799 0.8997940147041009 0.8942711223924115 0.814778636628297 0.9662679351449585 0.7748017554564363 0.9779057509159634 0.6889196761933127 1.0103944504222222 0.7203236597279068 0.9369581783066359 
0.6549055265016783 1.1556570634926149 0.7795118829930485 0.9789272075242245 0.7520254500543964 0.917933150928586 0.8935041383174234 0.8150381081766497 0.9661376143066597 0.7737888023726159 0.9930536845876067 0.6889509721336019 1.0105286049240536 0.7220860752767778 0.9509487024157334 
0.6778074123537109 1.151868653424595 0.7795118829930485 1.0012452838794352 0.7472578851986382 0.9177373211759919 0.8942980261616919 0.815422104484597 0.9662722606313012 0.7742673538021714 0.977892047714821 0.6889487629328505 1.0105301188225533 0.7422388867091116 0.936986677587546 
0.7006507289155096 1.1516086343634564 0.7795118829930485 1.0012391441707824 0.747265617832509 0.895207845476734 0.8946686537580707 0.814974658027675 0.9639068999063675 0.7529124677242227 0.9768608323551207 0.6889493320803858 1.0104980616142454 0.761238301393547 0.9394701668017837 
0.7145197265070818 1.172183561277309 0.7025696979353429 1.0037208502557848 0.7849462695038696 0.885299469960625 0.8946697065658122 0.8338291310266625 0.9463800234206772 0.7245525676980442 1.0268077684904702 0.6805476216665206 0.9041345897280357 0.9180460917838966 0.8751027168759918 
0.906261976141065 1.172183561277309 0.7038114288516113 1.0080234798598124 0.7849462695038696 0.939155325460999 0.8946697065658122 0.8340656990718447 0.9463800234206772 0.7219420197078431 1.0268077684904702 0.6805422079906043 0.9041345897280357 0.9180460917838966 0.8751027168759918 
0.9286751662085472 0.9917749955214569 0.8928223672105506 0.8814774510591034 0.7912675187900973 0.9381951742408225 0.8946119833147191 0.8488529348268367 0.9463363489011681 0.9765579627423573 1.0196894058617256 0.7022069739098012 0.9023995636264147 0.8658455661228743 0.9661438095750972 
0.9461419635169493 0.6895248877038713 1.049801585334893 0.8815232392776203 0.7858379524894865 0.9072266189035137 0.8354448286799512 0.8445188924662742 0.978302030583775 0.9773458562143478 0.9803502483306339 0.6795246573241025 1.0284887630939417 0.7334677935854182 0.9637862728520012 
0.9718529283492849 0.9917749955214569 0.8928223672105506 0.8884614503214049 0.7913963804931782 0.9381951742408225 0.8957405874073473 0.8362835401596723 0.9469935286171657 0.7320794490190077 1.0196964931703214 0.6546201365196384 0.7534880070349717 0.8658455661228743 0.9579236764654706 
0.9890603481149862 0.9917749955214569 0.8928223672105506 0.8814854865410514 0.7912721145700605 0.9382516057977989 0.896041418175234 0.8356780406934071 0.9463363879261667 0.8217554397689453 1.0196704182932015 0.6546201365196384 0.7910324201090979 0.8598318452387537 0.9579199697600506 
1.0060766436817046 0.6900771642629395 1.0497940100184664 0.8812187034687171 0.8565162346656936 0.9331139904175029 0.836416567099569 0.8437747416117147 0.9458355798020073 0.9788083692098151 1.025941582868895 0.6537315718044846 0.9869815537198872 0.7484158793263852 0.9680014570895694 
1.0280734068083868 0.7336509230522288 0.8928958102170041 0.8814673224567219 0.8546951255737194 0.9382516057977989 0.896041418175234 0.7892020700383848 0.946321512297359 0.9799540513051456 1.0077241295086328 0.6537332807265065 0.7910324201090979 0.8498971129217783 0.9634437348708149 
1.0480007498851065 0.7212571785281621 0.9072098864085663 0.8889663405035897 0.8157084222562407 0.8821713107307498 0.8703920861803924 0.9944073286648674 0.9755077209617479 0.9788079466646172 0.9931492027960273 0.7345879137420317 0.9525457966207888 0.7553411178137842 0.9703322427317698 
1.0672577600894857 0.7212571785281621 0.899935229173637 0.8889663405035897 0.7914637612528214 0.8821708018930682 0.8703920861803924 0.9944076962234873 0.9755077209617479 0.9788079466646172 0.9932106130856185 0.7250034576291137 0.9525457966207888 0.7484707990571876 0.9703322427317698 
1.0778100993115918 0.7773050225571329 0.9071511538691386 0.8669827376892323 0.8186407181871956 0.9115137330478218 0.8732098110214268 0.9944181984639495 0.9787068059442178 0.9788079466646172 0.9810460628354073 0.7345890738741105 0.952545830436654 0.7539556859791484 0.9481418290963178 
1.222183757934597 0.28169562856091196 1.0330279531536224 0.8900522511614425 0.7649115682653909 0.9115050153546133 0.8732402501221829 0.8195443503037276 0.9788126411402842 0.7481836965704839 0.9811799029882948 0.7571410621910221 0.9488088833692289 0.7483641568780154 0.9757678368751089 
1.224904153282068 0.4228492615214464 1.1004103430412766 0.8900513140941391 0.7962021029013373 0.9108019266204133 0.9250100830036414 0.7879594413162899 0.975503352919252 0.7482891283200891 0.9822651973198728 0.7371408189183205 0.9903993915280864 0.747606730966071 0.9674523794133167 
1.2425172352219742 0.4454788376815155 0.9358446141900811 0.9913614600488988 0.6954068979721988 0.910606630966719 0.8876038143305113 0.8225352915484331 1.0466910511852698 0.7867345251337452 1.0323869911067665 0.6482919405255466 0.9914192894406101 0.7529896816384615 0.9675454049678759 
1.2542957314215517 0.4407899157735454 1.1004103430412766 0.8900513140941391 0.7969527881608117 0.9107603499891503 0.8730922424835849 0.7852106573794019 0.975503352919252 0.7482277701745748 0.9822651973198728 0.7371408189183205 0.9947028856611473 0.747606730966071 0.9755959212258781 
1.2640840037925691 0.4454788376815155 0.9358446269882932 0.9670744188078689 0.6954068979721988 0.910606630966719 0.8737988542639313 0.8225352915484331 1.0434875984920169 0.7872787095673532 1.0323869911067665 0.7544563154551658 1.0094220697916334 0.7529896816384615 0.9758290198846801 
1.2748722450998302 0.28169562856091196 0.8748547311857582 0.8735735292061952 0.8221107143645189 0.9107510093557093 0.8873555020033347 0.7041120154691669 0.9782552927953861 0.731701155390872 1.0330039632059596 0.7554858450296028 1.0870583093576007 0.75330330583433 0.9762885679461625 
1.285776435546138 0.4262142063230468 0.9324258433370259 0.8901477745222619 0.8222215007070858 0.9106806035950471 0.8839668026016392 0.822572371748502 0.9500768095083866 0.7330130864979164 1.1461520486034658 0.7361204396294925 0.9938668911541082 0.7481080619646583 0.9674558123893089 
1.2962694214540478 0.31072769243647486 0.9588640327065285 0.873162304890352 0.8221109092979064 0.9107510093557093 0.8880792968352131 0.9322025835504709 0.9782615015439119 0.7342460796004039 1.0325837034982086 0.7349698610097068 1.0886985646686183 0.7534466065222453 0.9284399102264691 
1.3068470978821654 0.41781535598602076 0.9324512300594323 0.8899481339186635 0.8222215005257205 0.8982916092314203 0.8350015928508836 0.8225563658468728 1.0444212941525892 0.7331142477932636 1.1465490750735874 0.6475555549084486 0.9770383297637546 0.7464826978148038 0.9685801046866872 
1.3188512328696063 0.3107276751545658 0.9588640327065285 0.8885197548417372 0.8211904352080499 0.9107510093557093 0.8880792968352131 0.9338296014880393 0.9782615015439119 0.7342460796004039 1.03258382910593 0.7214264814302306 1.0886985646686183 0.7534466065523334 0.9247391003306036 
1.3233838874913395 0.3107276126565254 0.9588640327065285 0.8885197548417372 0.8222707040465819 0.9107510093557093 0.8880792968352131 0.9338186960541439 0.9782615015439119 0.7342460796004039 1.0325838272392471 0.72142648143171 1.0886985646686183 0.7534466065519734 0.9247391003306036 
1.3319265840048833 0.2854435368714912 0.9585212161344868 0.8885197548393252 0.8222219729949026 0.9105991975205652 0.8839744708205348 0.9327678659071803 0.9782615014043394 0.7349746293669609 1.0316872743639494 0.721465640793117 1.0886985646686183 0.7534197579636952 0.9679379361672699 
1.339117577305975 0.2839608339554421 1.0907267057063144 0.7918520896028717 0.7994469683054033 0.9107130392201569 0.8379492164731119 0.9275312693830811 0.9452675556132168 0.737173560627294 1.0116871904314866 0.6597473683788828 0.994784157867198 0.7215704757512663 0.9612406023100507 
1.3462755611217943 0.2854435368714912 0.9585212161344868 0.8885197548417836 0.8222732147974735 0.9107420349541204 0.8839744708205348 0.9327638475617437 0.9782615014043329 0.7349641221189717 1.0316872743639494 0.721465640793117 1.0897970625513211 0.7534200397830495 0.9679379361672699 
1.3528353375782323 0.23717321295105084 0.9461867988269833 0.8850172574054067 0.7824590355271315 0.9023967725517661 0.870538973568153 0.7859184382495734 0.988803480995866 0.7070813373975787 1.0760125063684596 0.5392044506730849 0.897021822070888 0.7338639102903346 1.0165859290516974 
1.3591658679316863 0.33775368286406304 0.8725807231640491 0.8808988690866074 0.8405421460027539 0.9104915464063851 0.8383967194321659 0.7411765584297911 0.9877951030537956 0.7360806865631019 1.1381296458552317 0.5247824958572506 1.0442630278268215 0.7386262398912559 0.9256709870273426 
1.364073970461148 0.27215981138182327 0.9154198856145547 0.8730562454205335 0.782450195788824 0.9024037917644585 1.0514528647783057 0.8225587907435981 0.9888044074268576 0.7062209545007062 1.0243171066125292 0.7357277348848805 0.9922984411833016 0.7527017785801655 1.013889346029679 
1.3702052212090046 0.3093510744982899 1.0899997704438258 0.8807400347714593 0.7789890293210416 0.9021974268354966 0.8379492164731119 0.8442834761664569 0.9452675556132168 0.6612445378052635 0.9708690589822012 0.6877197069336188 0.9894604746658843 0.7381060248697358 0.9863038260031414 
1.3751352911163632 0.25894099001603094 0.8578596076399146 1.0599320137609711 0.829630020089288 0.8434347367786235 0.8881062366838874 0.7797885976629328 0.9722383167016356 0.9303333283131028 0.9956077149842584 0.7228949916355764 0.9760230851086785 0.7482444144620882 0.9727995799234861 
1.3788546767404892 0.30945173235805173 0.9357243632820618 1.025012594755407 0.8360578790567776 0.9015766071744366 0.893529075491975 0.9337860156933977 0.9440799999402588 0.6282391904943507 0.9711361538293107 0.6899691447671252 0.9019818829910312 0.7378588553937951 0.9212646537114728 
1.3838662823123429 0.30945173235805173 0.935719803432428 1.025012594755407 0.8360578790567776 0.9015227891496969 0.7362210436306432 0.9325172493157555 0.9440799999402588 0.6282391904943507 1.1474157775070453 0.6899691447671252 0.9712514329134208 0.7197726110969891 0.9212646537114728 
1.3881643159065171 0.3053080186476757 1.0907267057063144 0.880706181748721 0.8059521377376168 0.809391633141691 0.7425159510742015 0.839573847071994 0.9945255580889985 0.626316476457012 1.0255358820863445 0.746175758097787 0.8329828604446283 0.7409442648323414 0.9396174142197073 
1.391880147306524 0.3184453818463132 1.0907267057063144 0.880706181748721 0.7994469683054033 0.8790088321216567 0.8379492164731119 0.8442834761664569 0.9452675556132168 1.0033274637338507 1.0116871904314866 0.6537349242003977 0.9935427526618437 0.7215704757512663 0.9612406023100507 
1.3948772172377062 0.2768417248577511 1.0907267057063144 0.880706181748721 0.799834989924876 0.8180544546226981 0.8379492164731119 0.8442834761664569 0.9471335861949751 1.0033274637338507 1.0261233681558832 0.6674552815765004 0.9448946007526656 0.7215704757512663 0.9549369254538663 
1.3954460264220792 0.2135271609600814 1.0907267057063144 0.880706181748721 0.8108556045841475 0.8180544546226981 0.8379492164731119 0.8423474376915879 0.9471335861949751 1.0033274637338507 1.0261110865425291 0.6706508576536206 0.9448946007526656 0.7088448885474368 0.9586884507025641 
