0.40000224423082753 0.36754755279188334 
0.4000022748591795 0.36754739326292585 
0.3872746348016278 0.47737263122085544 
0.386315303941234 0.48588810499214513 
0.3864527615815732 0.48484451247659416 
0.3867981152585686 0.4815514499329908 
0.38692532786325584 0.480451068580584 
0.3871598429294368 0.4783850805292581 
0.38738489976434115 0.47644400289545064 
0.38762201687310066 0.47444839397300215 
0.3878335682127327 0.4726364252345105 
0.38804316152954194 0.4708854370050797 
0.3882482529332742 0.4692086223947143 
0.3884522623069674 0.4674869218913742 
0.3886506683582884 0.46588729746518265 
0.38884914199171267 0.4643255119701565 
0.3890373758294571 0.4626892249276189 
0.3892279129921992 0.46118179292571776 
0.3894133151706413 0.4598185120226688 
0.3895945718678884 0.4584046271868215 
0.3897564236780186 0.45692874820266466 
0.38990100059603616 0.4553859138154832 
0.3900607632903757 0.453875825406906 
0.39022503241028655 0.4527191478934141 
0.39037911122861657 0.4514524936771478 
0.39051937310302215 0.4500976008856909 
0.3906780522781919 0.44888803923606685 
0.3908247739025352 0.447743654709314 
0.3909434437787484 0.44637449952468866 
0.3910925838245195 0.4453336887698567 
0.39123969820481697 0.44426054884961197 
0.39136959646100344 0.4431301286096579 
0.3915260044778193 0.44215250203738565 
0.3916357210269819 0.4410070116883288 
0.3917501309092766 0.43991571475266267 
0.3918732136707123 0.43889567692520104 
0.3919837282636318 0.4378543020559381 
0.3920905217629212 0.4368290372972448 
0.3922009491017022 0.43584802050503013 
0.39230420978232616 0.4348228843459221 
0.3924155991501509 0.4339444894772028 
0.39252297414235476 0.4329255661570861 
0.39261522131974363 0.43208877769824017 
0.39273009875811543 0.43125015841451747 
0.39281064424673334 0.4303156488846184 
0.39291087790249546 0.4294735116815036 
0.3930061653569953 0.428635614815471 
0.3930964740235503 0.42780619151055627 
0.39318748530969033 0.4269924693202001 
0.39328730990611355 0.42622563965229804 
0.39336651592714017 0.4254065339025793 
0.3934635409651729 0.42468442335324946 
0.3935511389838393 0.42393701878231377 
0.39362344493651663 0.4231614878920042 
0.3937099530948175 0.422440225415874 
0.3938017363971189 0.42176197476650745 
0.3938812526037974 0.42106082087334085 
0.3939689675467806 0.4203951812350464 
0.3940271037358661 0.4196430610674227 
0.3941359481401815 0.41908107456473004 
0.39418964945904794 0.418372093774328 
0.3942565099231064 0.417710268255694 
0.3943485194091247 0.4171206568030247 
0.39440239576835273 0.41645144814162977 
0.3944767120947858 0.41585111720091505 
0.39453798218109143 0.4152094029153415 
0.39462370023682897 0.4146688374926961 
0.3946905960270787 0.41404873833929295 
0.39475691827565057 0.41350038709204123 
0.39481734126057977 0.4129250063943634 
0.39487013852787517 0.4123358785286265 
0.39494085153059194 0.4117997471235678 
0.39499409284517795 0.41120214805405164 
0.39507580883221866 0.4107430756629908 
0.39512149289577575 0.4101807519967268 
0.3951885967746037 0.40968311767828336 
0.3952449629115693 0.4091615474503928 
0.3953151902236443 0.4086799567075943 
0.3953828878779094 0.40820278671976973 
0.39542154653694433 0.4076770505747634 
0.39548731769640844 0.4072100774968834 
0.39551260517700265 0.4066803846863585 
0.3955729553826487 0.40621878613586365 
0.3956409516029627 0.40578177869877263 
0.39568718105692885 0.4053137561159795 
0.39573199386096247 0.4048479489320801 
0.3957907959440007 0.4044152101769931 
0.39583268752390216 0.4039612184804978 
0.39588752966613144 0.4035366149988637 
0.3959249161618658 0.40308793491643347 
0.3959691599013447 0.4026575032912018 
0.3960279588160311 0.4022599189937593 
0.3960599015573086 0.40181963563657624 
0.3961131608409191 0.401427102661448 
0.39615161830031853 0.40101421282312766 
0.3962153421921559 0.4006464082838956 
0.3962345808376156 0.4002234454353906 
0.3962809897631355 0.39983774897491187 
0.3963268459790914 0.39945153362528624 
0.3963657263671246 0.39907432829723116 
0.3964072383882289 0.39870182661997416 
0.396448921270094 0.39833260404250637 
0.39649309201677324 0.39796898955292326 
0.39653388102369563 0.397612069467294 
0.39657368345937255 0.39725997539190894 
0.3966126765026844 0.396909833074791 
0.39665394690283107 0.39655984236952113 
0.3966917442976322 0.3962215195205767 
0.3967326291375329 0.39588750442208026 
0.39677211526111844 0.39554931541396426 
0.3968065703968922 0.3952174995929791 
0.39684305831488587 0.3948958518555371 
0.39688176631861527 0.3945719990139732 
0.396917498553765 0.3942539573835384 
0.39695307250110107 0.3939402888361478 
0.39698726755995506 0.393626927657363 
0.39702368298126617 0.39331928163864255 
0.3970597480308665 0.39301467619789154 
0.3970932761632813 0.3927112120791758 
0.39712662242373087 0.3924144733476104 
0.3971598543756311 0.39211956016884714 
0.39719393526982577 0.39183025924912296 
0.39722795594015103 0.39153696791821135 
0.3972605499768895 0.3912551311416262 
0.3972928265575375 0.3909743429572658 
0.3973257319202603 0.3906919021570432 
0.3973595265123987 0.39042002585188157 
0.3973894194104497 0.3901467293063125 
0.3974215130328126 0.38987518779935154 
0.3974513832852305 0.3896084087385971 
0.3974831739749287 0.3893418301061163 
0.3975133031356377 0.3890835446129 
0.39754233454737997 0.38882345158632214 
0.3975724284979593 0.3885664809486405 
0.3976023228919268 0.38831263670521915 
0.3976311237502483 0.3880643374750542 
0.3976598331218002 0.3878121476772391 
0.3976871352930807 0.38756634291516434 
0.3977161078328029 0.3873231942661833 
0.3977438938497758 0.3870814729670633 
0.39777108181091264 0.3868402605063988 
0.39779805729865375 0.38660544998972995 
0.3978261502914093 0.3863663819077192 
0.39785252839262153 0.3861342986795589 
0.3978793452922746 0.385906240484439 
0.39790548754395805 0.3856836148217386 
0.3979317471911363 0.3854535156535483 
0.39795684936843745 0.3852304205269938 
0.3979838645664356 0.38501011128932894 
0.39800846174534993 0.3847916026205511 
0.39803368939103606 0.3845764010540709 
0.39805955051628583 0.3843617105792688 
0.39808512734699486 0.38414282001594385 
0.3981088664475241 0.38393608701080734 
0.39813396578925103 0.3837281296529373 
0.3981578540172927 0.3835214734903651 
0.3981822900015459 0.38331375667614187 
0.398208058492504 0.3831104234452068 
0.3982307441590958 0.3829089345202526 
0.39825474224987556 0.38271217666093793 
0.39828063309995493 0.38251484612413467 
0.39829932194070417 0.3823166313148444 
0.3983244484063083 0.3821219037082111 
0.39834881161456676 0.38193073272211014 
0.3983679945808645 0.38173859981714225 
0.39838705284952836 0.38155029389054157 
0.39841112500877474 0.3813600331915725 
0.39843149471877676 0.38117480380728014 
0.39845695039087037 0.38098866742403564 
0.39847491272508256 0.3808063069665833 
0.39849435662371196 0.3806254181144288 
0.39851449188627225 0.3804456036256554 
0.398538658189808 0.3802688398390009 
0.3985702011498075 0.3800961900794303 
0.39858053906894847 0.3799199824965908 
0.39860651303550787 0.37974322063659316 
0.39861737566385236 0.3795678246794275 
0.398640413396993 0.3793990965050841 
0.3986659170980725 0.3792337474790829 
0.3986778262075358 0.379060905763955 
0.3986996947512696 0.3788938127956908 
0.3987172826321773 0.3787279353135668 
0.3987342739094804 0.3785642616517467 
0.39875889046255486 0.3784030465167298 
0.3987756958975081 0.3782405701127022 
0.3987949118341279 0.378082151356536 
0.3988137322643987 0.3779227970554834 
0.39883477520118704 0.3777670389685103 
0.39885423141846865 0.37761016956698956 
0.39887204718305014 0.37745492475816383 
0.39888409350138876 0.37729875710563626 
0.3989034831801648 0.377146512459837 
0.39891857027982347 0.37699572938630405 
0.39893789408645003 0.3768454885975896 
0.3989596532905649 0.3766978256666458 
0.3989751402101157 0.3765489038843481 
0.39899485734170187 0.3764033158550499 
0.39900672046524055 0.37625616095566516 
0.399024841309171 0.3761133689083719 
0.3990380707288951 0.37596803688260977 
0.39904993534509897 0.3758250224161884 
0.3990725975273457 0.3756847790946327 
0.39909142298403544 0.375543622114418 
0.39910883606826625 0.3754044663105442 
0.39912116264683933 0.3752670484232429 
0.3991411763035048 0.3751306241043678 
0.399153577351398 0.37499415012992 
0.39917064445022427 0.3748586709206084 
0.39918240112639886 0.3747245558375295 
0.3991982865337966 0.3745910476312592 
0.39921414081874046 0.37445960542131657 
0.3992307803854261 0.374329981324487 
0.39924549873964454 0.3741977367691385 
0.39926008319384865 0.37406875553258945 
0.3992725503564923 0.37393994304208145 
0.39929307332628583 0.3738134319992486 
0.39930521038440125 0.3736860536203432 
0.3993219079891531 0.37356133817698556 
0.3993358959113543 0.3734382122331498 
0.3993475182296542 0.37331213488825477 
0.39936231889704105 0.37318920592605687 
0.3993745950010489 0.37306740421498735 
0.3993922640639106 0.37294799174083904 
0.3994090204860046 0.37282595762438675 
0.3994178255322784 0.3727058194065637 
0.399433277717561 0.3725872531248709 
0.399446403012738 0.37246921887672263 
0.39945997207985623 0.3723524966627987 
0.39947677846126733 0.3722365100657969 
0.39948523869580416 0.3721206956818023 
0.3995137602538593 0.37200865806362665 
0.39951731657288797 0.37189365971131233 
0.3995286508352616 0.371779602641985 
0.3995386583583934 0.37167090579113354 
0.39955132184497794 0.3715547424477078 
0.39956413666623947 0.3714456250148437 
0.39957798320869503 0.37133561478513344 
0.39959793477856304 0.3712256618672598 
0.3996078839336659 0.37111658401041936 
0.3996226644628953 0.3710100362601871 
0.3996314829568138 0.37090232868040446 
0.39965269140086424 0.37079458970609314 
0.3996585218912264 0.37068978499033073 
0.39966644596467144 0.3705835966375676 
0.39967200967228006 0.3704808925814425 
0.39969877090612727 0.3703760916024706 
0.3997064977979877 0.37027248061189305 
0.3997077092429216 0.37016854477984334 
0.39972427049537224 0.3700684147142586 
0.399726160079956 0.36996408978433376 
0.3997442440015172 0.3698666574158471 
0.399753942536191 0.3697672844681256 
0.3997642138239774 0.3696658627680846 
0.3997850800236373 0.3695697617305138 
0.39979027456316074 0.3694702278749292 
0.39980894592425764 0.36937502602954125 
0.3998094735327928 0.36927648159446347 
0.39981898083936485 0.36918047655460917 
0.39983062322423163 0.3690855976018077 
0.3998397213060503 0.368989489176795 
0.39984979601458953 0.3688952060797438 
0.39985843775698704 0.3688011880607706 
0.39987463587027344 0.36870883641428454 
0.3998829631137979 0.36861660525998435 
0.39989343331703975 0.3685255067331351 
0.3999050863261718 0.3684328860564816 
0.39992167229898684 0.36834217387149965 
0.399922707119245 0.36825163618952733 
0.3999379449571192 0.3681613940255834 
0.3999520055693889 0.3679838915307924 
0.3999643207924262 0.367894557716038 
0.39997814230324075 0.36780737103301836 
0.39998536164622667 0.36772111371942545 
0.3999942183961845 0.36763168263624435 
