0.5059983745154125 1.5013631139987595 
0.5483239056366643 1.5005445391488248 
0.556504903699242 1.4970647146141056 
0.5611862221778785 1.4969339717710362 
0.5656859249238609 1.496374808651506 
0.5707383282213543 1.4952982073992869 
0.5747939562896743 1.494974363577649 
0.5926353992472173 1.4914847062412124 
0.6065530776447767 1.4893641067002596 
0.6113496062100229 1.4886419814697271 
0.6204504840436339 1.4862152623211555 
0.639869176033267 1.4831713467255554 
0.6447307393635027 1.4817916217516567 
0.6688113301642604 1.4734004529093707 
0.6730926352182278 1.4704464361412635 
0.6982872897153067 1.460725975478351 
0.7080477395110629 1.457255341731365 
0.7129729009946875 1.4558704481626228 
0.7178485423832284 1.452702512143502 
0.7229864392936142 1.4517938696804982 
0.728048096465924 1.449084083803673 
0.7326863239038148 1.4461559130590955 
0.7377348760966438 1.4435846764999494 
0.7429441448857237 1.4417109144426496 
0.7478779280111937 1.4399336602169392 
0.7529292346483015 1.436371289024823 
0.7584693285019952 1.4354899787475328 
0.7625126939484981 1.4311046256652493 
0.7683913323723557 1.4295032575239712 
0.7741563413228211 1.428716049779441 
0.7781093510013083 1.4230049510052583 
0.7885680655196623 1.418101612231621 
0.8035529098576306 1.4087795967816368 
0.8084867382540539 1.4054434156795153 
0.8133110793168586 1.402353354526716 
0.8198497488702114 1.402119512220278 
0.8241911849176341 1.3970438690274716 
0.834508997502061 1.3912899678955162 
0.8499343192688051 1.381226931099455 
0.8589973309589564 1.372092866212113 
0.8740470510157832 1.360205299666023 
0.8790453319965668 1.3567788125538103 
0.885638765269076 1.3567724459776764 
0.8911040251157685 1.3539111991711021 
0.9043255716962165 1.3367547939884936 
0.9086575822801648 1.3342692415126134 
0.9139554575099798 1.3311545305676318 
0.9192952532211248 1.3275894588103538 
0.9245654189127377 1.3242658617937204 
0.9286080189347776 1.3169214176938993 
0.9338690267878618 1.3149605610674113 
0.9389075367717397 1.3108076841766534 
0.9431921553618554 1.304474960932225 
0.9573336682370942 1.2911746071345727 
0.9668347816724736 1.2830861607498867 
0.9763444624206379 1.274252433180459 
0.9947867302512381 1.2552657242851704 
1.0005950412924072 1.2526926109578151 
1.0038735494743691 1.2462071571222344 
1.0085949770694835 1.241371192105014 
1.013608940048246 1.2371081614265331 
1.022969770332753 1.2281806816150884 
1.0266732621568528 1.222627027268397 
1.0314204936806681 1.218030215181789 
1.0403791366337831 1.2080338415671048 
1.044934133765701 1.2035754278595587 
1.0493738924926979 1.1983966270280038 
1.0537948565698296 1.1939670407118244 
1.0667126597134335 1.1792531590923296 
1.071403282367392 1.1737359165443633 
1.0844211538192012 1.1593710953284524 
1.0887012219403762 1.1539836895834255 
1.1056677491496747 1.1344253748930848 
1.118355647609039 1.1189983077168182 
1.1512999136538051 1.0795259368966588 
1.1535573386031057 1.072975179440289 
1.161536509951202 1.0624653003982902 
1.1656312832011886 1.0578571398837782 
1.1687630055368632 1.0532475022240413 
1.1732962607001314 1.047545773969754 
1.1843951258280259 1.0322337478147674 
1.2032790730982765 1.0055086389376686 
1.2066367248308787 1.0012182086464685 
1.210348270556243 0.9960308094986057 
1.2138834172331623 0.9909905536971069 
1.2174405065293255 0.9862763699780032 
1.2210874774511127 0.9807730942140056 
1.2240941860452088 0.9760927624376651 
1.2277626559719905 0.9708708960192042 
1.2385439034827157 0.9552653892461902 
1.2441241736369086 0.9517570040414678 
1.246600177321961 0.9461093675568105 
1.2552047786017133 0.9298279670191306 
1.2592218008632607 0.9253267569023725 
1.2619438725246348 0.9194563476250072 
1.26571975990755 0.915156820525493 
1.2750727509006687 0.9059878789144098 
1.2886180785014951 0.880229788195884 
1.2924450102511804 0.8754125560413902 
1.2973915720282876 0.8643562109389492 
1.2996279590452773 0.8611121315931969 
1.3032872079502926 0.8549499971825711 
1.3091897130791705 0.8453273996986718 
1.318889233016114 0.8368480975788671 
1.3196909202564582 0.8307024360581068 
1.3249568397016955 0.821551838924711 
1.3339686595999698 0.8071200083295578 
1.3391988583009882 0.8027478155416823 
1.3426230947340112 0.7980463507595192 
1.3492840195970193 0.7887370376801852 
1.3537168131016557 0.7730224693718655 
1.3583016413171158 0.7689229922662166 
1.3583612989293248 0.7644472103540711 
1.3609188291071426 0.759159098830188 
1.3649532770039623 0.7542592926885112 
1.3745436225173464 0.7401279116953169 
1.3750578540597593 0.7352857503674043 
1.383373789001475 0.7271043028129347 
1.38696984878129 0.7229131252334485 
1.387561068371466 0.7125153182007438 
1.4002737059564079 0.7102913082434742 
1.4014130551253388 0.695044753530565 
1.4042696477661316 0.6904770144530445 
1.4054504325809147 0.6805292456158276 
1.4141280235030038 0.672412918838428 
1.415131399367954 0.6632273181227009 
1.4181676441516256 0.6582852400516745 
1.425448570607386 0.6451894680828758 
1.4298598888224774 0.64117490575731 
1.4308134452047594 0.636603018875993 
1.4349460909457847 0.6323716618893763 
1.4384395600064075 0.6284121279384145 
1.441072319485865 0.6242233885117199 
1.4435610230991114 0.6148062178365408 
1.4455697788900506 0.6105200195062437 
1.4469504221532707 0.6053980413537223 
1.4505487033488065 0.6017507218573291 
1.4549508290589586 0.5936731222923195 
1.4566993079422452 0.5850217079854085 
1.4670476455877948 0.5684926032148181 
1.4685661585172403 0.5636290019181832 
1.4714490828952347 0.5565317471577037 
1.4760896329513498 0.5523085126050636 
1.4820572071505769 0.5357372552494579 
1.4861836629426635 0.5276346787060812 
1.492329999803375 0.5157835349527597 
1.4982399192029354 0.5036002418429307 
