0.004613971781056555 0.5003921059501839 0.49885883288638155 0.4016579390754383 0.5989305363858431 0.4003440036280536 0.40094520847495907 0.09990759690529159 0.4011795867454134 0.5006274768170875 0.5993464900972004 0.40096535142650364 0.29954366413483724 0.40075073529087146 0.4986890656140868 0.40061078003862266 0.7042335468703703 0.5015405286918612 0.5010900668733145 0.5015278324555713 0.7012335872831064 0.6001837051204519 0.5992192620094399 0.4996665789928332 0.5990905860914382 0.49994683385514976 0.5005943366604818 0.500579448762147 0.5993969701417358 0.39916801062681534 
0.045691640478246254 0.5003920913027465 0.498859084771114 0.4016668133197468 0.5989305374716285 0.40034411291198185 0.40093886292348857 0.0998956785505981 0.40118209617972544 0.5006274768131449 0.5993477991098304 0.4007795847478288 0.2995443609011847 0.4007507354103755 0.4986893884792126 0.4006108065873031 0.7041347164306586 0.5015656651616094 0.5013539757090556 0.5015278323406577 0.7013201168461041 0.6002281278233591 0.599219029153352 0.49966658202587777 0.5990905864755408 0.4999503346703484 0.5010245324963238 0.5005783722507867 0.5993969754476912 0.39912919456730633 
0.05627348407517731 0.5003929762423457 0.49959232918035273 0.4013300298479125 0.5999934582888686 0.400344616487356 0.4011209987681094 0.09984667665008444 0.4010127887141796 0.5004789081096055 0.5993461879898232 0.4007742648024927 0.30034606756158777 0.4007289367612031 0.49866961639403046 0.4000558825665415 0.7006669132026393 0.5006112004774534 0.4996877931869628 0.5016264486679689 0.800884214868378 0.5993040385205214 0.5991882462485646 0.4997011795589447 0.5990831054992645 0.4999381581931827 0.500567230551008 0.5004972886027641 0.5994526444173149 0.39946002133483893 
0.0605820639360863 0.5003929251151549 0.49959232918035273 0.4013300298479125 0.5999934582888686 0.400344616487356 0.4011211368453306 0.09984667665008444 0.4012254397956571 0.5004789081096055 0.5993461879898232 0.4007742648024927 0.30037642866276915 0.40073020151175054 0.4986693600596302 0.4000558825665415 0.7006727804564683 0.5006112004774534 0.4996877931869628 0.5016264486679689 0.800884214868378 0.5993040385205214 0.5991861251372644 0.49970136232106477 0.5990831054992645 0.4999381581931827 0.500567230551008 0.5004972886027641 0.5994416342023858 0.40025518122273135 
0.06507620395160404 0.5003921225158664 0.4995501752514635 0.39881404072010035 0.6008715010086765 0.40037753375921703 0.4008485917348912 0.09987932897306306 0.401021959170126 0.5007515794800894 0.5994088952588222 0.40077410699923205 0.30064458750837925 0.400732050874705 0.4986691327169172 0.40060765222266004 0.7002216951671971 0.5004923110304298 0.4996835384883491 0.5015525737825511 0.8009338695832694 0.5993223156219488 0.5991813841720762 0.49966576359784204 0.5991007704889584 0.4999942626302198 0.5005647258222639 0.5005400689531905 0.5993291531112618 0.40022531804054323 
0.07047359344852014 0.5003930675986472 0.4995543243634487 0.398902647989892 0.5990262235831787 0.4003567144119607 0.40112402490004173 0.09986480671283207 0.4010481974025903 0.5004210440440101 0.5993462313126349 0.400171655138198 0.2994575847074661 0.40073222861474483 0.4986691327169172 0.4000451385830069 0.7002216951671971 0.5006100716053062 0.49920289084638875 0.5015613342697984 0.800884214868378 0.599280742672481 0.599219375484777 0.49969264223758597 0.5991007986095475 0.4999931395445561 0.5005675715806692 0.5005395977836298 0.5993936962811062 0.4002149461576133 
0.07429921879802814 0.5003930675986472 0.4995543243634487 0.398902647989892 0.5990262235831787 0.4003567144119607 0.40112402490004173 0.09985905148157759 0.4010481974025903 0.5004210440440101 0.5993461879898232 0.40014556148581104 0.30071521683903363 0.40073222861474483 0.4986691327169172 0.40004615921560077 0.7002216951671971 0.5006118607119113 0.49920289084638875 0.5015613342697984 0.800884214868378 0.5992978069112886 0.5991839096862269 0.49969264223758597 0.5991007986095475 0.4999931395445561 0.5005675715806692 0.5005396178800211 0.5992996297070429 0.4002417769084408 
0.09257969337972158 0.5003918421567742 0.4989265924077739 0.4013188859368158 0.598943350204007 0.40047034333169934 0.4011231857718147 0.09985810605550509 0.4010218782933965 0.5006002067955517 0.5993428552710806 0.40012106947011 0.30071533030855097 0.4007428779661935 0.4986677088905967 0.40007536568844837 0.7001903282157134 0.5006106123966685 0.49966386554896913 0.5015185486458841 0.7997032076334817 0.5993227697156521 0.5991748968690023 0.4995939561288014 0.5991007985920136 0.49998912416308533 0.5005661877834623 0.5004971545462988 0.599410073054811 0.4002296056947981 
0.10596119590656719 0.500424396639354 0.498844867189969 0.39904635559334567 0.6007130969792128 0.40018777978756254 0.4005557661169667 0.10092497003114978 0.4011855214246564 0.5005903657675778 0.5992847352511663 0.4008457842337385 0.3010781240304836 0.40074278061198804 0.49866842182477744 0.4000688453651081 0.7011084045158754 0.5005734773041135 0.4996641887169454 0.5001499824607138 0.8009780970804339 0.5993517647292858 0.599945647298171 0.49961700507328 0.5991015093798552 0.49998032350952964 0.500456027390052 0.5004944770902722 0.5994118584413732 0.399258489421563 
0.11049784990636587 0.5003930675986472 0.4995543243634487 0.39867721813861656 0.5989679425919557 0.4003762845006209 0.4008485917348912 0.09987934417644738 0.40102174037479454 0.5007515794800894 0.5994088952662564 0.40077410699923205 0.30065501937930383 0.400732050874705 0.4986691327169172 0.400070964905174 0.7002216951671971 0.5004934789405631 0.4996835384883491 0.5015515378440836 0.800884214868378 0.5993223156219488 0.5991844079251761 0.4995913963472745 0.5991007704889584 0.4999922062083177 0.5005673264073464 0.5005403496829612 0.5993291531112618 0.4002499586601798 
0.11986710004845268 0.5003926007818827 0.4995405393910318 0.3986722387403114 0.5989392934233029 0.40105712053578524 0.400588855684711 0.09992117756342819 0.4009110364342868 0.5007491828503962 0.5994075736198271 0.4001747258153205 0.3003728250864606 0.4007510333522221 0.4986680139245071 0.4001374580451938 0.700672864195846 0.5008859821482948 0.49967353211671084 0.501174637566177 0.8009408584454059 0.599323591970711 0.5991860919236423 0.49961817661426167 0.5991007696924863 0.49998016660637895 0.500565664851925 0.5004962592284354 0.5992667214144634 0.4002747850438301 
0.1377286486490251 0.5003910303127423 0.4989051681151287 0.3990470046761209 0.5989801462778304 0.4003607606709912 0.40111012736498725 0.10097242205416311 0.4010336609844654 0.500628077505814 0.5994039316253524 0.40005601591283035 0.3010781773561798 0.40074230715449455 0.498667644665194 0.4006300698399558 0.7011101230693556 0.5004632430084671 0.49959700136226287 0.5002044347413428 0.8009022971847584 0.599294572305541 0.5990341120409456 0.4996871526444247 0.5991015153987723 0.4999805220259749 0.5006008942782268 0.5004956859589604 0.599351416628543 0.40025837583397567 
0.14260339060095698 0.5003930815667612 0.49901398634836935 0.3990602419617476 0.6007886615201968 0.40035839710024884 0.4011729244083689 0.09990946555194018 0.4010870253687415 0.5005968143661318 0.5992584570466418 0.40012106947011 0.29957095328119254 0.40074262372775477 0.4986669070300862 0.4006307225249285 0.7006674346987251 0.4998889403474409 0.4992212407322646 0.5016141539222859 0.7997183279508184 0.5992729368869092 0.5988801409756865 0.4996890634754543 0.5990850797063683 0.4999934600281128 0.5005760342159639 0.5004949924466272 0.5994138812902463 0.39958583972647976 
0.1673910976742869 0.5003924324805986 0.4996206834881044 0.3987843663341657 0.6008143749083534 0.4011758435108906 0.4005698172772178 0.10109411502145127 0.40104179825636216 0.5005511625896782 0.5995177500908271 0.400871107549948 0.29952464213331265 0.4007422898353624 0.49867273066885437 0.4000559445515599 0.7006655759768428 0.5008836666426353 0.4996486180784756 0.5002134675784301 0.8000578566586042 0.5991237238888265 0.5989712579927278 0.4997032460969399 0.5991001987218818 0.49993933245808325 0.5006336798653995 0.5005399287226683 0.5994113239919077 0.4012002872159008 
0.17278986249568634 0.5003934620132984 0.4995730044555123 0.39878755827218576 0.5988778606322696 0.40119231100116004 0.4005697718438196 0.10023087657251306 0.4009281756936227 0.5005511625896782 0.5992346771499616 0.4002094408374995 0.3009970143104837 0.400693137452344 0.4986726886655052 0.4000459421940324 0.7006655057850597 0.5006716413115281 0.49967786079293447 0.5002055716588374 0.8010415016245876 0.599125572790205 0.5989710555391755 0.49970307679651177 0.59910017392655 0.49994979234578846 0.5005373248741908 0.5004322948441186 0.5994127312975182 0.3994119537957894 
0.19825590884499905 0.5003934946327206 0.49892328613644266 0.40143540346886836 0.5989434990780207 0.40115257310599495 0.40058539947499244 0.10018244578310234 0.4009295146033122 0.5005492766818773 0.5992534941623059 0.40025704219026925 0.29956639066253554 0.40066628611350197 0.49869285485716003 0.4000455274290742 0.7001867519022356 0.5006101274940737 0.4996907566349157 0.5015336636016688 0.7997853968998572 0.5999035522581302 0.5991693486633056 0.49970714481461026 0.5991844646776023 0.5002176306227546 0.5005385406041103 0.5004290225431273 0.599403149282175 0.3992718200985103 
0.2076668692115648 0.5003596157655795 0.49936652349194305 0.40127498591962335 0.6008549510887462 0.400321457474817 0.4008736792116817 0.10016856127814765 0.3986093389154797 0.5007794758532306 0.5992659744400387 0.4001904310157031 0.30114324307075724 0.40071919928768146 0.4986852512329509 0.4006892486254907 0.700117848046826 0.5006237730255217 0.4992612022557637 0.5001300919730801 0.8008507937919093 0.6006898965650511 0.5991802113889547 0.4996920345300918 0.5990908994040937 0.49993357010954603 0.5006627131058156 0.5004094142969798 0.5993008457052409 0.40029181802581176 
0.2121112643625746 0.5003921996207523 0.49943303214004175 0.39923057041459437 0.6007778005641095 0.4001684351872435 0.40081228838554606 0.10018790442324033 0.3986857115678068 0.5005541861937092 0.5992689552262436 0.40026038607320436 0.2994865374030248 0.4006952455173408 0.4986704513882721 0.40006312847370135 0.7001657595762449 0.5006904851731138 0.4996647933577539 0.5001870382392346 0.801163107761802 0.6005728155234088 0.5992550676335079 0.49972637396669567 0.5990827210152085 0.500223709664742 0.500609781339771 0.5004648133543679 0.601771454354955 0.4001418576092915 
0.21773674159800854 0.5003936778386445 0.4989598088621953 0.39885552197977714 0.6007776823020249 0.3999719162843352 0.4005565918521179 0.10023708418413317 0.398685713492586 0.5004711319038004 0.5993462198812918 0.40019755340568164 0.29949824867798885 0.40073701474080997 0.4986859429972972 0.40062177176194147 0.7006049244867164 0.5008867282592591 0.49965335806366884 0.500180518291621 0.801156553739214 0.60061316081823 0.599186060970067 0.4997002884478283 0.5991519154547845 0.5002250743704899 0.5006087099440045 0.5005036606619103 0.5994588899106715 0.39928562331605916 
0.221936679780932 0.5003963154491969 0.49902735093976003 0.3988534690537959 0.5990387006145247 0.4012177356843854 0.40103469171367384 0.10019883473403143 0.4009502983701215 0.5006392284760754 0.5994231743666156 0.40026006292686217 0.3009874798496953 0.4007451041711965 0.49868683952168996 0.40005662847803125 0.7000965353244832 0.5006716061414103 0.49964772860982753 0.5002158211981618 0.8008566054498193 0.5987943485840085 0.5989677057159952 0.4997252076202515 0.5991055106292018 0.49998733668052253 0.5005414514421953 0.5004322326334049 0.5993387392248634 0.40012078018625724 
0.22729912186269774 0.5003962816892952 0.499397852206796 0.39869858450585993 0.6007841141041325 0.4012132598599095 0.4005886448862911 0.10019883473403143 0.3985258410278399 0.5006385506137747 0.5994171694764073 0.40026127681694 0.299487556771408 0.4007449709579288 0.4986876130075657 0.40005662847803125 0.7006659442332931 0.5007001083116507 0.49964667297472193 0.5002158211981618 0.8008557601267187 0.6006751973588295 0.5989706905814594 0.49972511853798507 0.5991001818172198 0.5002135030992396 0.5005401918786466 0.5004323126761897 0.5994122251317323 0.4001460065096973 
0.23248236213899334 0.5003963154491969 0.4990191682026486 0.3988534690537959 0.6007537815475835 0.4012177356843854 0.401063163206908 0.10019883473403143 0.40095022278127995 0.5006392284760754 0.5994235448812669 0.40025999413319263 0.299487556771408 0.4007451041711965 0.4986695743546605 0.40005662847803125 0.7001241147458257 0.5007008538811134 0.49964772860982753 0.5002158211981618 0.8008566054498193 0.5987943485840085 0.5989708074474294 0.4997252076202515 0.5991055359137292 0.49998733668052253 0.5005402245350419 0.5004322326334049 0.5993387008099457 0.40012078018625724 
0.2376653710163535 0.5003959295902854 0.49888286829560646 0.3988532134600884 0.6007902642236606 0.4000506754733834 0.4005665051612912 0.10019852929891143 0.40091611202885763 0.5006379259880014 0.5993472746936288 0.4002148327263225 0.3006950570666904 0.40075012719118464 0.4986936122365373 0.40066772027003456 0.7007479235162317 0.5004606669948716 0.4991997728618121 0.5002159996346919 0.8008566195914545 0.6005030246331056 0.5992315571069864 0.4996958075504508 0.5991054175675229 0.5002168467352428 0.501122251637347 0.5004936926033874 0.5993439740125059 0.3991108407765061 
0.24245082695291956 0.5003865119094081 0.4993388326681206 0.39886204095123146 0.6007728651842841 0.40002408645331833 0.400561355606235 0.10015152567822673 0.398685713492586 0.5004319914654985 0.5994167256472073 0.40026409545413094 0.2994865017803306 0.40073881400467737 0.4986883951846392 0.4006158929897825 0.7001666669412662 0.5007042362832793 0.49923714634294664 0.5002150984399311 0.8011596814167424 0.6006052938955785 0.5991536906119561 0.49972580897603536 0.5991519154547845 0.5002237085383896 0.5005632811452753 0.5004616702573549 0.5994543771202887 0.40140646706634 
0.24695667062705484 0.5003591631803394 0.49934855182763366 0.4013700046308349 0.6000584321019797 0.40033254280700725 0.4005632551147566 0.10020005815442062 0.3984898450798157 0.5005245493425565 0.5992643006488659 0.40010355785647783 0.29935850065716707 0.4007179640396116 0.49823762042446024 0.4005392125600939 0.7000382701508844 0.5006561015205336 0.4996479684001849 0.5001311104931975 0.800798935086426 0.6006136167050027 0.5987007743602129 0.4996920402434484 0.5990848835381605 0.49995224602891064 0.5006770164610641 0.5004094382076643 0.5992935751244163 0.39958556109962756 
0.25270043551434085 0.5003405382797542 0.49939259984225154 0.39885365356441405 0.6008140473728284 0.4003326234663518 0.40083787774848545 0.10013911260915467 0.3985537798602852 0.5005563377648045 0.5993464655247963 0.4001369176672787 0.2995625049348182 0.40068757792414433 0.4986856464736281 0.40053333425660753 0.7007558185760658 0.5006791657383979 0.4992036050710479 0.5001466905265104 0.800869856717373 0.600568587402492 0.5991838020598066 0.49969301557418416 0.5990843880729185 0.49993342342351116 0.5006151266812467 0.5004180239677084 0.5993422028929208 0.3991277635714792 
0.25695399447685224 0.5003922509623802 0.49899130599531755 0.3988624840145167 0.5998464443098428 0.40002316787323067 0.40056032919327944 0.10137171331891322 0.4010629202982869 0.5005174795612553 0.5992264984724979 0.4000523102753118 0.29969180320496125 0.4007404291102822 0.4987067921084908 0.40007509649522505 0.7001825680807942 0.500694645689557 0.49965257001663754 0.5001877519956538 0.8010145100959737 0.6005600659135583 0.6000013929670683 0.4996208235259163 0.5990861361178174 0.5002796387624676 0.501070213976495 0.5004967134964566 0.5989019532416769 0.40139995812069224 
0.26250119231595215 0.5003865366624204 0.49933900315099283 0.40127655735688655 0.6007729051666514 0.3999743677989263 0.4008123181215999 0.10015152414850109 0.3988901407238507 0.5004706517341602 0.5994274319340022 0.40021290765901557 0.299457175466104 0.4006984305540174 0.4986882891036141 0.40010556803655534 0.7006110448908904 0.5006589011485574 0.49922571342834426 0.5001313342725859 0.801027119996549 0.598721953812055 0.5991492205501798 0.49960862646326126 0.5991523926656367 0.4999042224882539 0.500562801726526 0.5005436083517245 0.5992926979282706 0.3992731902522415 
0.2673904318196732 0.500392508731351 0.49891371160829306 0.3987896533304247 0.6008134670072313 0.40006056487167013 0.4010519196549338 0.10015949789967526 0.4009209238279846 0.500428804110612 0.5992905730979252 0.40021464067287005 0.3007535482227686 0.4006975512768854 0.49869018961842976 0.40015417284485605 0.7006228741798676 0.5009381454112778 0.49919999313170815 0.5001313835239708 0.8008598128810709 0.5987264668913406 0.5991812653138426 0.49969011591431267 0.5990878333234564 0.5001893576738845 0.5005600375136042 0.5004948509650119 0.5994829238404337 0.39945555522335724 
0.2716477768667386 0.5003919638836192 0.4993940843608112 0.3988630575329783 0.6007846373124051 0.40035933771675525 0.40056011893132193 0.10144475342163203 0.4014120126117935 0.5005189790231805 0.5993022085380527 0.40007873164491103 0.30121489277593083 0.40069755500796006 0.49871626057585505 0.400145970510451 0.7006665384254409 0.500658900907197 0.49921182848300866 0.5001887539252018 0.8008572423222451 0.6005857051647718 0.5992976704125101 0.49968089483064076 0.5990844156752028 0.5002328508129633 0.5005751582868436 0.500417320269346 0.5992900684126491 0.3991393472676598 
0.2778845672694953 0.5003963154491969 0.499397852206796 0.3988525873516775 0.6007835173347602 0.4012132598599095 0.4005886448862911 0.10023625166678346 0.4008883739448703 0.5006385506137747 0.5994236026640611 0.4001235781017691 0.30077948026392837 0.4007451041711965 0.4986876130075657 0.40015366457756923 0.7007105254930551 0.5006958393845478 0.4992069625924952 0.500213846627341 0.8008627191285155 0.600048775150737 0.5987971821361918 0.49969037468519434 0.5990881053372131 0.5002135030992396 0.5005400701630273 0.5005440009743385 0.5992919551265244 0.39905954610886707 
0.28769692984550943 0.5003736212197587 0.4993594795858428 0.3988560035072749 0.6007966083900546 0.400044921950575 0.4008134650232573 0.10025592847548297 0.3984384266469595 0.500470958637642 0.5993482209337907 0.4001360252548718 0.2995680835259167 0.40068768442939623 0.49869166051157465 0.40008513789450656 0.7007088741271936 0.5006670108006528 0.49921414475184617 0.4998067821807257 0.8009739976577614 0.6000746975802599 0.5988004985684711 0.49964663818800414 0.5990851788628573 0.4999788327950532 0.5005779337088324 0.5005434874860715 0.5992975245153856 0.3992762875645321 
0.3029777786937779 0.5003926495870749 0.4993612638464139 0.3988446315878653 0.5991395144971664 0.40120828175060247 0.40055276314849386 0.10019978497174808 0.4014137278164776 0.5006390201715384 0.5994012558242909 0.40026127681694 0.29947496594459894 0.4006894740169976 0.4987051083588474 0.4001431848255924 0.7008858445351246 0.5006453965979907 0.49964773762658016 0.5002167794658897 0.800859183406914 0.5988615292398991 0.5990410896577404 0.4997139053565236 0.5991042576210269 0.49994971156653983 0.5005498148566845 0.5004270094261728 0.5993448863492318 0.40012078018625724 
0.3081109593208959 0.5003918352919322 0.4990139765479574 0.39885505654348974 0.600796613749088 0.4004387096362668 0.4005567458629777 0.10015981513143478 0.39844557488069915 0.5004707656567524 0.599222590802482 0.40007213991508583 0.2996927078418711 0.400743854054671 0.49869176460746467 0.4000751929408575 0.7001848423807407 0.5006787108371511 0.49922066017003647 0.4998087426503483 0.8008539577982902 0.6000310478304759 0.5987957921357063 0.49964590008391385 0.5990844388901151 0.5002795051223365 0.5005785217511072 0.5005520821912317 0.5993185285608463 0.3992666346404144 
0.3129930656470218 0.5003926867345482 0.49936397273761063 0.3988446315878653 0.6007944744053002 0.4003079688503471 0.401063163206908 0.10134088989224198 0.40123830246176984 0.500791357716371 0.5994235412397805 0.40026238586850854 0.29948830103811735 0.40067350208142977 0.4986706524981947 0.40069429865656875 0.7000722305201499 0.5007008538811134 0.4992630564543457 0.5001889156708014 0.8008463579467718 0.6006314814834673 0.5992428813191957 0.4997139053565236 0.5990907263544158 0.4999384475477289 0.5005497155689747 0.5004094045220799 0.5993431120636892 0.3994691994223557 
0.31714762231186433 0.5003706862226436 0.4993437996552401 0.3987801324306192 0.6007953655243068 0.39996476768146966 0.400838437113773 0.10134820693172321 0.39847644872949295 0.5005004296642587 0.5992629010975137 0.40015424863375904 0.29955604442296263 0.40067001620166337 0.49868370777429094 0.4005352928012727 0.7005954474422055 0.5006560199797376 0.49920368975700335 0.5001732618588959 0.8009939595052755 0.600562159837476 0.5992367710140708 0.49969231615777576 0.599091058188995 0.49998659819949154 0.5005799267530826 0.5005457891677709 0.5993186408384176 0.3994604320050379 
0.3228896134295064 0.5003400578180338 0.499366453785847 0.3991320990448525 0.6003172807329257 0.40032686886202123 0.4008381987471241 0.10151936533744177 0.3985536516197563 0.5005357274593479 0.5993452347752456 0.4001341933027293 0.2995668689133471 0.40068757792414433 0.498685522410022 0.4005272658761185 0.700708204964779 0.5006791657383979 0.49920434894141735 0.5001397243842981 0.8008673115239703 0.600567943439449 0.5992113421720261 0.49969297761499243 0.5990843880729185 0.49993342342351116 0.50061334229635 0.5005502479162587 0.5993001714106045 0.39914476849776914 
0.3325977597895306 0.5003927850990484 0.49947017296507956 0.39883075024940945 0.6008006717363465 0.4012382445172689 0.400552658156936 0.10139412246236905 0.4010655312416397 0.50076020634919 0.5993464842427411 0.40013607935946865 0.29956806766759003 0.4006838648161728 0.4987051407048873 0.4000197768037291 0.7006675618764691 0.5006559609379554 0.49921279036785765 0.5001448232908762 0.8008065018075371 0.6006952121445311 0.5989676441404769 0.4996003618950782 0.59910439047381 0.49994985218255633 0.5006113938809524 0.5005459461237655 0.5993906693433073 0.3995488912835598 
0.3477661164315015 0.5003701063060632 0.4993517111796311 0.3990158569929609 0.6007718470773717 0.4000340128669468 0.4011245588066265 0.10116813148439074 0.40103520887488203 0.5005103247172039 0.5993416616590569 0.4002212552410001 0.29955870586251526 0.4007362388807006 0.4986917635802895 0.40008673159064584 0.7007087488823269 0.5005722405807514 0.49921374922869016 0.501206588610586 0.8007862281932416 0.6006499759079909 0.5988159434278915 0.4996698970652334 0.5991508591005673 0.4999149429285372 0.5005789509706962 0.5004506445357911 0.5993956357570086 0.3992719682881946 
0.3584313978104735 0.500393213852973 0.49931720832866205 0.3988507012130755 0.6008156525918824 0.39996476768146966 0.40085224208611164 0.10144719225806646 0.3985674908567041 0.5004445435157134 0.5992676879276562 0.4001506914467327 0.29955389201889304 0.4006718324285699 0.498686409911703 0.40053487294981555 0.7006768925890409 0.5006790296362397 0.49967549962155516 0.5001736218279844 0.8008186382600481 0.6000568727408818 0.5992803469016666 0.499692004603867 0.5990829875056858 0.4999529077357905 0.5005779588668222 0.5005390464480707 0.5994102812603312 0.3992082882892106 
0.3739804067310435 0.5003945990896288 0.49934157934746054 0.39899119498817687 0.6008156525918824 0.4003296966046187 0.40084655065552144 0.10017631244249775 0.3985379607699083 0.5005011750374132 0.5995115649461366 0.40013419922436827 0.2995560558861557 0.4007253558229209 0.49868350869187766 0.40053682841395827 0.7007556355796163 0.5006913853012234 0.4992146518520057 0.5006273615742948 0.8010264653611844 0.6005621633240478 0.5992355979189247 0.4996927930111925 0.5990841187900263 0.4999917312803626 0.5005798774495429 0.5005457992715174 0.5993186408384176 0.3994641736953018 
0.37878695907640575 0.5003935716872363 0.4994876208548248 0.39900040465910613 0.6008540460425047 0.400378926032766 0.40084400292849703 0.10142309436772942 0.4011771704319278 0.5004538290879841 0.5993554472776599 0.4004010389437467 0.2995736922639373 0.4006890678708105 0.4987066825999184 0.40051872917699605 0.7006711932091161 0.5006496515768561 0.4992139079077693 0.5001428034953038 0.8007831965347786 0.6005593250114875 0.5987917291169976 0.4996033120183684 0.5990805977165565 0.4999863915706843 0.5006263068883485 0.5005433110343872 0.599411941560691 0.39958080512263816 
0.38253403293663385 0.500393005960058 0.49939445080553313 0.39878100609829314 0.6008158301203114 0.40034746058766835 0.40100898329108553 0.1013482911654088 0.39856746821205474 0.5004668729718605 0.599290771315926 0.4000697653075013 0.2995680083071439 0.40068785882796737 0.49869177584866664 0.4005362083204634 0.7007791365382601 0.50067844235339 0.4992036974633242 0.5001692847011744 0.8008977177815154 0.6005587604045767 0.5992101584004954 0.49964854553949756 0.5990917288153754 0.5002381261842818 0.5005793196263647 0.5005394308336286 0.5993200283443303 0.39946726201511196 
0.3872388776111349 0.5003934882672875 0.4988461814367588 0.39876971720194404 0.600833363597971 0.4003329201516714 0.4009455760152861 0.09990848716443207 0.398469990075294 0.5005015075779052 0.5992630791400977 0.4001544555986062 0.29959683109399643 0.4007660991651986 0.4986921461656037 0.4005345585188425 0.7008120281794115 0.49989964815980015 0.4992526042185783 0.5001445287827845 0.8009404138994792 0.6005491898481615 0.5987408621076185 0.49970246242016675 0.599078384852594 0.49998973579806255 0.5005682002721544 0.5005388970916562 0.5993513518400261 0.3996020026674282 
0.4041962053159275 0.5003923988309077 0.49947161719911476 0.3987341663050015 0.6002140762445393 0.4003746402396927 0.40084686006475373 0.10144013916597051 0.40110306806470475 0.5004674743510387 0.5995167228222178 0.4003995406079581 0.2994634488509068 0.4006890462489011 0.49869138578515443 0.40059633453918664 0.7007781481928459 0.500647153695121 0.49921374230435794 0.5001852832235612 0.8008078710354118 0.6004297971098422 0.5987961669122738 0.49982933468309576 0.599091250292975 0.49996031039895267 0.5006261900203617 0.5005392446395233 0.599299810714328 0.3995847555266413 
0.40795833647120133 0.5003935716872363 0.49901422990490085 0.3989950961547279 0.5990858155772543 0.40037492570835304 0.4008512648020711 0.10143985268311928 0.40088854874428886 0.5005106650931104 0.5992627904718619 0.40017391711464123 0.29946411162316117 0.40076039320180973 0.4987152424390092 0.40053453741358275 0.7006717613210757 0.5006510030573762 0.49920999213796274 0.500143743275523 0.798970839732356 0.6005907155199237 0.5987886369418479 0.49982935942263484 0.5991504082128289 0.49998565073788925 0.5006124771391928 0.500538414091455 0.5992989739280785 0.39958913073581903 
0.41257927159362323 0.5003934882672875 0.49903016701856195 0.39899340090792185 0.6007887432612716 0.4003088154644825 0.4010793853265918 0.10144377338004605 0.4009149288667802 0.5005030355505531 0.5992584485649192 0.4001396045943 0.2995541462817343 0.40075957384843613 0.4986936774343913 0.40053518482885664 0.7006745557409622 0.5005558279137642 0.49920903953067486 0.5001441309479083 0.8010287034657887 0.600000896970461 0.5988188029480651 0.4997051078933502 0.599077719307275 0.4999768109192658 0.5005704958901036 0.5005444000289896 0.5994130759047404 0.39958911442373446 
0.41744525417638456 0.5003954015684079 0.49947524359463435 0.39932820092542143 0.5990423048724125 0.40057102051743093 0.40115111619338534 0.10142709076166287 0.40115999836760435 0.500437233318287 0.5992863272328572 0.40021792616537466 0.2996052104592958 0.4006935239861804 0.4987052970194699 0.4005790871416046 0.6039855087666588 0.5006835119198814 0.4992101362594712 0.5001835140439297 0.8008273337137716 0.5991661197924419 0.5991507085214152 0.4998161173651875 0.5991531803532849 0.49998661981893694 0.5006133212209333 0.5005433017411665 0.5993005470444968 0.39911745070837396 
0.4221168890759008 0.5003986084325331 0.4994882878349915 0.3987780700705469 0.6009184561815125 0.4003683556115596 0.40101406417458824 0.10141374175182828 0.40127756237764595 0.5004987443433733 0.5993585608399856 0.40014731528555014 0.29947129065647815 0.4006891250523204 0.49868251209464187 0.4005241836254736 0.7006447881357949 0.5006703802146889 0.499214628566485 0.5001871395129123 0.800787607685085 0.6005652962857009 0.59878776201187 0.49959286243592005 0.5991539518370029 0.4999541260728568 0.5005789198015606 0.5005386748178385 0.5994122342303069 0.3995807038095284 
0.4282707585833341 0.5005894272266165 0.49940843519274425 0.39870116952742646 0.6002140762445393 0.4003232367000176 0.4008498628869427 0.10142877510115843 0.40110366771045786 0.500468351071255 0.5993718606659334 0.40015062391722644 0.2994625409405928 0.4006978110524309 0.49869138578515443 0.39994410905595684 0.7007781481928459 0.5004882417478059 0.4991960260938759 0.5001852763514476 0.8008072032223119 0.6004305034455317 0.5987961669122738 0.49960148446896874 0.5990912393580088 0.49996031039895267 0.5005776120017866 0.5005390832567093 0.599300739056994 0.3994637592520357 
0.4321525978724998 0.5003935716872363 0.4994711430404502 0.3987360334111428 0.5989388819510694 0.4003747221994314 0.40084690753475316 0.10143989863224619 0.401227191136302 0.5005110828461021 0.5995191112808711 0.4001544332934393 0.29959671578350294 0.4006890759640156 0.4987147246762262 0.4005780487860971 0.7006652403065509 0.5006510141717757 0.49921374368731536 0.5001838694941387 0.8008182596258862 0.6005607704728059 0.5987873464175645 0.49982881116290645 0.5991520556490328 0.49998653465157034 0.5006135049012885 0.5005389507666502 0.5993004993522111 0.39958496446852393 
0.43706982268936945 0.5003980935509944 0.49948121239916893 0.39902677762217104 0.6010386960628187 0.40031462147160557 0.4008471783736356 0.1014266709770528 0.4011272210932669 0.5004535931827186 0.5993563304414093 0.40040528645852974 0.29942629059583137 0.40068855538995274 0.4986736799596709 0.4005321701239891 0.7006658470268042 0.5006789581181782 0.49919456705374626 0.5001437232055232 0.798760595106425 0.600603080928048 0.5987841368883793 0.4996900517080078 0.5990777925423041 0.4999768442367428 0.5006264968342431 0.5005464682838583 0.5994446468029135 0.39960567910254524 
0.442717982447365 0.5005897221549067 0.4996196523226293 0.4014835242964393 0.6008993017453839 0.4005056816911341 0.4010089696021848 0.1010438910930292 0.40112354727873983 0.5005271447174724 0.599416554469872 0.40014696951802864 0.2996025744063505 0.40072766792472886 0.4986826059931769 0.400018531075587 0.7006309362803401 0.5006401403007976 0.4997748517315041 0.500185276260979 0.8007961960210797 0.6004398294140612 0.5987942091413103 0.4996920556959415 0.5990831182249252 0.4999526293946261 0.5005769746782391 0.5005339298855392 0.5994120787321146 0.39912823796384717 
0.45716198268763353 0.5003943108674164 0.4990144557097132 0.40149808250207203 0.600835817892333 0.4003797420252653 0.4005574786913573 0.10103540034746787 0.40110765921165503 0.5005247437947767 0.5993481794304057 0.40015530364221663 0.29947705245632017 0.40072712735085736 0.49870700276107127 0.4005607162871316 0.7006738840010807 0.5006492824813282 0.4997829953102804 0.49980848561717334 0.8007961988877917 0.6004411125135948 0.5987958190630995 0.4996489212075847 0.5990831107407144 0.5002948270804131 0.5005683826438038 0.5005497161150134 0.5994121440556424 0.39946707272634596 
0.4663066909230149 0.5005897221549067 0.4996196523226293 0.4014835242964393 0.6008993017453839 0.4005056816911341 0.4010089696021848 0.10104596606265381 0.40112354727873983 0.5005271447174724 0.5994160412802988 0.40014496576458447 0.29960259729510236 0.4007275588693146 0.4986723080772862 0.40001868863776174 0.7006309362803401 0.5006401403007976 0.4997860083223399 0.500185276260979 0.8007961960210797 0.6004398294140612 0.5987942091413103 0.4996920556959415 0.5990831182249252 0.49995263233132575 0.5005782871833654 0.5005339298855392 0.5994120787321146 0.39912823796384717 
0.4757520326600293 0.5003954315697231 0.49976039151559043 0.39892180036021 0.6002043033417997 0.40004583770988705 0.40085458162845894 0.10142686962988194 0.40115780782723776 0.5005015514128592 0.5993563381213162 0.4004245165962729 0.2996052150294857 0.4006935239861804 0.49867316391528077 0.40053561051712117 0.7012259850848881 0.5004810022180042 0.4992033917375795 0.5001347444540615 0.7987491829025379 0.6006242184559604 0.5990514344985085 0.4996898227963035 0.5990780730383435 0.49994101908228633 0.500626481585982 0.5005430251380146 0.5994445814773184 0.39943514047902284 
0.49474670442583907 0.5003683178007674 0.499425183000185 0.39870125913596205 0.6008993657916301 0.4000120531194318 0.4008483538566594 0.10111298435401032 0.401127337874423 0.500475720539208 0.5995229131129742 0.4002171000070011 0.29963140669230265 0.4006891046383191 0.4986718709626645 0.4000786903921635 0.7008244725485496 0.5004760944016674 0.4992186102498376 0.5001844660056662 0.8010289535836298 0.6000652867964343 0.5991637463735624 0.4997107046564547 0.599101875877791 0.49999032323692305 0.5011554283716245 0.5005433275583308 0.5994103594466766 0.39958592714386204 
0.4989506646149208 0.5003715012634522 0.4994788656739215 0.39869773053499896 0.6008994106487826 0.400351187720081 0.4009663467735733 0.1014133859393817 0.4011312287193986 0.5004970870248289 0.5992508776293938 0.4002122419949527 0.2996049254385182 0.4006899099405499 0.49868491015546734 0.40001595891613073 0.7006592967338594 0.5006613784722722 0.4992125945950362 0.5001306978946737 0.7989124898445543 0.6006517264748608 0.5993125564617813 0.4996592558453016 0.5990833133650852 0.4999901335517244 0.5011147523454621 0.5005366637181121 0.5994476236181749 0.39957953063570767 
0.5038258775067191 0.5003711193968094 0.49887846017750553 0.39925637090663474 0.6009016604899274 0.4003444558233951 0.4010979880731734 0.10110800304032051 0.39905593862325894 0.5004784519506796 0.5992507489712462 0.4000521208329369 0.2995691653001665 0.4006886508417121 0.4986892009991081 0.40004304154052345 0.7006224853764348 0.50081271602587 0.49966018306126064 0.5001306983884767 0.8009726019115138 0.6004458056659902 0.5993073967641224 0.4996909077878409 0.5990777391897887 0.499609997918551 0.501114514181519 0.5005369190970792 0.5994121251880021 0.39957936539746963 
0.5085751260885178 0.5003991115945149 0.4995993818698117 0.39869773239557765 0.6007976430768983 0.4004904364061994 0.4007720260636847 0.10141404343484477 0.401129290018474 0.5004894826711727 0.5993148434640373 0.4001416664397603 0.299562922076084 0.4006899085368809 0.49867372884960287 0.40001638585218036 0.7005874487421534 0.5007285306419238 0.49922030523651906 0.5001547394939249 0.8006012568173894 0.6005633474871328 0.5993347026149748 0.4996801130063386 0.5990853566814843 0.4999895625865968 0.5011151675402996 0.500540797018236 0.599442264396037 0.3994170237015234 
0.5131637471908047 0.5003706470660158 0.4994704691576558 0.39874428961563796 0.6009008655318657 0.4003517275399753 0.40083068283204415 0.10111659324237408 0.401214127763303 0.5004788057206094 0.5995123671998378 0.4002167784538455 0.29963140669230265 0.4007281294724179 0.4987147707909925 0.40002000667010257 0.700822832536574 0.49974956026045925 0.49918980489375087 0.5006210790460538 0.7987206191815929 0.6005599971253888 0.5993767474396638 0.4996880165669594 0.5991022666374709 0.49999141567140387 0.5011229058329089 0.5005462445370146 0.5994103594466766 0.3995525968895574 
0.5221492497270955 0.5003985910120312 0.4996009457222026 0.399297129107789 0.6008125369735202 0.4001719941380729 0.4009891840249345 0.09998738241550226 0.4013413511492051 0.5005192907275301 0.5992488227212714 0.4001259882987473 0.2996031604242707 0.3981759260835367 0.49867379690482866 0.4000208935579524 0.7008479785383024 0.5007156995299564 0.4992558963374267 0.5001427635515495 0.8007501039869604 0.600518800135671 0.5999092231886315 0.4996803532860625 0.5990826755494317 0.5002294830564423 0.5004717429412004 0.5005451156251267 0.5994468205098723 0.39941709745269616 
0.5266675386357825 0.5003923013302977 0.4994381032960224 0.3987660677781586 0.600783183841974 0.40052495327142545 0.40082707587222444 0.10107991780089219 0.40115551377655473 0.5004933320389863 0.5994161695515289 0.4000516672492593 0.2995638034579655 0.4007275227848318 0.4987164977417831 0.40001593314801825 0.7008739745357899 0.49978660337312564 0.4992116576054191 0.5002584160514055 0.8007888287182684 0.6004535215290657 0.5992944454446565 0.4996908067389306 0.5990841960665945 0.49994137522219445 0.5011127756053091 0.5005339412823789 0.5994069306951462 0.3991320510480045 
0.5312081644842029 0.5003939313749347 0.4994909336377303 0.3987034516263167 0.6009009465315651 0.4003318818373525 0.40099014713655556 0.10145171062196921 0.40122785320402526 0.500498562579363 0.5992508898609752 0.4001260592663595 0.2996034420854422 0.4006890834217686 0.4986839384752979 0.4006902924294734 0.7006656223427891 0.5006495622441952 0.49925794028425996 0.5001448501131909 0.7988529079915662 0.6005929946786308 0.5999871021030924 0.4996574767144958 0.5990830848052258 0.49999105241303776 0.5004700987015277 0.5005451521849538 0.599446963102116 0.39958493730891226 
0.5403582532313944 0.5003985910120312 0.5002362474688304 0.39932754705888346 0.6008125369735202 0.40015585224420863 0.4009891840249345 0.10005586787955308 0.4013413511492051 0.5004953154850044 0.5992503243143567 0.40012898212494113 0.2995909450093201 0.3982198333095506 0.4986906817131672 0.40070533320825896 0.7008608906933954 0.49979492011263227 0.4992547267717085 0.5001427635515495 0.8007506092195249 0.6005154836361318 0.5999180981947618 0.4995830945047994 0.599084056582169 0.5002294830564423 0.5004667898357262 0.5005411074100391 0.5994424607825639 0.3994602628600982 
0.5446811503545674 0.5003935561630531 0.49960092804118145 0.39869622788260095 0.6008993559500219 0.4001558514421236 0.4008052302675915 0.10142675773813965 0.40112566702797287 0.5005997685334023 0.5992806398025259 0.40012518793637497 0.299533125980014 0.4006988924149704 0.49867180227951663 0.40049715180616174 0.7006438913426352 0.5006602893034685 0.4991844852849721 0.5001417898469799 0.8009195331222513 0.6004430548788614 0.5991728922187529 0.49966936618850255 0.5990832393906877 0.4999384760195574 0.5004562185029576 0.5005435291136353 0.5994460787617373 0.3994603162142239 
0.5492746377687274 0.500405898093941 0.4996098989955341 0.3990588146239305 0.6009081994267931 0.4004881269337406 0.40108008116845434 0.1010684725132653 0.4011708914057426 0.5004749453450927 0.5992981784997059 0.40021855292377617 0.2995661776903078 0.4007571690981167 0.498688076572844 0.4006379002189356 0.7008285047954351 0.4998655687949387 0.499215714332257 0.500164203488286 0.8005986311074118 0.6004426199725684 0.5991803301183244 0.49971206587038774 0.5990841216161502 0.4999465663494193 0.5010880317793269 0.5005408051618881 0.5994470721594432 0.3991152304804743 
0.5534836571385459 0.5003682827427703 0.4993168457399714 0.39901955034396036 0.6008940810926099 0.40049435387762133 0.40084863393018655 0.1010684725132653 0.4012676699065887 0.500475875277741 0.599296970102193 0.40021746246406636 0.2995651643313776 0.4007569330645463 0.49867140542951305 0.40065885883352986 0.7008161812163191 0.5006530941308996 0.4992186889274575 0.500164203488286 0.8007906927463098 0.6005818728983554 0.5991806835806726 0.4996979391607462 0.599100577109395 0.49999102780140614 0.5004821352587773 0.5005408181552995 0.5994470083077382 0.3991152304804743 
0.5665174638144018 0.5004029138794589 0.49884252154572767 0.39925637090663474 0.6008119738523541 0.4004662845114941 0.40073308624636456 0.10110800304032051 0.4011707038716455 0.5004784519506796 0.5992649633221345 0.4000521208329369 0.2995691653001665 0.4006886508417121 0.4986892009991081 0.400047481069957 0.7006283715038512 0.50081271602587 0.499675903658527 0.5001369624894799 0.8009726019115138 0.6004475936295071 0.5991228857549388 0.4996909077878409 0.599100665497196 0.4996056870835492 0.5010250748240327 0.5005409306030864 0.5994097099758187 0.3992757865619552 
0.5712923811093911 0.5004029018673394 0.49934557022702347 0.3987393111957478 0.6007840588138776 0.40052518883658184 0.40073373916895383 0.10101381814045654 0.40122245939118556 0.5004812337602312 0.5992521911624136 0.4001251247055719 0.2995292977453723 0.40073476232516636 0.49871640654350863 0.4006637999207805 0.70064469246739 0.4997968225603252 0.499254487043233 0.5001639599454707 0.8005967754584614 0.6005107511093111 0.5991463287591747 0.49959448639252335 0.5990841154078478 0.5002234114655143 0.5010088273277576 0.5005409265030386 0.5994347213368287 0.3991229453866324 
0.5839972594479882 0.5003990233435768 0.4995927839282411 0.39868379369217566 0.6008993471004437 0.40053547812633566 0.4007877690198204 0.10139406805292882 0.40112742431614357 0.5006033598509598 0.5994210226197705 0.4001252072632949 0.299563687950284 0.40068917632907813 0.49868885569060345 0.4000157179460592 0.7008705961893481 0.5006602893010954 0.499212767004181 0.5001468927419519 0.800796625623817 0.6005823303355436 0.5991711780526148 0.49958475966405164 0.5990831724491323 0.4999396950041642 0.5004710561937246 0.5005442506937239 0.59940689388625 0.3994630377885017 
0.5884473034359315 0.5004259062131081 0.49884252154572767 0.39887581789351184 0.6008120917989095 0.4009693067101724 0.40073308605578273 0.1011454160790509 0.40116394944896067 0.5004737925443156 0.5993005044735152 0.4000525276063382 0.2995353954541656 0.4007356682007898 0.4986893616635233 0.40003203981901986 0.7006416621116461 0.4997948521720048 0.4992508261977671 0.5001838661522215 0.8006210642879018 0.600575830762085 0.5992096581604631 0.4996893036735746 0.5991014193122828 0.4995913661473762 0.5005575678654239 0.5005388465392285 0.5994075745053353 0.39927352063034577 
0.6050983550148782 0.500398529386589 0.4989798074602125 0.39926595100085066 0.600811969668785 0.40098156818156877 0.4010820787406739 0.10114661163548246 0.4011629376827758 0.5004105847249145 0.5992460120220584 0.40005251256988655 0.29957044219751244 0.4007123286419886 0.4986893436460366 0.4004815995833785 0.7006397987012677 0.49979473318106554 0.4996612681857326 0.5001855253163515 0.8005976073631313 0.6005811556522465 0.5992317524914497 0.4996893044895552 0.5990840153141809 0.4995401410289581 0.5011162893997604 0.5005380779594507 0.5994097078028863 0.399276528460694 
0.6177465454619937 0.5004245984951365 0.4988659099822207 0.39924713143521945 0.6008130111602314 0.4005267942856439 0.40108924580860816 0.10110468049159561 0.40111364957216283 0.5004492489534537 0.5992522094880909 0.4000459383849305 0.2995670118818048 0.4007354253190836 0.49868431876442176 0.40066361496461156 0.7006415140115094 0.49981700374548615 0.4992110351859603 0.5001827712732655 0.8009423609710836 0.5993070245142578 0.6000383748043056 0.4996869879363662 0.5990839952049895 0.5002321806861622 0.5010096103500888 0.5005397508578361 0.5994346345852828 0.39925527029863955 
0.6496842943857006 0.5003935924985744 0.4989502975931402 0.3991164384163383 0.5988938908681958 0.4005164963431218 0.40113864453297887 0.10106443930982895 0.4011774125499013 0.5007407303507548 0.5992857654699805 0.4001197097772507 0.2995541368280467 0.40069590581014786 0.49868988999211267 0.4005554338321091 0.7006030372778209 0.5005196109067483 0.4992188310793069 0.5001734205941006 0.7993819099191841 0.6007439778015874 0.6000613680470955 0.49962276566724795 0.5990908280554063 0.5002235699639173 0.5011393807545702 0.50041049483373 0.599438286106763 0.399116857364412 
0.6535086298605731 0.5003986343921929 0.49941100790582227 0.3988550918361113 0.6008088371893279 0.4003607862046919 0.4009297469048522 0.10110843711066189 0.40107446877825176 0.5004670135073866 0.5992327357027889 0.40011413166548276 0.29947524464684233 0.4007168304934047 0.4986882129773554 0.40048276177266595 0.7007563179944263 0.5006180962109635 0.4991812527193635 0.5001933651926809 0.8008138157216407 0.6005083944405923 0.6000653560327698 0.4996178798289578 0.5991013456140468 0.5002394334608977 0.5011178346040635 0.500538878336897 0.5994609892685441 0.3992353134443063 
0.6614952473225674 0.5003987979255358 0.4989473851720977 0.39930613453091035 0.5989278321380869 0.40050641063949816 0.40108046927458785 0.10119617201311971 0.4011618650296473 0.5004791225523476 0.5995484870544089 0.4001214016157954 0.2994756057765713 0.400695721144801 0.4986874596446667 0.40011927843102313 0.7005933788281784 0.5005186493876296 0.49921198638423403 0.5001736656039321 0.8008753308772699 0.6006028614497512 0.6000089696476406 0.49962313661200947 0.5990903658674029 0.5002187090745523 0.5011512679946453 0.5005475023958266 0.5994331308250154 0.3994645696518978 
0.6652356599921796 0.5003936517533063 0.4989502975931402 0.3991164384163383 0.5989436327008093 0.4004997587080913 0.40113864453297887 0.10106556003204131 0.4011774125499013 0.50074584971695 0.5992848728410464 0.4001197097772507 0.2995535209214202 0.40069247650245043 0.4986903294077056 0.4005554338321091 0.7006030367219137 0.5005196109067483 0.49921181102375156 0.5001734277389244 0.7993752835492595 0.6007439778015874 0.6000613680470955 0.49962276566724795 0.5990905966881468 0.5002291846795329 0.5011393807545702 0.50041049483373 0.599438286106763 0.3994626511564802 
0.6685527387811052 0.5003937000767303 0.4989502975931402 0.3991164384163383 0.600811549075265 0.4004997587080913 0.4011508267562987 0.10106556003204131 0.4010284510964004 0.50074584971695 0.5994991473757522 0.4001161644792793 0.2995532656295715 0.40069247650245043 0.49869027894210727 0.4005554338321091 0.7006028313581365 0.5004989234750846 0.49921124995946964 0.5001734277389244 0.8008747108619644 0.6005315487318801 0.6000612466358733 0.4996857194583587 0.5990830198382517 0.500235255281788 0.5011303372183665 0.50041049483373 0.599438286106763 0.39929167314941316 
0.6729239049189752 0.5003938499372462 0.4994151685204107 0.39885587839693637 0.6008406152455134 0.4003424249298377 0.4010866660607347 0.10107299258677409 0.40107446877825176 0.5004669985986852 0.5994067502596626 0.40017348518072204 0.29947524464684233 0.4007261301848768 0.49868829665436837 0.40048276177266595 0.7002345458486522 0.5008166224624317 0.49919964461681154 0.5002576335720842 0.8008157635840918 0.6005083944405923 0.5993541022140751 0.49969123999499193 0.5990840723261873 0.5002356537147027 0.5011143857618741 0.5005274386242615 0.5994609892685441 0.3991619063735832 
0.6841289532872923 0.5003983813407097 0.49867534721076856 0.39927799332935854 0.6006543465768532 0.40120510534426423 0.40108219655314364 0.10109362516266426 0.3991695614396701 0.5022745649176391 0.5993061956525284 0.4001068045828456 0.2995757717839522 0.4009447267117018 0.4986730443417149 0.40069988882349217 0.5978432721343118 0.498221991254423 0.4992160790225179 0.5014030621965532 0.8010024046276984 0.6006967876135229 0.6000226942876137 0.49964453978845547 0.5990842162326757 0.5002285289167404 0.5010076685358114 0.5005287040707285 0.5993771351446382 0.39959712480772586 
0.7032333249044459 0.5003972921625514 0.49897384013820006 0.3989319393453312 0.6006695114833178 0.4003253206439488 0.4010463683505606 0.10143803395022796 0.4008984936449551 0.5006349413887587 0.5992766496880826 0.4001315641781765 0.2994552648820718 0.40069099713417494 0.49870778504487034 0.4005864654607053 0.7005997856295679 0.4999257737662187 0.4992205055048448 0.5002035585008564 0.8008750243783409 0.6005735595208018 0.5991544272120904 0.49969423509076005 0.5990830010900328 0.5002259566513497 0.5005916671146868 0.5005405841248689 0.5993909441564942 0.3994779324464249 
0.706407276248121 0.5003547986211784 0.4989388714184029 0.39927807781371566 0.6007358128810313 0.4004621999785247 0.401145796403738 0.10110071198182327 0.40100427312144954 0.500736997740468 0.6004605881668877 0.4000953508153982 0.29955308683100296 0.4006921580778606 0.49816809327116385 0.4000878929392985 0.7005861236268852 0.4999925165389431 0.49960650613534385 0.5001835107212284 0.8008258412959862 0.6005774592419496 0.6000607351181385 0.49969247206426054 0.5990828295716614 0.50022911519071 0.5011395679853252 0.5004104168454069 0.5994384399205677 0.39945382434405674 
0.7100898566047222 0.5003542281861616 0.49894167311229226 0.3991078014426475 0.5999288734794807 0.40029652382804637 0.4008132472485446 0.1009412403239755 0.39865818152881827 0.5005095379915578 0.600597473217677 0.40012084387124447 0.29956309538428727 0.400682870472415 0.4986835549368151 0.4001657435999521 0.7008158287936546 0.49999327617814204 0.49921190797193726 0.5001979959417798 0.8008647105726862 0.5986503540862398 0.5998687405215242 0.4996906786660583 0.5990829325755029 0.4999563782527709 0.5011180708472618 0.5005131022384024 0.5994380635338883 0.3995883107279908 
0.7136279757553611 0.5003915272916 0.49969057210798035 0.39927837173992875 0.6007590266097157 0.4012066491014643 0.4011013970804833 0.10094806727940253 0.3990486474089432 0.5008286895231476 0.5996179314408235 0.40017255225071974 0.29946800373830423 0.4007143112263124 0.4982100059028282 0.40070015981721124 0.5961959782771582 0.4998994628816542 0.4992056672538619 0.5001833318434791 0.8008856972656981 0.6005898251053556 0.5991177390747161 0.49970511145100416 0.5990829335311829 0.5002073527075734 0.5011224625514153 0.5004296636106738 0.5993776109406249 0.3994799539338026 
0.7170308691858733 0.5003936859835656 0.4988552627978373 0.3991064230134845 0.6000354249550933 0.4005218259019285 0.4010920926685973 0.10111817988675985 0.39890877740189223 0.5006089924432949 0.5992960390618373 0.4000584452880106 0.29945374105851497 0.4007102402905347 0.4986907799131976 0.4000777124593067 0.7006127182344507 0.5005628970912452 0.49920700595626155 0.5001983787423678 0.800874281384559 0.5993647059112039 0.5992722790610161 0.4999127779476992 0.599082934538014 0.5002515109442042 0.5011165680602537 0.5005426437695507 0.5994396964555134 0.3994403873562506 
0.7207843311728354 0.5003876525967096 0.49963529927809663 0.3991161371672757 0.6007975475672498 0.4005096291020921 0.40107211658418024 0.10094747196289831 0.39906083497786243 0.5008163158046482 0.5994362704044143 0.4001217750504325 0.29947148221787023 0.40071270609439197 0.49870035354165054 0.39901581209528253 0.7006039225580014 0.5008032570107463 0.4992116584045898 0.5001726956894914 0.8008270184278732 0.6005907591770103 0.6000748551999973 0.499704895107365 0.5990829335047531 0.5002282866822976 0.501122735564089 0.5005394878772427 0.5993789632216752 0.3994776673710284 
0.7239286840365919 0.5003864611923856 0.4989894918860275 0.3990731965269456 0.6008512321129028 0.4003823832521828 0.40108618569335985 0.10036857018134604 0.40147580577386016 0.5004989925178528 0.6002959083664311 0.4000948425576474 0.2995633620991802 0.4007103300564928 0.4987116128490948 0.4001587997845404 0.7008103939448903 0.4998963287819465 0.4991987862006108 0.49983752383834495 0.8008684887428821 0.5993516498008153 0.5992069717148878 0.4996928340120078 0.5990828759351768 0.5002221763308439 0.5011405032113126 0.5004100513014789 0.5994217721635124 0.3994582007991099 
0.7275551962957862 0.5003926779049825 0.4989894918860275 0.39907484869956006 0.6008604049193736 0.40038231759548776 0.4010913917856821 0.10038538712165788 0.4011511505523752 0.5005095938513845 0.6003196957486213 0.40012858254519484 0.2995633620991802 0.4007103300564928 0.4987113752207569 0.4001587997845404 0.7008105296610057 0.5009042335475564 0.4991987862006108 0.49984152322981895 0.8008684887428821 0.5993431909710031 0.5992069717148878 0.4996928340120078 0.5990828400655379 0.5002221763308439 0.5011225020311967 0.5004069253239017 0.599421505546744 0.3994582007991099 
0.7382562393287285 0.5003912555476212 0.4989442320142104 0.4011799413587539 0.6006704025856067 0.4004968558492404 0.40103310849116863 0.10090344494086116 0.40090718474086756 0.5006315030843652 0.599303847991666 0.4001041414659689 0.29956848984226997 0.4006938018793613 0.498690828020845 0.4000798432345931 0.700598662683291 0.501713444581834 0.4996302041016081 0.5001886295417903 0.800875287286679 0.600563386036514 0.5999886324342254 0.499693123629674 0.5990827492832473 0.49996873462550945 0.5005833448622315 0.5005445366018934 0.5994383026995723 0.4001163550776808 
0.7419207581788142 0.500391870806897 0.49901355159827043 0.3989630144962246 0.6006671728240798 0.4003792978628917 0.40114991721762144 0.10038552322049218 0.40133394839982744 0.5005006117300098 0.5996054774126118 0.40009404679790234 0.29955358387561426 0.4007446636780493 0.49816881986333084 0.40015892297800904 0.7006722453229444 0.500899393949206 0.49961200490826674 0.4998369134176301 0.800937686350959 0.6006193426122745 0.5992017452003285 0.4996929436938786 0.5990846043921918 0.5002288219580957 0.5010134198609155 0.5003813034304079 0.5994556350225504 0.40012324427570317 
0.7451870581423301 0.5003989905634361 0.49893328905708306 0.3989876542680339 0.6005884133242396 0.400528232769906 0.4010330706123918 0.10021108637262413 0.40121549776261406 0.5006080398241101 0.5992613522242622 0.40008047994969315 0.2994533248385164 0.40068811215456385 0.4987071699894903 0.40057679270231905 0.7005812825913276 0.5007870882739731 0.49920807236002684 0.5001988551238189 0.8010135036708493 0.6005998808643309 0.5991520234307692 0.4996099866761779 0.5990830493808859 0.5002730508261884 0.5011223545638207 0.5005466320729742 0.599447915122812 0.4003170666087038 
0.7551401561509307 0.5003920663799153 0.49893440630072305 0.3992122385478206 0.6000395951744268 0.40047987175911764 0.40109203066420185 0.10098894270211568 0.40123586166568287 0.5006085252711725 0.5994481664641343 0.40012742512671556 0.2994542311679572 0.4006870619128079 0.4986849303239565 0.4005872265133711 0.7007946995057318 0.4999105788593846 0.49920731954763403 0.5001981468302492 0.8008232327210719 0.6006108772420956 0.5991682957869643 0.49969241330260405 0.5990828937667164 0.5002517285325975 0.5011165724779278 0.5005466947523225 0.5994173339812493 0.3994394699867334 
0.7585289205897846 0.5003971168041998 0.49893328905708306 0.3989876542680339 0.59998923126445 0.400528232769906 0.4010330706123918 0.10021116517621823 0.40121549776261406 0.5006080398241101 0.5992620689833549 0.40008047994969315 0.2994533248385164 0.40068811215456385 0.4987071699894903 0.4005825916523205 0.7005812825913276 0.5007870882739731 0.49920807236002684 0.5001886417762273 0.8010135036708493 0.6005998808643309 0.5991799393946753 0.4996099866761779 0.5990797333731236 0.5002768324995035 0.5011224095661397 0.5005471363550025 0.5993733926003122 0.4003119449041931 
0.7619380035879844 0.5003564824595421 0.49893460212357243 0.40116993120643996 0.6006698934417957 0.4004840783735355 0.4008010388394309 0.1001455858591694 0.40129008103294217 0.5006090067649754 0.5994475370099343 0.4001333951462549 0.2994687559961057 0.4006932268471422 0.4981704293336596 0.4005690951820004 0.7005905260007237 0.4999527308296583 0.49920733174007886 0.5001982196347334 0.8008231247326556 0.6005730407749312 0.5991680555067501 0.499692371271625 0.5990846131318874 0.5002126510993214 0.5005905643753518 0.500544578530527 0.5994144205367141 0.40019177593341054 
0.7651335658269672 0.5003693463575936 0.4989357730680677 0.39895778557633876 0.6007818698517473 0.4003872116514488 0.4010428863088287 0.10148739255519847 0.40092917084291874 0.5006292891711763 0.5994179968770942 0.4001279723900993 0.2994707428834321 0.400665398922255 0.4987103571458559 0.40010546253028506 0.7008261605179678 0.49992039217464856 0.49920866171661077 0.5001450596267547 0.8008931363990953 0.6005734981297998 0.5991492834284184 0.499692868206524 0.599082755387277 0.5002279399401468 0.500588495060297 0.5005444531103981 0.5993910365909614 0.3994823545122913 
0.772432659116489 0.5003910588799036 0.4989894918860275 0.39880222613246885 0.6008512321129028 0.4003823832521828 0.40108618569335985 0.10105385757177031 0.40147580577386016 0.5005161905887361 0.6002959083664311 0.4000948425576474 0.29956379137003775 0.4007103300564928 0.498716871770979 0.4001535656653484 0.7008061252640768 0.5008468231498244 0.4991987862006108 0.5001891346690291 0.8008684887428821 0.5992382763653309 0.5991577197785345 0.4996928340120078 0.5990828759351768 0.49991857407677687 0.5005972332603456 0.5004100513014789 0.5994217721635124 0.3994563520351881 
0.7877842561180856 0.5003910677358135 0.49897154320985426 0.39880380825011075 0.6008512321129028 0.40033354252126624 0.40108849432964055 0.10022174373205767 0.40145913394693117 0.5006372434896896 0.5994720829357703 0.4000633108754798 0.29947665583358696 0.40071046172991265 0.4987166866748595 0.40059805604778803 0.7008029544949029 0.49986082304616225 0.49920050571771124 0.5001883362493204 0.8009071151632978 0.6005538168749505 0.5991577197785345 0.49969283300841694 0.599082871842583 0.49991857407677687 0.5005840211360715 0.5004034199741637 0.5994217721635124 0.3994563520351881 
0.7911361098698271 0.5003971168041998 0.499020712204389 0.3989330941660315 0.59998923126445 0.4005288222323459 0.40109317565424074 0.10020474074258495 0.40123586166568287 0.5006084056396233 0.6006618813899045 0.40004991975011966 0.2994533248385164 0.40074218523827243 0.4986850882350453 0.4005808848972009 0.700584230955173 0.5008463576437139 0.49920761122496643 0.5001982182030087 0.8009927021650948 0.6005733519559416 0.5991799393946753 0.4996929499153696 0.5990798635239262 0.5002132407242621 0.5011224095661397 0.5006579392090126 0.5993574477239937 0.4001969113159145 
0.79731852722812 0.5003937223237727 0.49897103512562924 0.3989882950634607 0.60085131434906 0.4003823832521828 0.4009737007478512 0.10106062259363637 0.401170497132615 0.5005012831535534 0.6002860986107708 0.4002070949733898 0.2997154065122037 0.4006886531716727 0.4987181236292749 0.40062053735278125 0.7008061252640768 0.5008188323317343 0.4991987862006108 0.5001827332328131 0.8009039650573949 0.6005739447208562 0.5991528808706676 0.49962292285134885 0.5990828759712923 0.49991857407677687 0.5006066576356232 0.5004059488341742 0.599462744646546 0.3994563520351881 
0.7994290390214005 0.5003916884738953 0.49931928182735974 0.3992731794539387 0.6000214183229391 0.4004734041615167 0.4008275427247838 0.10124858970391046 0.4012895410729389 0.5006316857263814 0.5992651029573172 0.40008019501405173 0.29946279293939465 0.40068868783954964 0.49869667686278574 0.4005887320624027 0.7007771941359978 0.4999475458466515 0.49920805000719337 0.5001879296536824 0.8008724451755224 0.6007879100552823 0.599192696613122 0.4996052566108074 0.5990829935854284 0.5002139764607594 0.5010380010098862 0.5003879298107462 0.5989019532416769 0.4003127678176965 
0.8032026744784256 0.5003939698608464 0.4990364183000804 0.3988879143024769 0.5999803107251056 0.40028365793288706 0.4009665626907099 0.10106563771941 0.4010723294332791 0.5006055556450746 0.5992630077256992 0.40081424520188 0.29971510048332706 0.40068866514880325 0.4987067122277503 0.4006082648541135 0.6993994292650308 0.5008233050459181 0.4992097396073321 0.5001808046537886 0.8009995540882722 0.6006087185359631 0.5998868322100551 0.49962082764327104 0.5990799094802218 0.5002675896315106 0.5011209130354558 0.5006529918379826 0.5994627737968209 0.40024956340313433 
0.8091456425396293 0.5003919892426588 0.4989372254181925 0.39898472838238835 0.5998161792802029 0.4003120482112624 0.40103896399330663 0.10137717980644215 0.4010679791558449 0.5005267516971185 0.5994455267947666 0.40008090058902107 0.2995376432774398 0.4006881862104767 0.49871045650599855 0.4000937873433089 0.7007664335594519 0.4999260729250355 0.49920806048050914 0.5001343338052073 0.8008947705197763 0.6006199853110582 0.6000481565702689 0.4996243946480234 0.5990845986414338 0.5002775646662211 0.5010883478358421 0.5004958693557938 0.5989019532416769 0.4003127678176965 
0.816070338331978 0.5003939689285789 0.49900414324716347 0.3987670394892633 0.5998019884584892 0.4003808843391176 0.4009725631308007 0.10113747264180635 0.4010721414906731 0.5006034586009206 0.5992704472826907 0.4001335454928771 0.301242709285465 0.40068621536751514 0.4989222823828064 0.40007368377493324 0.7007043824044537 0.5011936093257827 0.49921604272822284 0.5001876136969579 0.8009789719574865 0.6006182170149614 0.5989004995585958 0.49970024843244926 0.5990845054170609 0.5002049140965004 0.4996551077079575 0.5006572912914834 0.5993724994155984 0.40024299256278156 
0.8187071260133356 0.5003938793126286 0.49898769016347677 0.3989844700617508 0.6000057909652058 0.4983850142232825 0.4012639470028062 0.10138533738673103 0.40103875734455446 0.500524178680694 0.599262216321535 0.40079747113544645 0.2995087667796735 0.4006886629308324 0.4987067932017503 0.40006357137965226 0.7007429579620078 0.5012059014852202 0.49920601807417786 0.500187732803796 0.8010180251836106 0.6006319406803734 0.5991044259312213 0.49962281042156076 0.5990845988908188 0.5002669701832586 0.5010782071353713 0.5006774734706055 0.5993702031913047 0.40031277982702773 
0.824161999446059 0.5003825345023729 0.4993190524663843 0.3989503571377097 0.5998144949305498 0.4000235272655157 0.40083779290924204 0.10143094131652837 0.4011575717186949 0.5005458233186324 0.5994434979971104 0.4000956202882133 0.29904605630285713 0.4007256346469803 0.49868816282208833 0.4000620201837333 0.7000711836116947 0.5006397739254854 0.4992257355289996 0.5001907765621316 0.8008357380803257 0.6005651611321856 0.5987646031653269 0.49968993148579594 0.5990833688202348 0.4999354395505672 0.5011624223345107 0.5005359421962859 0.5993784721147377 0.4002300188874731 
0.8329848653568471 0.5003938793126286 0.49898769016347677 0.3989844700617508 0.6000057909652058 0.4983850142232825 0.4012639470028062 0.10138533738673103 0.40103875734455446 0.500524178680694 0.599262216321535 0.40079747113544645 0.2995087667796735 0.4006886629308324 0.4987067932017503 0.40006357137965226 0.7007429579620078 0.5012059014852202 0.49920601807417786 0.500187732803796 0.8010180251836106 0.6006319406803734 0.5991044259312213 0.49962281042156076 0.5990845988908188 0.5002669701832586 0.5010782071353713 0.5006774734706055 0.5993702031913047 0.40031277982702773 
0.8365818503777859 0.5003915177754694 0.4993098090862564 0.39897314163762687 0.6007864363100759 0.40028358212654247 0.4009734281404839 0.10106523270364894 0.401233957474516 0.4985727242635828 0.5994224384890098 0.4002146776693811 0.2995379512841573 0.4007127082104168 0.4986971607671504 0.40009393997291554 0.7007972650883881 0.5008463273593856 0.499254416920953 0.5001850717508045 0.8008883978018122 0.6006182874914968 0.5998840966148634 0.49962204346467126 0.5990844798731363 0.5002668251573644 0.5005713013663716 0.5006581793138348 0.599460644475546 0.3992168027551617 
0.8396181336390203 0.5004244469695752 0.4993388032421323 0.39878665757470233 0.5997965049721945 0.4010958891039804 0.4009702304983827 0.10102661200568265 0.4009039754416948 0.4987673254407018 0.5992663767836804 0.4000953930868491 0.29903229053034047 0.40068516848805713 0.49868836125012095 0.40006214755591385 0.7006275896508648 0.5006397743104767 0.4992562023099665 0.5001343844490832 0.8009571143472145 0.6005651622789427 0.5998987653445764 0.4997038369222484 0.5990843437585125 0.5002985059675725 0.5005715663651134 0.5004044060142481 0.599404333910464 0.39897151817884924 
0.845565673580013 0.5003923618498757 0.4989727601633672 0.39898883101276655 0.6006333779579779 0.4003136093512413 0.4008468795331301 0.10143222739393298 0.4011290816484084 0.5004755141928181 0.5992357458200984 0.4001548094259862 0.2994602635392067 0.4006892698792392 0.49870681029869274 0.4001111638870379 0.7006639830259477 0.5011517965191751 0.499195127374155 0.5001982065440429 0.8008080828989528 0.600636562411691 0.5986993767683741 0.49969241411149024 0.5990826958007556 0.5001885883114717 0.5005790900333995 0.50066705155711 0.5994099025141564 0.39953289136034886 
0.8530315383352268 0.5003916884754008 0.4989728160890359 0.398883408089423 0.5998064159796933 0.400047078884436 0.4008015298480266 0.09992121990525353 0.400892133739369 0.49859665876943876 0.5994174071615206 0.4001809735434398 0.3007162574793842 0.4006887653075541 0.49858734635629187 0.40006463484378807 0.7007000290230547 0.5010067662062849 0.4996988093076658 0.5001674451806885 0.8010181973581302 0.6006894704839039 0.5992057861446075 0.49969401156523297 0.5990844969606485 0.4999892350468819 0.5004845431118876 0.5003937415154753 0.5988957099545523 0.40034169943859343 
0.8562369442877226 0.5003882255741918 0.49933333005646047 0.39876806036647966 0.5997967026617917 0.4000185460055217 0.4009713987845934 0.10009012865867706 0.4011577304141735 0.49865297327877517 0.5994163823286315 0.40081776727807766 0.2995059274672376 0.40068515632518076 0.4987144099729815 0.40006232536775416 0.7006306698751539 0.50064167662666 0.4992521334440686 0.500185526850872 0.8009945971481909 0.6005662861466441 0.5992035272004737 0.49968996285165024 0.5990844312132592 0.5003007764369652 0.5006204269844449 0.5006587363456289 0.5994446734281292 0.39899544187510105 
0.857907982366719 0.5003882775643862 0.4998886932730468 0.39897160085832506 0.5998358339055597 0.40022982896946585 0.4009917362857462 0.10106553486028252 0.4012357860940257 0.5006089258929336 0.5994229005131961 0.4000928354600527 0.3005165988653597 0.40068613223185495 0.4987067710387852 0.4001493825031054 0.6993886911185158 0.5011663166346708 0.49925412385404855 0.5001854647654835 0.800995802064173 0.6006138728126579 0.5989080927185757 0.49962683302700894 0.599083608702618 0.5002227878933089 0.4996722052538386 0.500413011489887 0.598846084382893 0.3991889954167094 
0.8607937868306699 0.5003825345023729 0.4993190524663843 0.3987678706413211 0.5998144949305498 0.40000921316379656 0.4008378012035727 0.10143094131652837 0.4011575717186949 0.5005077989672293 0.5994434979971104 0.4000956202882133 0.2994772063669775 0.40072203558834735 0.49868816282208833 0.4000620252357433 0.7000711836116947 0.5006413606708878 0.4992257355289996 0.5001337032144624 0.8008357380803257 0.6005651542604903 0.5987646031653269 0.49968926980235423 0.5990833691261351 0.4999354395505672 0.5011624223345107 0.5005359421962859 0.5993775337724955 0.4002536231968797 
0.8640725729650351 0.5003915177754694 0.4993098090862564 0.39888754608339394 0.6007866768333079 0.40028358212654247 0.4009734281404839 0.101064854075055 0.40106141157446834 0.49859260415846113 0.5994224389761499 0.4002146776693811 0.2995379512841573 0.4007127082104168 0.4986971607671504 0.40009393997291554 0.7007972650883881 0.5008467448549907 0.4992544491502016 0.5001850717508045 0.800891211401013 0.6006182874914968 0.5998847481092651 0.49962204346467126 0.5990844804538988 0.5002664149183136 0.5005723690203328 0.5006581793138348 0.599460641381247 0.40027792713765564 
0.8727402197145786 0.5003908123731248 0.499979594942247 0.39878357325633956 0.5997965049721945 0.40110850065756376 0.4009702304983827 0.09997102726000323 0.4009039754416948 0.5008290632662655 0.5992628216040333 0.4000953930868491 0.29903229053034047 0.40068516848805713 0.49868836125012095 0.4000614896941493 0.7007384332119266 0.5011921144678944 0.4992563170608276 0.5001343844490832 0.8010205277355048 0.599706937561573 0.5998987653445764 0.4997038369222484 0.5990843409041327 0.500297475894652 0.5005715663651134 0.5006545056259267 0.599404333910464 0.39897151817884924 
0.8746898209022845 0.5003982683636718 0.4993190524663843 0.3987678706413211 0.599996629817366 0.40001371093182114 0.400837824590956 0.10143094131652837 0.40116209442188044 0.5004555772702954 0.5993586528486989 0.40010083355309584 0.2994772063669775 0.40073037823149416 0.49868849402105914 0.4000620252357433 0.7006878770894739 0.5006792013634962 0.499674750556821 0.500134919159382 0.8008416468468774 0.6005651542604903 0.5987645170103612 0.49968926980235423 0.5990776647804634 0.49997746937072585 0.5011491579723746 0.5005343730816504 0.5994445008256306 0.4002536231968797 
0.8806771839168417 0.5003841001350449 0.49892934721597976 0.4010803312504982 0.6000059892663383 0.40021112310532003 0.40091050009338774 0.09994810299832967 0.4009245085648228 0.39703825757646616 0.5992923191411271 0.4008009566743137 0.30108450008963045 0.40070905136036933 0.49812723392882347 0.4000645025300063 0.5991883623030819 0.5009758884568001 0.4996538987653509 0.5013852258679709 0.8001768521902871 0.6006747050970797 0.5992259168058387 0.4996097517421908 0.5990836488017158 0.5002620032354519 0.5010216555759341 0.5004260905740536 0.5994749956308716 0.3991810246206199 
0.8834943886940205 0.500338963796488 0.49897347956133253 0.40108953230092903 0.6000166916624489 0.40021444742560747 0.4009659672424356 0.10019331510210444 0.40123190549153476 0.3987198631422737 0.5994714054077085 0.40092071670554674 0.3010375973131289 0.4007036184565961 0.4981028373330659 0.40006585205160866 0.5995165725038213 0.5982497510129221 0.4997069032832231 0.5002355148546599 0.8010525118706284 0.6006029495709245 0.5992094650970592 0.49960904092878244 0.5990835909231953 0.5002227464133454 0.5010438020040905 0.5006501880445052 0.5988947219345048 0.3991825056151746 
0.8874601796702932 0.5003387962246226 0.49897212164512844 0.4010893689194537 0.5998021071819959 0.40105399225998867 0.40062336228069867 0.10019935882860685 0.40122069634683594 0.3985194303274522 0.5992906229297744 0.40007422690024685 0.2992221324634334 0.4007118952796435 0.4986762059883543 0.4000757128063382 0.6014357113175097 0.6010034225145883 0.49965028473321 0.5013892111918038 0.8007288395019898 0.600602892328905 0.599213744919457 0.4996076347449696 0.5990835630267758 0.5002548027455419 0.5005919939098737 0.5005446270468971 0.5994704139970188 0.3991833581491134 
0.8928325088512737 0.5003389594952653 0.4988759808168599 0.40110562181675286 0.6000088977845868 0.4011976584225004 0.40061958133196457 0.10002823828175464 0.39848524100430116 0.40185172062697433 0.5992968962087409 0.4008423148495116 0.3010472836971203 0.4007191064875558 0.4983067884526814 0.40005464119615713 0.5990672780846882 0.6001953115451333 0.49974072999594615 0.5013844157582794 0.8009712713798491 0.600618367096226 0.5992214961755871 0.4996097357690156 0.5990836617883447 0.5002222584528467 0.501282628970286 0.5006670255927451 0.5994730502809126 0.39921145476041253 
0.8987023634765096 0.5003387962246226 0.4989727504935289 0.4010893689194537 0.5998075254901769 0.4010613808649556 0.4006096315662963 0.10027475624163365 0.4012308510496607 0.39863643111767266 0.5994788544750339 0.40081238705375616 0.29922078607406605 0.4007174831883925 0.4983081461643574 0.40003376556331677 0.5990766180264677 0.6009894950800145 0.4997114827732664 0.5015268756649985 0.8007288395019898 0.6006027201306468 0.5992242583436969 0.4996090062996915 0.5990836457872772 0.5002540255965455 0.5012808861234275 0.500544513924264 0.5994781426075204 0.39918085268215214 
0.9013538572798403 0.5003387962246226 0.49897276057063594 0.4010893689194537 0.5998012323539167 0.40106389924022595 0.40062336228069867 0.10019935882860685 0.4012462360208996 0.3986378675659546 0.5992573772705384 0.40081238694455024 0.29922128790452046 0.4007119719274355 0.49828053267976125 0.40003309111124785 0.5990691971704611 0.6009894950800145 0.49969256853068444 0.5013967322761559 0.8007288395019898 0.600602720482898 0.599213744919457 0.4996076347449696 0.5990835819359892 0.5002548027455419 0.5012984241282282 0.500544511741854 0.5994727214748875 0.3991812198739097 
0.9053188915563212 0.5003410819141607 0.49888538349083245 0.4016329560271912 0.6000139662904513 0.40096946253150195 0.40094761497401765 0.10019314071235402 0.40120876237399805 0.39870670794335034 0.5992694130295229 0.4008435328397987 0.29953544044805824 0.4007541481886349 0.4986217003691144 0.4000560306152287 0.5990870512570561 0.6000754821206297 0.4996871933072146 0.5015278601711545 0.800719412835342 0.6002170388796172 0.5988542710180298 0.4996099709570894 0.5990847067151479 0.4996178337502334 0.4994179343182211 0.5005793749853343 0.5993754232584372 0.3992091775650256 
0.911281369771661 0.5003393431953779 0.4989731734713324 0.3991440224429501 0.5998074399853643 0.40118792179651713 0.4006000187541245 0.10030122926901044 0.40123440247417613 0.39872151560828445 0.5993145347571706 0.4008868157279177 0.29948043851977946 0.40071201777114634 0.49829187131658387 0.4000315467606914 0.5990670389890008 0.5999343634923722 0.49919239250785474 0.5013851514592416 0.8012070813932562 0.6006175000903754 0.599224312235623 0.49960873158877894 0.5990836676829633 0.5002236321087389 0.5012796901875192 0.5006731932751918 0.599472087717806 0.3991811842248766 
0.9148865966024461 0.5003880152288662 0.49996533559999773 0.4014133515214585 0.6000204297619384 0.40095814461036994 0.4009892630359729 0.10029169407922928 0.4012760579161772 0.5007990094815111 0.5992779675062644 0.40013431184338316 0.30050427511751526 0.4007107611345665 0.5009273727233813 0.40007139380992723 0.7001375355746501 0.5008529382323822 0.4992058002150648 0.5001601654942055 0.8010234881286213 0.5997605502071344 0.5991325185000888 0.4996156173678786 0.5990850530994102 0.5002198749871357 0.5013172921272875 0.5005512580208259 0.599370799277968 0.39914763313698615 
0.9177032143928965 0.500339722130169 0.4996085767287364 0.4013461917168079 0.5998053084210999 0.40117453343471826 0.40102459801946383 0.10020896679270311 0.40121952937914807 0.3985208367060729 0.5993134701007045 0.4008455876902087 0.2992162771777274 0.40071176105484657 0.4986760843601663 0.4000754585277557 0.5990720888688933 0.6000296108207057 0.4996667274230862 0.50139240076093 0.8007385229974996 0.6006939854362616 0.599223928730488 0.49961715701090764 0.5990831854116394 0.5002542332145576 0.5013436257341982 0.5005513869072762 0.5994702247086287 0.3992020486496131 
0.9248716091369461 0.5003383915113396 0.4996411781648233 0.40134047396795036 0.5999872410658911 0.40116864172448596 0.40102459801946383 0.10004185172054875 0.40095195012760426 0.39867908180893963 0.5993116163237999 0.4008434208614221 0.2995504090862612 0.40071052651806444 0.4986718098257885 0.4000761595889769 0.5988564014917436 0.497448656033511 0.49970342979217547 0.5001831951207355 0.8010130762870035 0.6007070807148193 0.5991283980340593 0.4996166669171299 0.5990837293608084 0.5002204158086018 0.5013072795191524 0.5006653471435677 0.5989053409686492 0.39917641361535283 
0.9278252634917087 0.5003353474185591 0.4989713356144332 0.4010897391617773 0.6000166972597847 0.40105859028296215 0.4006109595725657 0.10028577148440293 0.40123193720193573 0.39877670484082317 0.5994598233487376 0.4008453931846813 0.3011218972874516 0.40070566955199116 0.4980990644189475 0.4000569480962651 0.5990888095039798 0.6002269609093602 0.499707283649761 0.5013850474025474 0.8007321559191373 0.6005958389635672 0.5992138339025515 0.49964845923084567 0.5990835818644408 0.5002550891148043 0.5010472472139936 0.5006515003133405 0.5989178076349186 0.39917794283093394 
0.9297588699947856 0.5003853345484822 0.4988851474682791 0.3968052311917948 0.6009843242989721 0.40021566638487 0.399322993701445 0.0999420939618742 0.40094137777223593 0.39927606926992554 0.5993141912091422 0.40081856623257783 0.30106001458958803 0.40071178496221854 0.4986698601879866 0.40006457422088315 0.5990720886444083 0.5002756362020955 0.499695759286502 0.5014659066837283 0.800635256349161 0.5999091265064133 0.5992238419175727 0.49912704856167206 0.5990834413611801 0.4999622529954797 0.4994169543140019 0.5006650682507207 0.5994750171955289 0.40039603197336376 
0.9326808538737469 0.5006023563921158 0.4994878963098817 0.2995178073421137 0.6010324476762012 0.40019837536042957 0.39930191842295953 0.10002571624273399 0.4012505696981217 0.5004817427888651 0.5994516745609383 0.40085608521258087 0.2995579885548658 0.4007053887611213 0.49888743535575636 0.40063719412783655 0.6004734157855 0.5049196673071694 0.4996966834488701 0.5001880152417137 0.7024598092264119 0.5997180602389613 0.5999646741436678 0.499642295370883 0.5993869075751587 0.5002247185061649 0.5012367907157175 0.500428952683895 0.5999476817874954 0.39909292449076167 
0.9352795658226285 0.5003387962246226 0.4988852612874603 0.39933144347328126 0.599807819516182 0.40106423353662274 0.4006096572586799 0.10028515638803659 0.4012308510496607 0.3985267709884564 0.599282107044505 0.40081238705375616 0.29918499636617135 0.40071760530527506 0.4978282156223714 0.4006266574404109 0.5990765125958595 0.6001854589848091 0.49920476223724825 0.5001412437918686 0.8009737202076269 0.6006030558087405 0.5992242572955003 0.49964776271582245 0.5990836498025838 0.5002530472014397 0.5012758479001607 0.5006640542932924 0.5994728464493809 0.3991863411555528 
0.9376539677454186 0.5003885894951571 0.49892361173266486 0.4016069569431925 0.5999525081580214 0.40100170415901304 0.40098580289273134 0.10028614183460702 0.40124743492191217 0.5008286854541273 0.5995160768621537 0.40012215896785014 0.29955707157978984 0.4007309834611464 0.49868579529976925 0.40009458866062564 0.7006481734598725 0.5008526002499687 0.49921366444585413 0.5001228528947782 0.8010127357265303 0.6005997752556206 0.5991343927902812 0.4996666671545117 0.5990835457766556 0.5002236588828158 0.499564918525487 0.5006651781860845 0.5999109648017179 0.3991444406294483 
0.9417887519545194 0.5003885894951571 0.49996541770785924 0.3990681801715501 0.5998038685110474 0.4005067550254041 0.40059412545113815 0.10034071609222539 0.40128442201023656 0.5008286854541273 0.5992630531557211 0.4008130234514791 0.29955051955488265 0.40068738633992207 0.5010345552872599 0.400075789200525 0.7006724699789223 0.5005899332487772 0.4996992450380423 0.5015263145086634 0.8010176473158473 0.5997079502215272 0.5992240512333984 0.4996667514557901 0.5990850167909416 0.5002203563240887 0.5013294134027578 0.5006646573473822 0.5994827139087051 0.39912340678790653 
0.9439701379820176 0.5003885851553082 0.49996541840785524 0.4014133515214585 0.5999959639553145 0.40049813181313054 0.4009916719579385 0.10029181504155767 0.4012760579161772 0.5008291807577914 0.5992624461472601 0.40086030542230466 0.30050427511751526 0.4007107611345665 0.5009273727233813 0.40007139380992723 0.7006656801309119 0.5008529382323822 0.49920603608141156 0.5001601654942055 0.8010175808345186 0.5997605502071344 0.5992247284454388 0.4996156173678786 0.5990850176293685 0.5002203637431769 0.5013292848926587 0.5006640213283096 0.599370799277968 0.39912325332641835 
0.9462200319451907 0.5003875183126119 0.4990013623877035 0.4010307385180401 0.5999886290626367 0.40026006031526057 0.3994008413577425 0.09999508060931206 0.39631313062904716 0.39870908367887303 0.5994530824209207 0.4008543922499693 0.30111118458014224 0.40071078931703374 0.49835541073175754 0.40006626556868313 0.5959669506652885 0.6000599196399627 0.4996933899604257 0.5013780521947936 0.6995999629605797 0.6006035756291932 0.599242891301965 0.4996203144278933 0.5990834357101549 0.5002237487399529 0.5013099131767532 0.5005173387978868 0.5994732611182506 0.39919883024393044 
0.948722879467111 0.5003397382870786 0.4989504129185433 0.40156786996715926 0.5998174460794503 0.40050316361646643 0.4009928472334517 0.10033738436547984 0.40094668006161716 0.3986971996832285 0.5993129799683811 0.40081326450279325 0.2995500370113214 0.40068746236963615 0.4986717974870304 0.40007535162763236 0.5988564014917436 0.5990786130672909 0.4992054031546478 0.5015132766294819 0.8007385229974996 0.6006887442508568 0.5992220831606448 0.49961715701090764 0.5990850412189591 0.500223631538296 0.5013085426039788 0.5005513869072762 0.5999817334127417 0.3991233710523781 
0.9530236428794402 0.5003397382870786 0.4996411781648233 0.40134942628111764 0.5999888903078677 0.40116864172448596 0.40102459801946383 0.10004185172054875 0.40095141494660247 0.3986971996832285 0.5993129799683811 0.40084558726324754 0.2993663466940002 0.4007107202550973 0.4986718098257885 0.40005636621451846 0.5988564014917436 0.6000299233913694 0.4992054031546478 0.5015130986587448 0.8007385229974996 0.6006887442508568 0.5991982841850269 0.49961715701090764 0.599083669108198 0.500223631538296 0.5013085426039788 0.5005513869072762 0.5989138234575101 0.39920227802001923 
0.9565979541235243 0.5003396866502396 0.4989504129185433 0.39941052719171827 0.6010389804104103 0.4010589291215687 0.4009928472334517 0.10004679234122098 0.40095319296937226 0.39877672705545025 0.599459731908485 0.40084558726324754 0.3013021095295053 0.4007189858660918 0.4986717974870304 0.4006422048709939 0.59882711386441 0.6000354055568747 0.4992054031546478 0.5013818524308823 0.8007324064659712 0.6005957340659566 0.5988122262373363 0.49961844939443684 0.5990834350066134 0.5002226342058379 0.499672757624671 0.5005513869072762 0.5999485383408262 0.39920216491121197 
0.965795020585408 0.5003831158183009 0.49896141911662967 0.39931273079277646 0.6008095127239024 0.3999953394611086 0.3993466667510413 0.10110063073597751 0.40119315611948614 0.5006200634907463 0.5989997144298598 0.39985190403320775 0.3005844024987539 0.4006888784120933 0.5009309698914265 0.4006125192732764 0.7001347589532626 0.5011858509972899 0.4992122509484384 0.5002370555573638 0.8008691203004781 0.6006021129032554 0.5991382825817174 0.49964662613863525 0.5990813608438261 0.500288773119406 0.5010769284244151 0.5004201467395475 0.5994402442688528 0.39912418870014305 
0.9679704208869663 0.5003875148375817 0.49897343124683563 0.3969037898752794 0.5999874970655407 0.40019326461379756 0.39938395497412105 0.10122451298514885 0.40093491639468565 0.3996779624650379 0.5993125922460347 0.40084631653139513 0.3011111914824121 0.4007180886551623 0.4988846291076939 0.4000660359990626 0.6001594330616951 0.6027682593466446 0.49920592649928824 0.5014979240502849 0.703238711426082 0.6006042386197014 0.5988629763323555 0.49838441286797475 0.5990832760281222 0.5002390703388352 0.4996209497660248 0.500656583856846 0.5988767327759449 0.40016734785445973 
0.9713658062281898 0.5003875012669174 0.49897343124683563 0.3969037898752794 0.5999874970655407 0.40019326461379756 0.39938409290751875 0.10122451298514885 0.40093553237068075 0.399675120225637 0.5995017503673363 0.40084649905995257 0.3011111914824121 0.40071073721951617 0.4988846291076939 0.40006661971085505 0.6001594330616951 0.6027712913626818 0.49920592649928824 0.5014621281512842 0.7032173929949692 0.6006042386197014 0.5988629763323555 0.49832886511120084 0.5990832760281222 0.5002390152754251 0.4996209500149718 0.5006562694019477 0.5988767327759449 0.40016734785445973 
0.9743748235595608 0.5003397382870786 0.5000160829034479 0.39984058021750973 0.6009530743020441 0.4011705665832183 0.4005969047680265 0.10006155793780405 0.4012439198672455 0.5022553368281305 0.5994510246369508 0.40084481538653405 0.2995505104888596 0.400711278037247 0.5010669033589947 0.400601654492572 0.5995422124240557 0.5977924769861409 0.499735271236427 0.5015310962675062 0.8010131493650732 0.5997546794216694 0.5988275465072218 0.49961193714397806 0.5990835697748005 0.5002236379171916 0.5013105871026973 0.500663927102041 0.5995090810432582 0.3991425106245955 
0.9819986342440127 0.5006021205788147 0.4994878476167688 0.30117577466800444 0.6007905187514014 0.40051967412764256 0.39930198577596493 0.10008871315135613 0.40125036441092465 0.5004821894191771 0.599451674471447 0.4001600259091161 0.29955474490133915 0.4006871232479937 0.498875877650945 0.4001334528479387 0.7021261824181968 0.5015515171961659 0.4997154737216547 0.5001883984606318 0.7024597994719985 0.6006512450652921 0.5999597915197561 0.4991416798599286 0.599380292539167 0.4999710579363686 0.5012364965917755 0.5005346721534437 0.5999483347850693 0.3991086141974285 
0.986118765185536 0.5003906781048486 0.4994881954571068 0.2994680015766208 0.6010128632755145 0.40019689242971995 0.40103380847315356 0.09990220029542847 0.40125527385772736 0.5004829006016469 0.5993458931004275 0.4008556757851474 0.2995436694260442 0.4006877038070388 0.49888060006738566 0.4006350463931497 0.7021244731603784 0.5015515819293231 0.49971593101701955 0.5001766918752328 0.7024597995129082 0.5997209504735875 0.5992095272437955 0.49912012623310464 0.5993849765697215 0.4999709803751226 0.5006198576860171 0.5004268860148429 0.5993878555071253 0.39912894845501923 
0.9921616751714993 0.5006023552938188 0.49948785497344916 0.29953188623003485 0.6010148034627381 0.4001983754073827 0.3993019156313677 0.09974785853069724 0.40125028719563954 0.5004817101533157 0.5994516772807885 0.4008556795739308 0.2995550664968932 0.4006892305869681 0.4988876154083017 0.4006361720402615 0.7021245086668552 0.5015515173574292 0.49971593078987414 0.5001877433427808 0.7024597990398881 0.5997209650493939 0.599959629124068 0.49912003156112034 0.5993826377240664 0.4999709788760182 0.5012364997369898 0.5004289559131905 0.5999483608853471 0.3990929134486693 
0.9982121603297728 0.5006023513953775 0.4994878959898728 0.29946720954800893 0.6010128566723513 0.40019837540738384 0.3993019208943839 0.10006245378289987 0.401255236150459 0.5004817434893769 0.5994516744846984 0.4008556759920967 0.29955513864861905 0.400703644704434 0.49888764298774874 0.4006350154285886 0.7021261581002163 0.5015515164039154 0.4997159161036994 0.5001880211884031 0.702459799507953 0.5997208612398781 0.5999651387346546 0.4991206900005898 0.5993789443120693 0.4999709803589731 0.5012364987743453 0.5004288712977307 0.5999488128742129 0.3990915141274058 
