0.8214160494921785 1.4051935484567724 
0.8247447518864264 1.3979509194140127 
0.8305724597267232 1.3713716558316402 
0.8320785562403527 1.362693944730346 
0.835334328169604 1.345873081565673 
0.8413990615913555 1.3414444694051242 
0.8414641426163826 1.313354086764003 
0.8427261447892667 1.3070488891372398 
0.8457201726007311 1.292519854436309 
0.8471086664638301 1.2852165799136341 
0.8496956758594154 1.2699737998897391 
0.8508383538742169 1.2632546118972556 
0.8521015731967114 1.2521116802008283 
0.8524117766973978 1.246587799324077 
0.85504184850418 1.233738107171642 
0.8566777885878827 1.218442208349721 
0.8589830008319389 1.2055919457010447 
0.8595062291588449 1.197804986887577 
0.8625144434646091 1.1793834848326772 
0.8630847715114573 1.1716460868090932 
0.8681255941690835 1.135872244957604 
0.869402194523933 1.1315972047901728 
0.8703618638102526 1.1190354147927906 
0.8717283606572355 1.1147457871712385 
0.873441087185286 1.1112577479249108 
0.873684085537581 1.0896270905476433 
0.8745612461285227 1.0875940377278241 
0.874944139635256 1.079572094321511 
0.8765462025803692 1.0779511880089594 
0.8769136502851065 1.0660138134640247 
0.8787361093170407 1.0563001952544444 
0.8796742749788371 1.0479566026338831 
0.8819145858106521 1.02414858329783 
0.8825848707924041 1.0177510859513799 
0.8846127093142366 1.0083680026165083 
0.8859848390797611 0.9914472671178776 
0.886265499330827 0.9872066259575324 
0.8884625299620618 0.9681860964735595 
0.8917430494395973 0.9436285771556014 
0.8921477387323533 0.9362630077643052 
0.892481371472573 0.93319155975694 
0.8943138506538049 0.9170844420910195 
0.8947540895441972 0.9137041860605046 
0.8954261408229048 0.9113616473522719 
0.8959632118965138 0.9082646789438377 
0.8961730426268883 0.9020843100095147 
0.8964693381122593 0.898686097467289 
0.8989977021667241 0.8820508238944249 
0.8997566000974728 0.8712881303164617 
0.9000267370421726 0.8675752941835563 
