0.3213813760382141 0.6535713559491099 0.6700380263901186 0.43149685267173454 0.6877714050937551 0.5040690158638598 0.38072179538809187 0.5805161993958519 0.4146684563495212 0.5384456204233484 0.5154426122069833 0.7095210517012218 0.5640956686829893 0.5588076040609513 0.7945366004090687 0.4746142400400311 0.5416952873010743 0.7424925869296958 0.5059712313139659 0.5648123720087914 0.5026129270982967 0.629810388309019 0.45525710586552615 0.6242385219628632 0.6781422995207453 0.5025896618953164 0.6317283102983497 0.6138713023794421 0.46572609278139476 0.4069826063395454 
0.3236784320362301 0.6535713559491099 0.6700380263901186 0.43149685267173454 0.6877714050937551 0.5428888064732095 0.35247377106896105 0.5805161993958519 0.4146684563495212 0.5384456204233484 0.509283292231047 0.7095560783420856 0.5640956686829893 0.5588076040609513 0.7960072349410202 0.4746142400400311 0.5367557120916397 0.7424925869296958 0.5059712313139659 0.5648123720087914 0.502438730027289 0.629810388309019 0.4984354879332749 0.6468031348496719 0.6781422995207453 0.5025896618953164 0.6317283102983497 0.6146458767427133 0.48017352429088533 0.4069826063395454 
0.33004556431934357 0.6535713559491099 0.6700380263902662 0.41362552127298 0.6877718193840413 0.5043346495791085 0.3807217950955433 0.5805161993958519 0.4146729027343962 0.6027705162123862 0.5101185205186868 0.7095210517012218 0.5639474999990433 0.5661319950622747 0.7945365972658172 0.4746142400400311 0.541695287301435 0.7424925869297901 0.5059712313138662 0.5648123720087914 0.503520701859346 0.6700675298424473 0.49895696935728756 0.6242399934895252 0.6781422995207453 0.5050393903853242 0.6317283102983497 0.6138713023794421 0.6640165523711201 0.4069826063499345 
0.33188371430514874 0.6535717136645959 0.6681839289670337 0.41357533584640505 0.6326224934990761 0.5278452332025079 0.35022306960087196 0.5791810992695419 0.3939640657742795 0.6022804143941545 0.5177510449344677 0.7095041972622428 0.5641155749066274 0.5805018312940216 0.7946163182336061 0.4799407981679641 0.5366828027447236 0.7688531742593547 0.559531317654016 0.532803625106248 0.5063519668425369 0.6697400610084245 0.44985533791901194 0.6244585009926622 0.678144809612023 0.4947125956701367 0.6318599228263373 0.6138015106304688 0.6606745886669143 0.40698164588072644 
0.3353324219975446 0.6535712606868237 0.6681673262621648 0.4169232161529516 0.688168541271968 0.5032502231059628 0.3538141054739786 0.577074697122499 0.3939640657742795 0.6022700589391815 0.5105706845134785 0.709501543404448 0.5643744380570924 0.5809583560227501 0.7945358369287715 0.47478607656670296 0.5416928003321225 0.7688531742593547 0.5594272104261508 0.564805262174102 0.5040266775874068 0.6697398745680706 0.44897227296009107 0.6244585009926622 0.6781447995029025 0.5050331428917492 0.6317283102983497 0.6138713143538596 0.6640376480976161 0.40698161330454047 
0.33705525498383626 0.6586577652744644 0.6683772399298409 0.4169232161529516 0.7041948067526129 0.4794247879025128 0.3778105026213418 0.5760841377310159 0.39511573573552006 0.5914583470762216 0.42836130218703494 0.7153307593351054 0.5201210670708697 0.5819233640260798 0.7945941388973554 0.47950482295729524 0.5389542591666967 0.7690497901510411 0.5594782290376362 0.6009782721251307 0.5455026871490328 0.6739051653505196 0.44914413561170763 0.6228619567290257 0.6761702980743893 0.5151780439210981 0.6304375582114985 0.6273818248482943 0.662035982448735 0.4069815907970155 
0.3414550064594378 0.6535926744028 0.6628859349286321 0.4136256662810176 0.6876923729961351 0.47211615844394106 0.3511280921197328 0.5770363110877401 0.41466972147577263 0.5572436308306086 0.5121866163805433 0.7095256462527768 0.564115339573944 0.5775263045696487 0.7926459978330044 0.5521859862218186 0.5417071958085945 0.7971147240110684 0.509697261178647 0.5719076944575487 0.5005602807886689 0.6697658458290867 0.5006166508596221 0.6241750808629543 0.678145112287899 0.5054979087304285 0.732093722096223 0.613870751866064 0.6606626892264229 0.40696398093371866 
0.34258938061424105 0.653578844160382 0.6683039725072965 0.28990391937151483 0.6846855623416138 0.5278227919881632 0.35648075718176075 0.5770357728830369 0.4148666387834663 0.6023880721300557 0.5086298316851049 0.7027520269171275 0.5827380303713718 0.5808679121745159 0.798123376833998 0.4660548478012071 0.5414520021782812 0.740507657265473 0.3597232429186719 0.5339211953072925 0.5039840827769891 0.6697610539259065 0.4887416233630303 0.6244649882831146 0.6781099048654474 0.4876796832609949 0.632746377741176 0.6159375883192862 0.6611290514039319 0.40693176021017236 
0.34514891649869733 0.6535787750197597 0.6683166716712856 0.2896207653489763 0.683841663428609 0.5040060763275611 0.3564913770688355 0.4650297167855424 0.39700585858372855 0.5556591093217035 0.5086322734571234 0.7033622493076646 0.5894389758137618 0.5809320230264355 0.7981502676641923 0.466395557950575 0.5426882175374892 0.7425335077571958 0.36996945470694603 0.5646162175445827 0.5028894765233813 0.6700762768033254 0.48877509652668494 0.6250290970712004 0.6787086681919711 0.6274244196503544 0.6318047693614588 0.6158927605355666 0.6646029638556316 0.4082422499702233 
0.3463865956793306 0.6537223795957583 0.6778013811788779 0.2899040074148986 0.7005708851286487 0.5280262564076742 0.35382975670275396 0.618171869129765 0.3939640657742795 0.6022700405687943 0.5082387046835469 0.7107918770624728 0.5888284615758101 0.5815714432586344 0.7947309381177639 0.48513334702010164 0.541452527346972 0.7697475297505506 0.5594262073061558 0.43525937116772584 0.502853559432803 0.66929030188289 0.48022208479892 0.5529556102386298 0.6781447995029025 0.6273216628038459 0.611452258107966 0.6138987378981092 0.6616528651370337 0.40698161330454047 
0.34886625136536786 0.6580224299344505 0.6887826205105009 0.29979158199128036 0.7045739171610435 0.5273419730154069 0.49213443116469885 0.5764793369204412 0.6167320234293802 0.6027983347904989 0.5098719554466976 0.7097342036438382 0.5932229579243226 0.5809621755707284 0.7966900395344653 0.46216370271284635 0.5355110577075184 0.7596685980976184 0.3664814315856236 0.5326884116582327 0.5494411400277217 0.6698513775111835 0.44688838022911087 0.5907445634915715 0.6769347589310302 0.5445335119698107 0.6368346688503245 0.6157568924554452 0.7373072180005366 0.3838687057959268 
0.34993633794570345 0.6562124925518973 0.668369599717651 0.28385447694462324 0.7033915090077821 0.5280257588768184 0.348576308396835 0.5771635673418806 0.4153162509850352 0.6024963632382754 0.5091794766291676 0.7150166430607451 0.5770348881646662 0.5819994584062738 0.7947882877629476 0.46336678629403594 0.5483127301434599 0.7689788935526432 0.3692172390498213 0.5641620699027484 0.5455455854214052 0.6579953476847702 0.4496752629612639 0.5198345212584348 0.6783242471083748 0.49198039506084135 0.6393240739949646 0.6298092967437516 0.6598668525594813 0.3838510551753527 
0.351598422469103 0.6704470946664255 0.6683852695238991 0.2779395615666453 0.6876831730050722 0.5280339086441614 0.3535907862231494 0.5770272949083577 0.38413852850266805 0.602873407590216 0.5124727961716542 0.7143745309485527 0.48010107187310475 0.5835550841401161 0.7764990142484905 0.47991372334588606 0.5414499223461968 0.7915762650799254 0.5516545578470426 0.5643594100385759 0.504039849586783 0.6882582221383762 0.4814174170491843 0.5236731448398756 0.6782997089470636 0.48934527175698267 0.7324032959867165 0.6138405124806966 0.6412976599314696 0.4074961059090477 
0.35236944513094964 0.653718501758048 0.6691704800325418 0.2896203826501772 0.6894742172037834 0.5280265617696598 0.3538395826147147 0.5760829110327906 0.4153292137310523 0.6028676758839135 0.48960860398313516 0.7105381665983769 0.48353288489840995 0.57647102607834 0.7947240787832093 0.47950596966211745 0.5416527951441141 0.7594674850403814 0.38321579697702457 0.6343371923920254 0.5031493212819577 0.688182624033081 0.48368943774854134 0.6229752135170653 0.6349538623239472 0.5794868470234925 0.7413791415841431 0.6157056762883615 0.6413858371521493 0.43676752122478335 
0.3543847454579443 0.6580224299344505 0.6683448166039362 0.2997894563028207 0.7026840603184704 0.5280417392589596 0.49213443116469885 0.5769794779498595 0.6168042100483041 0.6028023201103692 0.5085484428511943 0.7299126554003417 0.5739313019453212 0.5806542834144144 0.7952396752491806 0.4621779670186332 0.5357324364826399 0.7596131629452071 0.3664814315856236 0.5326884116582327 0.5494243058351866 0.6867342722421869 0.4468941332214962 0.5907445634915715 0.6793732960409966 0.5445335119698107 0.6395041652623104 0.6936357631237712 0.7374416116570742 0.3838687057959268 
0.35654234278484126 0.6537254624536796 0.6626410477146777 0.3164890149437978 0.6993098612192128 0.5280257588768184 0.350059938745681 0.5770431566592981 0.6474356859965267 0.6024881479550681 0.5082192514588737 0.7144960534875167 0.5729587027863167 0.5815603903632817 0.7954373371078268 0.4854510578960807 0.514657982170952 0.7594637932690933 0.3399296924990881 0.42954676399347325 0.5445159283855832 0.6867307714480133 0.48212690489601934 0.5194318853555536 0.6783317464722471 0.4930832464139635 0.6128032550834723 0.6298092967437516 0.7374943850382266 0.3846695356281492 
0.3584360510135488 0.6536528977109897 0.6701908746941121 0.5070218343612539 0.6877989826935972 0.7933323558385329 0.3489970725269312 0.528037124286487 0.4147648448406409 0.5988159013761943 0.5105547231057957 0.7144958543826798 0.5909234924619299 0.5823487065101893 0.8428485190770113 0.46716255116853866 0.5146209293896858 0.7681883297117372 0.505449359298239 0.6023110163518512 0.5014181412707213 0.6700262791098865 0.45581818888610653 0.6603424812859038 0.6783013773989481 0.5042224182733059 0.6255579086495786 0.6680853354014332 0.640528849220523 0.3848534935695755 
0.3594605627966628 0.6479257750788818 0.6895922521194281 0.29272237838532994 0.6754977006707596 0.5273174899986152 0.36615341339022484 0.6190386487501054 0.41616192103303584 0.6020490671122982 0.5098566598104324 0.7098647673059826 0.5935994624442179 0.581911092987292 0.8428168203927363 0.37447051316677854 0.5362715117262593 0.7532966360738377 0.36125475622662095 0.6392516739412287 0.5446180887927353 0.6697208931623776 0.4495110611175396 0.6225639962518047 0.6299573097163137 0.5414112360138601 0.6366566741440457 0.6158432810484498 0.639489514172291 0.4133981890787309 
0.362061026569247 0.6579649370984985 0.6638568373636148 0.5069399029260756 0.7026643512762254 0.79300762236423 0.3643088931068861 0.5770374832128857 0.6248664522835129 0.7530797222796193 0.5079743808506074 0.7147726873599204 0.5739248887532249 0.5757309845066749 0.8425667791440861 0.4670069827328516 0.5382548502554234 0.7698859066493988 0.5718936200336209 0.43488684948442524 0.5027691036383418 0.6698442996983369 0.4468610070224503 0.5900514832360968 0.6630194011610967 0.5474086499972337 0.631096735327524 0.6550093201903537 0.6372009352466392 0.4044924791888473 
0.36305422520993247 0.6581693628303715 0.6683647208135612 0.294800479397576 0.6844831986832087 0.5471114471518101 0.3641760257511467 0.63459289786817 0.61483035733184 0.6020792249256823 0.5085413621477495 0.7095392012472785 0.6287850583760644 0.567810018258648 0.8421027457851611 0.48018608949937647 0.507926365036167 0.7626055907794796 0.36685966983769647 0.581652886816125 0.545036954211602 0.6671668861190296 0.45915001004624106 0.5635679011382397 0.7017186735840103 0.547560700584634 0.7302555454549968 0.6140792409105408 0.6607311248881687 0.40728849725843386 
0.3678276369791222 0.6475395222346941 0.6895103218300462 0.29272237838532994 0.6841414621746491 0.5457778700188233 0.3624843965546713 0.5936293346558392 0.39038382005072003 0.5218999148939821 0.5086639044039938 0.7097491105376538 0.5934005945209624 0.5600150744211821 0.8342935680626368 0.47766418187923904 0.5121898577969486 0.7595719805405364 0.3177115538682706 0.5986339250210888 0.5429316100951757 0.6697208931623776 0.5048089331232252 0.5699076325181307 0.6854372921965974 0.500229192295654 0.7344234469453594 0.6137918545944608 0.6395367473794703 0.4133981890787309 
0.3684646438348918 0.6451025836211777 0.7165067380740315 0.31710043535225396 0.6843861089047107 0.546015701683543 0.3653605255320353 0.5779538837145267 0.38767477213975216 0.6020845388847945 0.5148031592489883 0.7144122157556382 0.5887320971271056 0.5602209934471347 0.8420473807667821 0.4794104216637528 0.5401125124819449 0.7718758213628132 0.37150523441686295 0.5875738811847554 0.6480713813187516 0.6673818445070485 0.7512572042332156 0.5723658202092492 0.6744966661316953 0.5012042736535341 0.611339728620731 0.632017781442559 0.6344680699015992 0.411398042881894 
0.37000515254174854 0.6475395222346941 0.6895103218300462 0.29272237838532994 0.6841414621746491 0.5457778700188233 0.36263043552622803 0.5936293346558392 0.39886725957059155 0.5226612650777142 0.5085816156642526 0.7044172882555212 0.5934005945209624 0.5582908369943311 0.8342935680626368 0.4777054504414856 0.512127111648999 0.7595719805405364 0.3177115538682706 0.5807831982665724 0.5853377709615593 0.6697208931623776 0.44979635267316065 0.5695390799079111 0.6854372921965974 0.500229192295654 0.7343619560397399 0.615356582377321 0.6395367473794703 0.4133981890787309 
0.37064515406098525 0.6466186550770292 0.6686960682403447 0.2937961818658452 0.6988403028502629 0.7658468947266379 0.3624755917263023 0.5334312945236586 0.6373072228756378 0.6036807401445237 0.5085092811314749 0.7097411576033767 0.5745288338280551 0.5686735056741383 0.8444401841716778 0.37828083385590966 0.5762168002902348 0.7532966360738377 0.36233190204977744 0.580619900612323 0.5054978983788786 0.6697205895206635 0.45612264418403026 0.6154387069128011 0.6286408290304104 0.5151236853221044 0.6300092966818042 0.6189717337606727 0.6395367473794703 0.4136565753720841 
0.37123144190201324 0.653972007124865 0.6628540714128051 0.7733725190082665 0.6979825495977164 0.8092978495834282 0.7066769048195939 0.5452422159718799 0.4027491167368029 0.6032797376546204 0.5111548727331898 0.714002663767641 0.573942788280764 0.6283813078740549 0.8024797987663672 0.47942906457452317 0.5362120495932572 0.4217245918310906 0.39278399951588416 0.5402983221815743 0.5330481045593963 0.7093030967381477 0.4656559281071937 0.5148724615389587 0.6783557476808624 0.5181993974436109 0.47675828974370366 0.6282292850722253 0.7266451456688344 0.3210560518382823 
0.37367570269120265 0.7293912368771861 0.6703373418210206 0.3369219035804782 0.6843346816518858 0.7840022782617315 0.3521358189933238 0.5338206176326795 0.6384035767368779 0.5907002113751362 0.4852910378658056 0.7093832573892277 0.5631739798174236 0.5683142415604734 0.795606526468544 0.4799974738732075 0.5222681680902159 0.7548834248752745 0.36722931447764345 0.5708562765290486 0.5018973203822302 0.6694134770172037 0.4625951052823951 0.6243710331265917 0.678141788522655 0.5162643913525491 0.7348713719393988 0.6499344122847968 0.6618319967016014 0.41435250116824984 
0.37399842222411084 0.6466186550770292 0.662964913214972 0.3398168969007979 0.6988354052339252 0.7855104491302518 0.3624755917263023 0.5334312945236586 0.6373072228756378 0.6095153582637461 0.5098027337114591 0.7097411576033767 0.5745288338280551 0.6305280743897665 0.8444401841716778 0.37828083385590966 0.5214543172116788 0.7532966360738377 0.36233190204977744 0.580619900612323 0.5054978983788786 0.6696433688822413 0.45612264418403026 0.6150437477501893 0.6265635556330941 0.5805907064939435 0.6300092966818042 0.6189717337606727 0.6435452222627647 0.369656392179323 
0.37492738644145596 0.8158008323363267 0.6922418381002606 0.7711862313991521 0.6997286863850064 0.809829101093423 0.7127173788563725 0.5334943219463701 0.6282562815811154 0.6036919544519636 0.5121822797541259 0.7148762114311414 0.5759460277490409 0.4792950903645513 0.8453176356420119 0.4665003900977231 0.5408309970238185 0.42682154579894954 0.5721493897965911 0.5764494663507128 0.5438314082233745 0.6872975650158143 0.4551964301939636 0.5148903715738183 0.678301715695695 0.4929470472493354 0.6247256506444724 0.6139476457263445 0.7449981206107092 0.43964650661213217 
0.375282438748821 0.6578872536390012 0.6681672359174977 0.5049347756343794 0.6840690753228136 0.8004762934417367 0.35903652664432284 0.5343255128318717 0.6383930421977627 0.5904572010473844 0.5105226996026005 0.7096949398712276 0.5666089048230657 0.6122006062526324 0.7964142276672752 0.48000126005425137 0.5221905598832431 0.762581123360035 0.32348938433264823 0.42531757163923184 0.5439092518975992 0.6704475123437402 0.4819801596344292 0.6620527363522284 0.6781396579785862 0.5833611268090655 0.7389006338671876 0.6125439047679438 0.7225356539096399 0.3698949956076852 
0.3766322690664114 0.8194588377626347 0.668622829487555 0.3161572506368427 0.71009925785016 0.5280504905235032 0.6818560923138621 0.5958805211679168 0.6260512201596531 0.6287838463827192 0.5086640798670111 0.7098179959361048 0.5615597816347355 0.5665160130187691 0.8339591691830724 0.47975494851492906 0.540303830654604 0.7696131252007854 0.5525388872621957 0.5982456563629373 0.5446605916330048 0.6482245954786622 0.7656210927284433 0.5160490285340414 0.6722882569560366 0.49974378503674366 0.742374154818878 0.6137988019726558 0.7432732299011492 0.4394004898433532 
0.3778899893068102 0.6475395222346941 0.6895103218300462 0.29272237838532994 0.6841414621746491 0.46389081560898904 0.37139338652575843 0.5936293346558392 0.39027804041715614 0.5229149835582277 0.5086639044039938 0.7029874380453698 0.5934005945209624 0.5600150744211821 0.8342876918056403 0.4776780112249999 0.5117224108287544 0.7595681415215954 0.3159277558464347 0.5998218777909299 0.5448171325602141 0.6671366480623411 0.4569090369359642 0.5699076325181307 0.6854372921965974 0.5930213591668381 0.7420682396681425 0.6217249074078139 0.6369120061687916 0.4133981890787309 
0.37889682848690204 0.6638795991804569 0.6667791535879528 0.5117095234374137 0.6996487664230959 0.8004762934417367 0.35903652664432284 0.5343255128318717 0.6383930421977627 0.5904572010473844 0.5105226996026005 0.7098476143305171 0.5665420357214772 0.6122006062526324 0.7964142276672752 0.47977350139380764 0.5118479390609555 0.762581123360035 0.32348938433264823 0.42531757163923184 0.5169794913494122 0.670454947415291 0.48064851750556453 0.6645560610572225 0.6781396579785862 0.5833611268090655 0.7435675465584465 0.6106814620403707 0.7225512969563425 0.3698949956076852 
0.3817004168005788 0.7293912368771861 0.6681521479317666 0.3386276826747319 0.6841864169638635 0.7840022782617315 0.3521358189933238 0.5338206176326795 0.39531687612591926 0.5907002113751362 0.4852910378658056 0.7096373657466223 0.5631487337207848 0.567934882450816 0.7956861193015297 0.4799974738732075 0.5222681680902159 0.7548834248752745 0.36719072584453055 0.5708562765290486 0.4989959753617097 0.6677999948620303 0.4625951052823951 0.6147257800326024 0.6781524249655067 0.5162643913525491 0.7348713719393988 0.6288488580637945 0.6618319967016014 0.41435250116824984 
0.3824560327836757 0.6821070471947787 0.6697082192763593 0.2893790760369732 0.6519506691722398 0.5509429909403435 0.35209028545155996 0.5622455518115708 0.3963385646236459 0.5718811374057038 0.5072364705434597 0.7043817803764967 0.6506149977861463 0.5952192641178375 0.8386274882413857 0.46398491664985986 0.538500873463588 0.7522555375645484 0.36712765743313086 0.5962956982448503 0.553357860518197 0.6678663218926515 0.7249339012398888 0.6100491088759216 0.6780144610046824 0.5002158470298285 0.7532208865728859 0.6001440927365728 0.6607344602919286 0.406686629652932 
0.38367184440449165 0.656896447404902 0.6696504366584257 0.28963556990769296 0.6519094988790815 0.48985257453206515 0.32183025524596853 0.6370475494469447 0.39390458769670206 0.5299171783057358 0.4849837613417539 0.7030421421919497 0.5588612229314841 0.5586610034542375 0.8340280608873049 0.4795548663446713 0.5201096980621259 0.7594369127128109 0.36701289637225487 0.5588861121838739 0.5440579450721001 0.6678681153167899 0.7703961975207447 0.5717677899196608 0.6779578735068776 0.5002254373248527 0.6378096005936035 0.629868306592873 0.6607276962469439 0.40693069852356784 
0.38561120220552597 0.6535764230765155 0.6683689124771611 0.28939312443379817 0.700371131516418 0.5186122088279662 0.35378770140016047 0.5621739124178274 0.39382650901210997 0.6260896994812883 0.5096661128185953 0.710128983574504 0.5729330751881707 0.5957411517832999 0.7932488393052697 0.47771360904826493 0.5400534395643498 0.394165270752891 0.36719041974560335 0.6048037535400792 0.615102855438812 0.667833638526342 0.7187069430093591 0.6146057878848057 0.678698413825328 0.49916254493282963 0.7412514790077194 0.6300222828588312 0.660731140004136 0.33717134356346046 
0.38608885365076523 0.645234722909095 0.669654631002353 0.29016799814436567 0.6845291149372393 0.5127650202595131 0.3541254807495688 0.631835633920577 0.39400502582511565 0.5719738336106068 0.5092592687125902 0.7042318700267486 0.5578926652619685 0.5565990311064195 0.8339118319677896 0.479211260002518 0.594151819670023 0.7518875866478345 0.3671949979317433 0.5734216814494532 0.5452235195271848 0.45358663518822573 0.7647818133630055 0.6099641741025553 0.6774478125617082 0.5398487151612346 0.7413119321060554 0.6284648337659031 0.6606835296519377 0.4069323209519189 
0.3883225081225178 0.6828384739249469 0.670469167664067 0.29050895080350697 0.7002801338030197 0.5188613325783711 0.3657413393305646 0.5637094888491472 0.39629424392489804 0.6022164256005861 0.5107104980540091 0.7043687531928104 0.6462622930359342 0.5968793486920195 0.7928768592883769 0.4798120012140456 0.5383260659949162 0.7595114483989142 0.3662064677158292 0.5945486775147061 0.5510341390166477 0.6678152319311417 0.7188871124831802 0.6108635440680431 0.6782168116313412 0.49924229586779517 0.7401975441825246 0.5220594069201184 0.6607327847222411 0.34017848690519037 
0.391236516882501 0.6541373346306474 0.668364365933764 0.29010622871648195 0.7012135370656613 0.5459716244263638 0.3538845921886925 0.5720469937995213 0.39413526721545145 0.6010512002936529 0.5093190458621619 0.7097136932099617 0.5576310520393547 0.5568013489032477 0.7957518377861633 0.4986485826169519 0.5506194351025201 0.7512112761317801 0.3662442642840557 0.5747230125254241 0.5448020284970382 0.6674781813120985 0.7615530650855462 0.6208530965041085 0.6779559743820496 0.5002564122232984 0.735209570234406 0.5983626140007982 0.661365211390444 0.337556194836504 
0.39204716032738435 0.6535653680099274 0.6781994670031739 0.2893983238999514 0.696254426314029 0.5092102650967368 0.35382132682465206 0.6297659589657184 0.39383100878041133 0.6013763072711107 0.5085071594928166 0.7097745686654027 0.5896205522019848 0.6081035732170622 0.8388720364682081 0.48053666830880726 0.5933245745467803 0.7605057611278916 0.3662981846179687 0.5823259585276374 0.508016803699292 0.6665391186665525 0.7167173913670192 0.6202795633436957 0.6786520783888805 0.5019548519637205 0.734350175340185 0.620505750460079 0.6609017691728741 0.3968115568072761 
0.3924020842679585 0.6535764230765155 0.6683689124771611 0.29018164318592193 0.7012402858670219 0.540133453937239 0.3537524703722333 0.5736325161275418 0.39399863669216895 0.6205280188912315 0.5092967722423996 0.709775403858246 0.5977027981926893 0.5954330758245386 0.8388575727912031 0.4805588609773293 0.5402137336886483 0.7601468115505796 0.36619022786581407 0.5751571459895429 0.511661874667967 0.6665314723194706 0.7175832061889538 0.6225511299941309 0.6778357311193115 0.4996201760125768 0.743556171408166 0.6622419272414952 0.6607341481563247 0.4052696289596111 
0.394269246803916 0.654146148943048 0.6669610203061354 0.2896459075914006 0.6741594936703417 0.5499449353940825 0.3382809761601821 0.6285914522722099 0.3938291605720725 0.5741660879087221 0.5093163928792356 0.7041482067989037 0.6138747563903482 0.5576982530121715 0.8168263088649469 0.4788803979494307 0.5386304270949361 0.7595638457668932 0.3671777343744922 0.59132009934548 0.544086932123133 0.6670158384458464 0.7777592155453248 0.5716972540357175 0.677965548067736 0.5002231411145167 0.7412523896737326 0.6298699515351301 0.6654517734533651 0.4069304899777926 
0.3946663700353163 0.6535656839224329 0.6682173181760752 0.2896226051187895 0.6844623383843454 0.5456670485383649 0.36596368440009847 0.5593964794401142 0.3938338958662945 0.5876880403977514 0.5101116663311499 0.7092549961281024 0.5645730990160768 0.6229228249660432 0.7928631368998014 0.47484957890754254 0.5409910420267885 0.7422801726505511 0.36713273317386635 0.5818828718064156 0.5795037478289918 0.6669369944646045 0.41349541260503986 0.6233962930676474 0.6779579827187587 0.5002561160492865 0.7388648433163445 0.628467848204496 0.6607306412538994 0.31853831199554095 
0.39497961472328125 0.6543150247368952 0.6446475519664459 0.29076334400288073 0.700307140842143 0.552040656804861 0.34383467728982897 0.565971355773922 0.3974717156633912 0.6013641596320877 0.5169664823421536 0.7088376661082504 0.5870196285330388 0.5751256416974047 0.8387190800142935 0.4987971244045712 0.5492395539948616 0.7457176945046259 0.45525725351389623 0.581047150057073 0.5087779136500608 0.6670607034507988 0.7656962178617857 0.5649077932504624 0.6787091301403058 0.5000196639445642 0.7354224127709895 0.6068322713506717 0.6607650373881726 0.31738931108002844 
0.3953571086690083 0.6541359413769564 0.6671266643086197 0.29044387518036824 0.7009093859803448 0.5511134229348503 0.3522420614054657 0.6351846955359811 0.3939840272135051 0.5748422603915124 0.5099210102808986 0.7092886354501936 0.5582158303110414 0.5950568507369084 0.8340028251320263 0.47924201046448084 0.5654512147578353 0.7426012214551346 0.36717772717738995 0.581893137072193 0.6494438107556695 0.6671022907526436 0.7658716422094931 0.6049410838911637 0.6779570715189971 0.4966878717012092 0.7438174532339717 0.6358528891414977 0.6607307804028887 0.40684744303735176 
0.39602062507122254 0.6535655753051068 0.5595345992085422 0.28961898975525635 0.6689793727093468 0.5333404865013823 0.3521268619343575 0.5590102910773183 0.39382916053843614 0.5739469735309659 0.5092366610889172 0.7042327059986617 0.5521373981664384 0.5577004230868514 0.7918109290890766 0.47954189933507124 0.5380427307309231 0.7563906018595513 0.36616144763714575 0.5721680689320822 0.6423085619077905 0.6670848104116497 0.7650584718407356 0.5673821327560754 0.6779570789721812 0.5035782700226183 0.7413792936908266 0.6276807402808001 0.6607311248881687 0.3351387475332021 
0.3964040950616094 0.653567334447944 0.6659623736198812 0.2904808460393817 0.700307140842143 0.5540507643786214 0.344104860104379 0.5624497709570925 0.3974825385705326 0.5895845209810687 0.5169664823421536 0.7087614410664823 0.5871527489270109 0.5957043863370396 0.8379028995774631 0.5161624393056796 0.549095743241998 0.7452100347272846 0.4534158715200364 0.5967664185264986 0.5378459795463032 0.6657464628715268 0.7656962178617857 0.5718742844165002 0.6819543424433345 0.5468005107666616 0.7596618543129814 0.6068322713506717 0.6607650373881726 0.3173760202305955 
0.3983919711371039 0.6541196286883468 0.6669500548578033 0.28962250037203036 0.6931759998219739 0.5440741858476125 0.35212514575234577 0.6334958087404629 0.39382915278786057 0.5859746384539107 0.5099366571593786 0.7043019226338086 0.5582148653085431 0.557706946786073 0.8349991097948098 0.4788571148779786 0.5381999553655439 0.7563854776872404 0.3669756630936344 0.5913189989655415 0.5449309152248318 0.6670142399746327 0.7647248490822753 0.5660395580622742 0.6779537701489039 0.4983746874257251 0.7413766207195752 0.6297582038255045 0.660703998803324 0.40712214308734634 
0.3995866058911103 0.6541203110233348 0.6671266643086197 0.28965848644555264 0.7011074645398178 0.5511134229348503 0.3522420614054657 0.5960621061640317 0.39398080819842257 0.6564819716714325 0.5099210102808986 0.7092886354501936 0.558215794866 0.5585674969729559 0.8340028362280743 0.4792596307506437 0.5654512147578353 0.7426012214551346 0.36717772717738995 0.590905975010477 0.5463577669421563 0.6671022907526436 0.7658716422094931 0.6049410838911637 0.6779570805295901 0.4968636434774288 0.7438174532339717 0.6296741160177888 0.6607307804028887 0.40693051686092274 
0.400000674401589 0.6541196286292121 0.6747676778504093 0.28962310002734726 0.6843891351861745 0.5459571439451966 0.3521250089709476 0.6318316691133568 0.393829152950371 0.5735249664978536 0.5093070909466098 0.7042321311534103 0.5878677210654205 0.5577045459059151 0.8340129404897985 0.47925992300285125 0.5380430803892726 0.7596372638810507 0.3671777271124447 0.5935080257269273 0.5448488671488956 0.6670845120574936 0.7647822242026556 0.5667539517401715 0.6779570803772403 0.5005098663740226 0.7413791415841431 0.6298685133986232 0.6607311248881687 0.4069306475327614 
