1.991278494383283E-4 1.1517917222196488 
0.011233587700919754 1.1501540503469154 
0.023765764279052276 1.149774011855157 
0.05163945909084103 1.1493532609019017 
0.10128235007975211 1.145859433929578 
0.11432181177931537 1.1444578067995157 
0.1281687699353282 1.142747732936325 
0.14336281738162246 1.1427052241027411 
0.15815572632426672 1.139319902470317 
0.17214317859013578 1.1349296543704497 
0.1835385729922929 1.1318942155902003 
0.2015900649830392 1.1261752845042143 
0.218370491408159 1.1181220872818027 
0.23083909031662647 1.1099860742499748 
0.244925896488592 1.1022380919383161 
0.25795064552659197 1.0858661212521568 
0.2707626141198746 1.0676096222889615 
0.28332728592856565 1.0575467270421126 
0.2929413519693985 1.024919317064988 
0.31156656434180313 0.9738848426582492 
0.3115881733036864 0.9738786608632675 
0.3207350328492737 0.9487657516839478 
0.33597947695785274 0.9432313511586793 
0.35156731612156256 0.9373818463248074 
0.36735210963896897 0.9312865599314067 
0.3832992596705262 0.9247583575329161 
0.39912042159393085 0.9180933832386348 
0.41515474924900386 0.910964045323105 
0.43155332588237594 0.9035108218052067 
0.4493393815349839 0.9009728080568107 
0.7366274092002683 0.8848323439896568 
0.754190077363922 0.8688201983655679 
0.7730251127526974 0.8557297757670023 
0.7884548180375146 0.8380547498587763 
0.8054733177062735 0.8210562911012513 
0.8219368519404587 0.8046307253615591 
0.8382057025845051 0.7888126489506868 
0.8544863777421575 0.7712260876933023 
0.868338794747148 0.7540200299084862 
0.883255054751497 0.7373353253151147 
0.9002446087679908 0.45018022524971596 
0.9059788328891731 0.43260404477018427 
0.9131844666853927 0.4164144320498128 
0.9205776247475352 0.40028516308537027 
0.9277764181307081 0.3843125119385723 
0.9339928499699697 0.36826520519099915 
0.9404495736084276 0.35271116873779945 
0.9463430154385111 0.33703018067276524 
0.9521888150040277 0.3216849838959628 
0.9550846793656419 0.31772855406774747 
1.0001115080188074 0.30294119249667306 
1.0312287941366414 0.29164071997771746 
1.048031626843279 0.2821983867487063 
1.075432625269645 0.2677552768392921 
1.0907411099949607 0.26247217171957793 
1.0995086322468846 0.2454556344305632 
1.1104339438770532 0.23124951796729104 
1.1198632285005192 0.21577977029374476 
1.1262500221573932 0.20111410193434118 
1.1347927509039941 0.18195023767464466 
1.1350847163413835 0.17181413057645928 
1.1392109256045522 0.1529660525411366 
1.141095525116096 0.14092277855809288 
1.143763362284478 0.1283149907621634 
1.1461174465367787 0.10080478466597455 
1.1483606283367753 0.0684887541153397 
1.1483687018680409 0.06134717056800966 
1.1495743923180515 0.039016448522908545 
1.1500496680739862 0.010922775323061053 
1.1502732133191749 0.002923590685136066 
