1.728852904748137E-4 0.8606292283059657 0.8312933274928556 0.8048476678441729 0.7822002150334686 0.9190579994545897 0.894230544903877 0.8766247721845808 0.7754693055466726 0.8917640827111191 0.9366526059707238 0.8962014173308075 0.835520798198529 0.8752634076163189 0.7609261982450384 
0.00976656294228704 0.859348305795269 0.7751808146760696 0.8008731516242086 0.7555538778579344 0.9117955505456385 0.8721696431929489 0.8770135641411239 0.8206780303349017 0.8940944331941386 0.8281655806153747 0.9347654680536037 0.8350862650009157 0.821530959073389 0.8181617306127988 
0.020665529695015804 0.8593483094075779 0.7751795279935334 0.8009285498553342 0.7830690483206939 0.9270028314270694 0.8719842226615622 0.8770087571904865 0.8206785994090303 0.9048157748393074 0.8281778562291306 0.9517724612332529 0.836279787067515 0.8424280771632778 0.7609261982450384 
0.04488386572836493 0.8593527447542371 0.7754687729856866 0.8008275015502627 0.783027370097459 0.8914619454846535 0.879603588843621 0.8766369046906863 0.7908435171746605 0.8917291757180302 0.8289102440062237 0.8962014173308075 0.8356021224598649 0.8215331057552812 0.7609261982450384 
0.08804658123617198 0.8393111709138025 0.7657221629871485 0.8085404503081666 0.8476941259764819 0.970239883111355 0.8213288260173656 0.8057309947195036 0.8435714570822359 0.89626318135052 0.8329035931335127 0.9537890660770711 0.8143433092720832 0.8584383090946296 0.7534299132248641 
0.09939700096943824 0.8592536490843676 0.9202588017697517 0.7994236662250659 0.8995039513591594 0.9703374903892827 0.7725448369883061 0.7939828184284428 0.8420468225250881 0.850061179611014 0.8397293231850221 0.9544484358772555 0.7963270080004395 0.78912789061541 0.8182894591724384 
0.11145954879035794 0.8606925802891043 0.9097886757507466 0.7994236662250659 0.8995039513591594 0.8922985817313343 0.7725448369883061 0.7940623712766854 0.8429999054895583 0.8988665712425254 0.9126126487820504 0.954429890388315 0.8354934897392936 0.790366753950871 0.8182894591724384 
0.12448328414235446 0.8613561450603701 0.9206536977617622 0.8009249436038262 0.7529831937116046 0.9628730844024157 0.8722482088533552 0.7940623712766854 0.8327468439230237 0.8988304160487262 0.8279988900231555 0.8807010504073197 0.7947233659595109 0.7884771173807302 0.819900802045861 
0.13749745087118087 0.8593421670701253 0.7749369870770835 0.8008275012342216 0.7830683858415796 0.8920687662096222 0.8797815774701904 0.8765929993517285 0.8206848812468339 0.8648106408914535 0.8289169012551041 0.9539036885190464 0.8413531197591794 0.821530959218469 0.7609261982450384 
0.14996219084674384 0.8471755585177151 0.9120807363418829 0.8009250252393442 0.7529831937116046 0.9668683237499638 0.8035832852786461 0.7940623712766854 0.9111639888915614 0.8422297608456222 0.8292215657731659 0.8790625397688203 0.7933005082055199 0.7884771173807302 0.8199008649511181 
0.16006109734074395 0.8460593740282033 0.8890536987383806 0.800931736940936 0.7529831937116046 0.9668608435395765 0.8580914883305953 0.7940623712766854 0.9111639888915614 0.8391468365070746 0.8292215395135123 0.8806341889225454 0.7933007731124659 0.7884771173807302 0.819900863442249 
0.17620342418391916 0.8611025565004184 0.9123325299075603 0.7994236662250659 0.7537828306159001 0.9243086404049933 0.8789599572142611 0.7942466754168157 0.8397603710749124 0.9543934322505518 0.7905341720633183 0.9189998135181613 0.7946985202110044 0.7884771173807302 0.8198988805197244 
0.1916797498945498 0.858719141653302 0.7728127274287421 0.934031104408157 0.7652445387325778 0.8890067468665758 0.8308014295648213 0.9315601883424725 0.9899346022859438 0.8540917050995384 0.9099028830978129 0.879417418500881 0.7866148824049445 0.9228607693709615 0.7606026930044698 
0.20360933165664208 0.858961240322727 0.914378869219358 0.9254897653969186 0.766595464072885 0.9655725542143406 0.8039465478499059 0.9286914243802542 0.9731802222188222 0.7822831688500747 0.8621120798138947 0.8962844734776177 0.8444969954555822 0.7855421696338954 0.8195958071261334 
0.2169170372841123 0.8615155379135757 0.8888566752376679 0.7994339151519692 0.7538051355068764 0.8838196559311186 0.8579072338858991 0.7940690262738498 0.9138410600476747 0.8978457991037544 0.789102303576594 0.9185851370432155 0.8565058116479518 0.7884771173807302 0.8198932690993763 
0.23112114964619074 0.8589782426485646 0.7744797358543598 0.9254316514682279 0.7825646374175744 0.8893667200162638 0.8308743364322819 0.9286939936954276 0.9803499133943385 0.8541624673521542 0.8516551947380621 0.8968539379400527 0.8352815925279864 0.9292538687621504 0.7604631822988908 
0.24583284880625486 0.9888062683648171 0.7114736393585593 0.925420494336077 0.8121045596881962 0.9241155996665792 0.8327318674087626 0.7686394577267844 0.9709714898674481 0.881908144169874 0.851639545901798 0.8955394636231866 0.8431167688774811 0.8305753174815105 0.7740651133448626 
0.2587836743552975 0.8604395630975383 0.7662629596685203 0.9252611125616068 0.8098381249155759 0.8932204088989533 0.8324677701987521 0.8722505875546336 0.9699569401515019 0.8791843072881949 0.8259753364864477 0.8968584617811312 0.7881593320776048 0.9233760243951891 0.7604701489806814 
0.2748141563943943 0.9417235008327566 0.7659771666655308 0.925270924478369 0.8341875674361868 0.9235024405957806 0.8280601974600657 0.7658524294815747 0.9646693723114579 0.8540754930891985 0.8261017617872184 0.8664568209974631 0.8431317946146054 0.9067484410233193 0.7752772188134259 
0.30470778422815276 0.9404271793725553 0.7659836960288762 0.9325588738145594 0.7981929721990005 0.923493660112221 0.8282020200680721 0.8940357697612676 0.8442648257660517 0.8166051818539902 0.8382865370869047 0.8963761549326111 0.8430803177686119 0.9070483895223943 0.8400500342533294 
0.30472870982083783 0.9404271793725553 0.7659837220629288 0.9325588738145594 0.7981929721990005 0.923493660112221 0.8282020200680721 0.8940357697612676 0.8442648257660517 0.8166051818539902 0.8382865370869047 0.8963761549326111 0.8430803177686119 0.9070483895223943 0.8400500342533294 
0.32025063374688284 0.975705346277293 0.7659944613494996 0.9261402030426273 0.8089834778377702 0.9075588350215544 0.8280839795495082 0.8891613792398195 0.8444183446162726 0.8950939092918113 0.830496384902131 0.8965111841326707 0.8431843685615296 0.8844085792950181 0.8598565959781006 
0.3355489768938278 0.975971464481348 0.7659913503971822 0.9331309248256322 0.810279203996638 0.90760595166907 0.8281190748827345 0.8963134434552337 0.8444198324656632 0.8951385146713046 0.8387888647920099 0.8963846608273671 0.8362184530969187 0.8849772964465702 0.8619464868689037 
0.3511664595094719 0.9848917467101516 0.765993133106655 0.9293558323381117 0.8102816196597635 0.9077000671127049 0.8281947798691612 0.8940076085827079 0.8418303165684247 0.8951125446976156 0.8329499119552837 0.8963786352131339 0.8366147266467736 0.8941526700483452 0.8398969410210354 
0.3669409571264934 0.9848805546886509 0.7662633987508544 0.9327389437639916 0.8102826429654716 0.9075589340308556 0.8281882653066117 0.8948442353732358 0.8444659242078588 0.8951222160561862 0.8329504993644569 0.8963773998054486 0.8369421276814043 0.8941556708622658 0.8398952755657968 
0.3828981270199004 0.984843580388956 0.765993133106655 0.9293608355578835 0.8102826510716 0.9077002294484628 0.8281952387260223 0.8940100453736275 0.841975634093027 0.89511306745222 0.832968633439403 0.8963774337407251 0.8366147266467736 0.8941527829623201 0.839958935327541 
0.39868358981463375 0.9871895775460788 0.7662530050013753 0.9334268546927659 0.8100742501646605 0.9075602345990907 0.8282709232023926 0.8964010122171531 0.844464773456236 0.8953374348468132 0.8389683167449739 0.8924239582872848 0.836263500554134 0.8941481348074776 0.8400358058377208 
0.4146969778686861 0.9866008103443279 0.7662633987508544 0.9294848292797081 0.8102826105289781 0.9076993706593671 0.8281944212264373 0.8948442353732358 0.8404312782728917 0.8951222160561862 0.8329504993644569 0.8964600127174907 0.8369453400768005 0.8941505964759814 0.8398952755657968 
0.43099982965327804 0.9868558488610347 0.7662506942168918 0.929502753038704 0.8101797061295953 0.9075726817123356 0.8282044832059746 0.8886103348566418 0.8444179300348652 0.8953266932925963 0.8387063310370829 0.8949198802989371 0.8359323901115389 0.8946864362250119 0.8401932256311311 
0.4463019482153361 0.9849924670960166 0.7662646073875394 0.953765877260785 0.793525497240784 0.9092962931931138 0.82819114902427 0.8891288545985135 0.8030908725209088 0.895327088194716 0.8288815968279389 0.8964135054786186 0.8362250589203585 0.894677178683371 0.8399613530746984 
0.63980865333639 0.8389134651929455 0.7660792900538502 0.7916567522273338 0.8601716228178036 0.9532322793841286 0.7655841893126144 0.894069252385014 0.7896342812420706 0.8985214967557437 0.8648173055038711 0.8951293569931495 0.8650134217602627 0.8566954398282343 0.7998677430443643 
0.6555322067822722 0.832577138380845 0.7660792740414987 0.8035516544518247 0.8524935592065195 0.9534985187692574 0.7642740629223485 0.8998146444139864 0.7899900855968882 0.8978078625010476 0.8406923054860129 0.9084197531034769 0.8608182239464512 0.8566954398282343 0.7809737263797836 
0.6703377831467128 0.8452359143976347 0.7660804106466736 0.7885245257107758 0.8563179721447206 0.9531932717693596 0.7437485134869042 0.9579531409208575 0.8450286211583538 0.8962632164943815 0.8276263976813119 0.9135113030383897 0.8657832857636847 0.830823028419097 0.7991516473942286 
0.6852252367303246 0.8326155451925221 0.767779831439199 0.7916643587506716 0.8623619209618462 0.9533740525385256 0.7730847914227025 0.9569637897882314 0.7899892262782123 0.8945082885815648 0.8344583116665434 0.9427187603918563 0.8659212221695054 0.8566954398282343 0.79982888516963 
0.7003002036936639 0.8393111709138025 0.7660792650710412 0.8193836750769575 0.8476941259764819 0.9540338152343019 0.8466254185072141 0.9601876446729418 0.7908612441711509 0.9029002336678267 0.8329035931335127 0.8946414453444443 0.8141067926347225 0.85808531348684 0.7534299132248641 
0.7145897116974745 0.839199549918306 0.7660924607164853 0.803245909469397 0.8524726268639589 0.9666236217283353 0.7705355897173505 0.8970828778737783 0.7899900855968882 0.8978171460335413 0.8615911508071697 0.8942837619643887 0.9022605025243757 0.8300493331042506 0.781045137668351 
0.7282376441009568 0.8393120220716898 0.7660792651073499 0.8085404503081666 0.8476941259764819 0.9544628678882018 0.8466254185072141 0.9580240658409845 0.7899914310241114 0.9358869573609764 0.8329035931335127 0.8946414453444443 0.8194575937638402 0.85808531348684 0.7534299132248641 
0.7423480756900953 0.839307422271136 0.7660864844708346 0.7902042234132582 0.8026976985787181 0.9539035336361745 0.820022509748936 0.9575929035659363 0.7899899857795172 0.8977810144457014 0.8253823542441105 0.8950281964104565 0.9024492241444657 0.8300477728641659 0.7989792795654227 
0.7550605223263984 0.8390027510770952 0.7660791989751794 0.803439953472476 0.8974622520521127 0.9703063685683583 0.7705356352633163 0.9112105690590789 0.7899900855968882 0.9359696637625422 0.8089767987403772 0.9113399533717614 0.8194594554729522 0.8300773353470104 0.7810714255146446 
0.7676698280945583 0.8393111196213592 0.7660791824095404 0.8035314002949587 0.789824175799476 0.9546574110356673 0.7663354982902356 0.9376018987401503 0.7899904592567782 0.9831995650548013 0.8346210316088805 0.9179039711316938 0.847756332203805 0.831596432227119 0.8002326780984366 
0.894404171776114 0.8523196683041818 0.8733962897745845 0.8981402446547558 0.8486155122727596 0.8835153117938354 0.8505947437202018 0.8970287809357759 0.8407917786503981 0.8982639109040552 0.8222199766535737 0.9166366537477234 0.8140529865565458 0.9094213071976465 0.8227508924252439 
0.9024016265983358 0.8508742801019515 0.8687864318406783 0.8737483198165629 0.8487246571022571 0.8902203148706683 0.8411799783766385 0.8964271320020609 0.8395838675091367 0.8991214043624296 0.825165817014793 0.9158910129795368 0.8132416777833673 0.9094554164909182 0.8321855219869008 
0.9098663884839344 0.8403207824648659 0.8773328298559514 0.8604702715242146 0.854622860918226 0.8802434940407875 0.8453244395170768 0.8929102496823391 0.840955581004847 0.8989897611868939 0.8284410456445301 0.911546546374292 0.8134948155385886 0.9093738697100964 0.8261682087617364 
0.9170576629410706 0.8371493240705227 0.8780791149601976 0.8644993861539962 0.8594689724396642 0.882697206166819 0.8504489855378742 0.8805600123090391 0.8498401385900998 0.8893590615545583 0.8278276731455968 0.9116431495926608 0.8134936524307338 0.9160269910686878 0.8262617046684262 
0.9238742737145944 0.8376936986833052 0.8780662413355667 0.860620780037563 0.8591687571308413 0.882726539834524 0.8504366427917688 0.8842610380975721 0.8497120761705006 0.8952240667720852 0.8278621829317275 0.9116609834820671 0.8134948155385886 0.9157210946150012 0.8262443797818958 
0.9302967252887101 0.821698814496452 0.8917973537675872 0.861381166475942 0.8587903737428793 0.8826951136938752 0.8507324338211192 0.8801135595276418 0.8499791593070515 0.8887872539814715 0.8278302567089748 0.911637633784097 0.813605830153309 0.9151080300585183 0.8262616357931519 
0.9363152399151915 0.8217300835453929 0.8776678839133875 0.8646084545416047 0.8587895017655004 0.8826965963039319 0.8507335762105799 0.8801215616820566 0.8498327804537901 0.8886316447076148 0.8278289892227708 0.9116432468127734 0.8134849199890065 0.915107206287454 0.8262617435296161 
0.942040907760694 0.8217294687999048 0.8807490559896417 0.8645137596458495 0.8594057687649737 0.8702124510336477 0.8507331236390278 0.8817795653774051 0.8498299926176173 0.8951168133685797 0.8278581028994293 0.9116373088113943 0.8134960684669021 0.915090132313059 0.826260276120721 
0.9473953880363196 0.8217009782101652 0.878063459028472 0.8646089718590153 0.8587892143485667 0.882696104805816 0.8507335798554913 0.8800758743052004 0.8511765230333134 0.8894627199722708 0.8278301568140346 0.911568932557926 0.8135957267885585 0.9151345389089888 0.8261828121107561 
0.9488717956026084 0.8228899163437415 0.8780461474563689 0.8765408976203527 0.8595532832964764 0.8826958760510273 0.8507309517265899 0.893635326072017 0.8498521938902502 0.8990641951877747 0.8281910963493165 0.9146396174495562 0.8135975889390591 0.9160385172937974 0.8262619132774438 
0.9570570403399027 0.8217000015322807 0.8780634888522747 0.8649883306901945 0.8587988881494552 0.8827087369830344 0.8507274969619959 0.8793401596114003 0.8177869193373726 0.996647344925699 0.8274801318985858 0.8604923986918375 0.8132099854156942 0.9151317774392336 0.8262541154346271 
0.9622589596256197 0.8970487113693977 0.9510980982553282 0.8762473593666197 0.8543240797544338 0.8968991725893833 0.8505658873308851 0.8768171786869948 0.8498668054644735 0.8504718547750627 0.8281902241567201 0.9142772617101176 0.8134940329336383 0.9147156232216431 0.8009651267531093 
0.9656074255937609 0.8527988192661926 0.9189263986248107 0.8578772408887316 0.8129127664937799 0.9232766512706404 0.8520051398837087 0.8818445162923789 0.8724790912156026 0.7371055885326833 0.9587835968548437 0.8612632376038805 0.8062919692959224 0.8958643852252599 0.774858358315351 
0.9703761990526444 0.8649073193781247 0.8807526327193099 0.8580222000527503 0.8138750107778253 0.9068370148559783 0.8602355648346688 0.7730733579952176 0.8496013373868754 0.7407112826104263 0.9606452085742595 0.8711503415167763 0.8341323824934767 0.875131295261631 0.8741730859783042 
0.9722466845272779 0.8438116197316304 0.7731512681378642 0.7993561012369033 0.7821383997804584 0.8915358146354271 0.879603588843621 0.8766369046906863 0.7908435171746605 0.8679400927912406 0.8097978362571808 0.8962014173308075 0.8356021224598649 0.8936537232327488 0.8381131017511546 
0.9759759991156866 0.8527988192661926 0.9189263986248107 0.8578772408887316 0.8129298327592426 0.9514470087906286 0.8520051398837087 0.7719204371134116 0.8724790912156026 0.8997207323714655 0.9606380247662929 0.8991927334482459 0.8042137052564975 0.8962620998839972 0.8804028564795715 
0.9789964158769293 0.824140283452372 0.8598820615171999 0.7653596472677335 0.8559065664081614 0.8838181393163093 0.9180533782196799 0.957785340045489 0.811970217297058 0.8705619061230664 0.9589285029127769 0.8564297659781887 0.8132204093303687 0.9595773804076475 0.8382543467215868 
0.9819378496325041 0.8009208445953508 0.9190247211681248 0.7704916030787885 0.8559013366022332 0.833052221392205 0.9550918059354241 0.9600693014852455 0.811970217297058 0.8705619061230664 0.9504997186467262 0.8563340042418677 0.7549042265865823 0.9288291324017974 0.8351419052836164 
0.9844278740143453 0.8449576605779626 0.9181894784794999 0.7691770400794541 0.8571262016506057 0.9231086190188105 0.953634533110937 0.7998136554687293 0.8146801114139212 0.8676092874582544 0.950123791365613 0.8719117934104367 0.7554376229111349 0.8941648214052534 0.83765117818204 
0.9873885352857227 0.8465398834753614 0.9464028447578816 0.8973350951128829 0.8551380357377142 0.9231099258667296 0.953634533110937 0.8004886614340239 0.8117361328906363 0.86782372290124 0.934521076841134 0.8723119196099058 0.75454017662682 0.956918008675406 0.8388475925437762 
0.9887372207940969 0.8441511771069604 0.8021267180656879 0.8955128003122673 0.8550821332406835 0.9231100301941811 0.9556142700475231 0.8004696519769722 0.8120783714282233 0.8678216109150535 0.9566835345799101 0.8560613377006306 0.755351126647305 0.9558322996528403 0.8388281387254033 
0.9911053828566172 0.8441467481435222 0.9219612207458261 0.8955537994414807 0.8575259506416691 0.9231167247696898 0.9556156806104932 0.7924103440731756 0.8121063632976876 0.83582394199519 0.9499433554527142 0.9040430375990363 0.7553501611098635 0.9558316539147617 0.8389348527489123 
0.9924602839599207 0.7853521385199451 0.8016742570421065 0.8955128003122673 0.8550821332406835 0.923009621549817 0.955602896059539 0.784654885357159 0.8120758274531427 0.8339815305957299 0.9566782716997243 0.8564752768026348 0.755351126647305 0.9578927796355445 0.7770144651915256 
0.9937658618218785 0.86896700065301 0.8756944769152109 0.814780327142432 0.8121115216971978 0.9247409819297306 0.9435923812963237 0.8797669480900441 0.8765841297697814 0.8851105269448196 0.9564445548643262 0.9157139120268932 0.8003810084038226 0.9303532995817408 0.7658501980104316 
0.9961544077380361 0.8667000264109915 0.8805133754965314 0.7969662136384396 0.8120435505423252 0.9231508850913454 0.8494064890007291 0.7721826183510022 0.8811071956588419 0.8851072088342176 0.9576500662515378 0.9114998788568044 0.8030213528930813 0.9199498976600531 0.9064931102893267 
0.9982262384010406 0.8667000264109915 0.8807542626786218 0.7968113472848849 0.8120434357241832 0.9236993654502655 0.849427297288382 0.7715248751862711 0.8811071956588419 0.8842021864658619 0.9576435961640462 0.9114998788568044 0.8027598040324401 0.9403983027882005 0.879418477229263 
0.9985761375108693 0.8667000264109915 0.8805133754965314 0.7968161707071019 0.810688976147875 0.9233585467247393 0.8533474437567069 0.7721826183510022 0.8778728566487305 0.8842039818485732 0.9576499801313847 0.9114998788568044 0.8028444581205567 0.830786060863509 0.9064931102893267 
0.9994245384553332 0.883434262750592 0.8928529446497575 0.774515794458018 0.8120724559518584 0.9233369798425353 0.8585822032119976 0.797555684553632 0.8778680840796563 0.8841978991184859 0.9571499898260021 0.8992033284279117 0.8080968380337784 0.832750017883607 0.8875616041514601 
0.9999549003230739 0.8694225044695506 0.8807539701064786 0.7968109076244316 0.8120263455315131 0.9236787166764663 0.8586236395587825 0.7721810651733565 0.8778732107245603 0.8841613599202641 0.9571801036653291 0.9114996503705793 0.8030254292882307 0.8307861263386522 0.8798976041659231 
0.9999967700260003 0.8667462548356415 0.8802814302226892 0.7968137745745499 0.8120415715586756 0.9236802882917026 0.8497003889573416 0.7721381964721299 0.8777614144484607 0.8841212681196592 0.9571880285449959 0.9114996592221849 0.8027589789770366 0.8307861263386522 0.8797239772250223 
