0.25300058234448136 0.9759385228756879 
0.2427796150616934 1.0569379173676905 
0.24631196643993908 1.0297865459059652 
0.25097295080534066 0.9922012722885244 
0.2612061602180215 0.9715432896724279 
0.27514879606016507 0.9643341157912326 
0.28914275985966836 0.9567215223652948 
0.3031646611885835 0.9487150277671931 
0.31722499774299584 0.9403059459869438 
0.3312965944013724 0.9315085105173334 
0.34537425741493927 0.922325260184 
0.35944387725272603 0.9127654836896121 
0.369895446160016 0.9054169709603984 
0.5356024890500379 0.853151445962926 
0.5403516838214176 0.8384206849685086 
0.5477049151056737 0.8094236943511783 
0.5549640865812995 0.7909830854267844 
0.5626127852072985 0.733939942720366 
0.5743698087895956 0.7192849044835025 
0.586749212028 0.7054280461931675 
0.5989820556181682 0.6914449944546854 
0.6110411621932131 0.6773781330312301 
0.6229558055885588 0.6632044251100153 
0.6347031248036002 0.6489618022853891 
0.646276754914734 0.634669564269906 
0.657716408051458 0.6202889813040213 
0.668935311577242 0.6059408393955191 
0.6800242445814246 0.5915204495706649 
0.6909462174506606 0.5770854248213412 
0.7016836420067679 0.5626701088166456 
0.7122884047967689 0.5482147099392796 
0.7226856802995073 0.5338316278576445 
0.7329412402330131 0.5194404020781289 
0.7430428357067091 0.5050669870967593 
0.7529821400460183 0.49073246666383735 
0.7627337981572035 0.476483459437823 
0.7723509571558718 0.46225140871221854 
0.7818164552608747 0.4480696661199419 
0.79111045607934 0.4339767918588607 
0.8002706967534639 0.4199237799100838 
0.8092679916583355 0.4059632566342744 
0.8181263722524883 0.39206579532632524 
0.8268320990019977 0.3782604175045577 
0.8303043696321372 0.37271339169018547 
0.8293946470616067 0.3741689773828444 
