0.9102039005625197 0.9733953400701509 0.13431024568518662 0.2001123958463601 0.26650813778454185 0.9999999997067397 0.3823225325095461 0.46659731184014186 0.5338654528034991 0.6002272859923167 0.6663294910736632 0.7331488651876232 5.167450700233744E-10 2.6708902373903894E-9 0.10603521057734536 
0.9036321018914582 0.9829452148970732 0.1529694239600369 0.19974860422455554 0.266296838015366 0.9999999999836368 0.3460368287338892 0.46597725843798193 0.5340394125224973 0.5358257956243777 0.6662346012209931 0.7332245590715802 2.7757896957461002E-6 1.0136709114919805E-4 0.029693169146980156 
0.9058421903230323 0.9834281567845504 0.13235335370502516 0.18082433170989418 0.2662708668536583 0.9999999999835938 0.4003451311382741 0.46595884884726096 0.5340368350935464 0.5358257929263275 0.666226193180088 0.7331368033400525 1.66371513490751E-5 2.0369491801961807E-5 0.01914804286925645 
0.9088777096725413 0.9826957564539197 0.13347134226808907 0.2002585239874134 0.2710661116230573 0.999999999971183 0.3525526225500223 0.45620075347818584 0.5329415949747447 0.599932037975388 0.6657370936154308 0.7339210555439999 7.587987868137302E-5 0.03717593095567333 0.1273567635409096 
0.9121608942166222 0.9831341913043986 0.13341465909407285 0.200301035575799 0.26685055133168306 0.999999999956224 0.40010171842288894 0.4661425051295364 0.5335383172126853 0.6003628023619577 0.6668507034895066 0.7331628172506801 4.615895444257798E-10 1.4386809200443627E-9 0.01663976857113021 
0.91532866426973 0.9831391896570313 0.1334029531432867 0.20030193488625714 0.2669905866162912 0.9999999993676445 0.4001130715176505 0.46671617577905306 0.533528939482644 0.6003615388352919 0.6661337042210428 0.7331599445653522 1.1151834346385769E-8 6.866068215543765E-11 0.016638954901165893 
0.9183608821504833 0.9831391896570313 0.13340287605228365 0.20030193488625714 0.2669905866162912 0.9999999993676445 0.4001130715176505 0.46671617577905306 0.533528814386824 0.6003615388352919 0.66631170761356 0.7332031906399635 1.1492638771341695E-8 2.7999616453323013E-9 0.016638954901165893 
0.9212647625084999 0.9831470574385007 0.133393789651353 0.20030106841201695 0.26682481954346754 0.9999999999999057 0.40011638817148865 0.4667154577733202 0.533502106663544 0.6003902653583217 0.6663274110159931 0.7332108061964383 2.5491220607338714E-9 4.4278562392435945E-9 0.016901785774979063 
0.9240533559005735 0.9831391922825631 0.1334029096686126 0.2002976467471467 0.26685631593244 0.9999999995237281 0.4000860412402595 0.4667220750550648 0.5335381131823566 0.60035171247184 0.6661267501627263 0.7331590086993839 1.1151727323082189E-8 1.9258375453948193E-9 0.01663952142510743 
0.9267309907599925 0.9830693774427116 0.1334057145160057 0.20029957300473353 0.26686005358592835 0.9999999999986842 0.39965374095115425 0.4664912337499786 0.5330562870506581 0.6001928138429211 0.6662932367158877 0.7341246005986454 5.911580751897504E-9 5.252454126229797E-8 0.01642092716314729 
0.9293055967303144 0.9830703812415673 0.13339187801118385 0.20011517936718332 0.2668243898846233 0.9999999993838419 0.3995660851737462 0.4667154172644542 0.5335024346134193 0.6001612031343032 0.6663241676508445 0.7332105564859251 7.47402281275813E-10 5.22895083611312E-8 0.01677012480075398 
0.931782667647906 0.9830693663351024 0.1333435528842836 0.20029957419420705 0.26683797243331353 0.9999999999986522 0.40007735859495447 0.46636334819847913 0.5330248972450505 0.5993632228875776 0.6662932366180192 0.7331400499710493 2.374579820089866E-11 1.2494765202334776E-9 0.01677293455809777 
0.9335648410214488 0.9830703911873171 0.13334432759008363 0.20028206240458418 0.26682704210151204 0.9999999999999849 0.40008618609542296 0.46671577557907773 0.533537949639999 0.5994533292109571 0.6661349775914138 0.7331400499971521 2.4257566682515755E-12 3.1884345976983184E-10 0.01684758307547251 
0.9525057743864748 0.9830648848518452 0.1331780273833737 0.16962071534257647 0.2872227159005865 0.9999999999619432 0.39917685405195097 0.3974398866593858 0.5317993105887527 0.6364615076802611 0.6928935684308137 0.7332075849498694 0.00614208885002249 1.9921211403296468E-8 0.016759689341085987 
0.9535362493899446 0.9830689461117573 0.14466796397084813 0.20060170242947667 0.2673652546233149 0.999999999642474 0.39907571049283475 0.39781960387798504 0.53176485416044 0.6000752948960015 0.6928960440539569 0.7074165860573801 7.017371202800299E-4 2.232251596956248E-8 0.013756370086785144 
0.9554073583560158 0.9830693624745045 0.1334333946479985 0.2008075781075387 0.26685606162631653 0.9999999995516193 0.45404436424561634 0.46771909239148723 0.49167122268659924 0.5521358276543985 0.6661256934690483 0.7335342038886884 0.001085210634533866 2.1650521290753693E-8 0.017381258383129705 
0.9567629843685096 0.9830693624745045 0.1334333946479985 0.2008075781075387 0.26685606162631653 0.9999999995516193 0.45404436424561634 0.46771909239148723 0.5336519382517316 0.5521358276543985 0.6661561871009868 0.7335342038886884 0.001085210634533866 2.1650521290753693E-8 0.017381258383129705 
0.9599495352554448 0.9831482765366756 0.1334026726585272 0.20000579805713903 0.24055669706276064 0.9999999998506052 0.39983536662964075 0.46772505405196596 0.5334612418298539 0.6001707546934557 0.6660424102388061 0.7331031637864485 2.4214561987672044E-9 4.465424487576884E-9 0.016637088440788615 
0.9613584072585867 0.9836056375551104 0.1334338237349699 0.19990351849304278 0.2668541014538514 0.9999999994061028 0.39981575838050604 0.4664592399019172 0.5335199479197071 0.6002386194520549 0.6661315069516996 0.7330662732863401 2.3864201307719945E-9 1.586256792474478E-7 0.017050579004729994 
0.9627260486160993 0.9835541007190263 0.13343382108760649 0.200008484762403 0.26682491562455646 0.9999999999665606 0.3998282263195895 0.46645663152872113 0.533519722794909 0.6002392858103858 0.6661315127098605 0.7330996129519295 4.4418039352733385E-9 4.700845020398172E-9 0.017362430114528683 
0.9640512953265767 0.9836105990770195 0.13343422114978662 0.19990681450159803 0.26682154711256056 0.999999986985249 0.3998653385869525 0.46645949047290064 0.5335405557596563 0.6001593102691526 0.6661315122630446 0.7337123778253399 4.361866732531076E-9 1.0536615218253924E-7 0.017049818672908598 
0.9653332223374012 0.9837940842525361 0.13343076707990523 0.19989413397936925 0.2669729659367945 0.999999999520621 0.3998080222676859 0.4664592341846676 0.5334561935751916 0.6002146944477922 0.6661274866496026 0.7336773554695101 7.343516696478367E-9 8.805687238772244E-9 0.017365304559244555 
0.9665768089465572 0.9831446327181904 0.13340379057494217 0.20008923354299957 0.2668234996994112 0.9999999998506268 0.39986299384948776 0.466487810564117 0.5334624940416981 0.6001709545803917 0.6662891806690076 0.7331016942289823 2.4322275609684956E-9 1.8947478740409859E-6 0.017075989985797197 
0.9677813846613335 0.9831233924026679 0.13343496807454286 0.2000918831602621 0.26698570764264606 0.9999999997288536 0.3998692738819989 0.46670671020206933 0.5335398124874313 0.6003633458462722 0.6660911155201105 0.7330914681110252 1.096883461234708E-8 3.176706751519019E-9 0.016634077094333684 
0.968947970594614 0.9837654059651357 0.13342831623506765 0.20009099650990655 0.266653341421991 0.9999999998449878 0.3998698701028394 0.46648392203160827 0.5335379080745829 0.6002444060150711 0.6662918637471248 0.7331406602057148 3.009320767065695E-9 4.7761066906201767E-8 0.017047307918995364 
0.9700820459282106 0.9837395526358218 0.13351834814268662 0.19979599718004065 0.2670060832041414 0.9999999995957787 0.3996493069690934 0.4664880925757916 0.5334782559884927 0.6002281395385417 0.6663030208549819 0.7332135868522868 1.4039819927937255E-8 5.515984301158851E-8 0.016688806636486815 
0.9711764959050931 0.9831597859654776 0.1333451879264109 0.19980099855108932 0.26713269475357293 0.9999999992852188 0.39966153832553547 0.46648809441970207 0.5335720902084032 0.6002422864664887 0.6662915918331686 0.7332172309721641 2.647569719526973E-10 5.54146431600032E-8 0.016412239083867873 
0.9722415594886841 0.9835415466978017 0.1334940479466882 0.19988022828897287 0.2664625519080167 0.9999999994122758 0.39986905035676346 0.4665997824176175 0.5336870618698862 0.6002246359175059 0.6661188888321741 0.7331150278653987 1.0662779443542717E-7 1.9688387188718058E-7 0.016662701464146223 
0.9732748579746366 0.9837390378443734 0.13349980901269484 0.1998690673301287 0.26650946811654397 0.9999999992613724 0.3998715443710433 0.4664909770164983 0.5336882683251141 0.6002291267425157 0.666289615619428 0.7330341932543635 1.3853699714498828E-9 4.794694281523095E-8 0.016896140752584006 
0.9742759420066559 0.9831305616284949 0.1333359636245269 0.20009168491855056 0.2664611254509352 0.999999999544054 0.3998096080743357 0.4664868468556872 0.5331188566597626 0.6002399235596769 0.6663244798464439 0.7331483952335449 1.7105803284479504E-10 4.864045060312889E-8 0.016853120395441488 
0.9752507209601686 0.9820831041300251 0.1333357373266017 0.19984626993961985 0.2664454968277345 0.9999999999219379 0.39987150301260926 0.46659527477374596 0.5336882214903083 0.6003673423771281 0.66632339279989 0.7331488609549129 1.4505765069603767E-8 1.5426016296947274E-7 0.01684487003060754 
0.9761933654392398 0.9830437886967883 0.13333619784222725 0.200072523615507 0.2665477667763184 0.9999999999151058 0.39987159493301483 0.4665953295904972 0.5336878714980209 0.6002229980625752 0.6663226469564804 0.7330360731192599 1.4305507072860794E-9 1.9691449027922287E-7 0.016440288319779117 
0.9771108422195426 0.983136038273379 0.13334118321431435 0.1998664418474347 0.2665078782666917 0.9999999999937439 0.39982882106931367 0.4664812205539017 0.5330498866384439 0.600235638344297 0.6662254946650747 0.7331455502842882 9.746438427111841E-11 4.604611049180329E-8 0.016847703703709964 
0.9780029058176787 0.9837454391665283 0.1334956411771174 0.2000931424243466 0.2665411686496082 0.9999999999842564 0.3998735163408478 0.46648626265964704 0.533518394407221 0.6002277544269898 0.6663043754049555 0.733141433561204 1.7907920203423863E-9 1.9573488689362077E-7 0.01690199596456991 
0.9788696577085583 0.9831534374196199 0.13333823104475034 0.2000800985469487 0.2665081902966856 0.9999999996955109 0.4000745002520754 0.4666001445429209 0.5335182851978896 0.6002271233248588 0.6663046100506587 0.733134312767617 7.303156456671273E-10 4.904711136990705E-8 0.016891174186781918 
0.9797097297536079 0.9831595911361196 0.13334511397342122 0.20007987717897238 0.26655982758586677 0.9999999993874156 0.39970502187869206 0.4665996895076771 0.5336575228253906 0.6002271235091664 0.6663236346341587 0.7331342985500442 2.5911464771764526E-9 4.645095640061834E-8 0.016894495626281987 
0.9805284540542896 0.9831305920510766 0.13344950106213951 0.20011368242385716 0.26650742613063083 0.9999999999106008 0.4000481857121428 0.466532125554141 0.5331104461824644 0.6003481655118252 0.6662964528920178 0.7331453303555471 8.817378357664182E-9 4.931215804295451E-8 0.01684751649687791 
0.9813250284295406 0.983144500309331 0.13344226383102978 0.20009577544054674 0.2665017080474028 0.9999999999865784 0.400080047416345 0.466707853194435 0.533518555043125 0.6003519060352612 0.6663039235138979 0.7331433179489919 8.557734317204473E-9 4.671717150158911E-8 0.016891313937881344 
0.9820984600429985 0.9831305400987914 0.13331932503528637 0.19987260656795902 0.2664592025897589 0.999999999999449 0.40004680492607786 0.4665407586832986 0.5335178369847661 0.600231994615584 0.666296490110956 0.733145347907836 8.53457000491801E-9 3.340247735896472E-8 0.016898173799544305 
0.9828525061527946 0.9831542104848894 0.13334243831844056 0.2002855337061178 0.2665017605888166 0.9999999997072341 0.39966260551169647 0.46660224120064026 0.533537721911249 0.6003710760034384 0.66632346328179 0.7331340292124325 2.572434862167905E-9 4.6859080311976543E-8 0.01687195601253187 
0.9835853374348245 0.983148698741214 0.13340910745287207 0.20010849096458208 0.26646207897293983 0.9999999999225914 0.4000663428865543 0.4665111489031751 0.5336578945428642 0.6003487047490236 0.6661599734662171 0.7331342337493164 1.0332829262780425E-10 1.0536032428283716E-7 0.01694204567169904 
0.9842994623962849 0.9831486414471223 0.13334077192333507 0.19990569954217816 0.2665330030766525 0.9999999994020478 0.40011033044687866 0.4665316174797455 0.5330362798045382 0.6002291651445034 0.6662267180862078 0.7330640320503641 2.0646936502397415E-11 2.2141036681639158E-8 0.01689797695405864 
0.9849942840964202 0.983148101803349 0.13330983926129503 0.20010841809470978 0.2664622573418883 0.9999999999128061 0.40008639033647464 0.46671691181330105 0.533635187846897 0.6003515929758467 0.6662153814778554 0.7331391278442234 6.182556408440186E-12 5.504904863878444E-11 0.01693873742460728 
0.9852695098421228 0.9831483213122557 0.1333090900149795 0.20010511250142066 0.2668283199448919 0.9999999999999762 0.4000861520356912 0.4667167557103837 0.5335379968208128 0.6002258171895521 0.6663124555288875 0.7331406069517528 2.2331777856346434E-12 3.3923840442735794E-10 0.016845081220271323 
0.9851975042395679 0.983148637736999 0.13334077158321458 0.19990514204617865 0.2665507758854744 0.9999999995080979 0.40011033044687866 0.46653822397321326 0.5330428237641408 0.6002291651445034 0.6662283778119263 0.7330640320503641 2.323321151421236E-12 1.662931680368817E-8 0.009754012233075461 
