8.535393160735554E-5 1.6656115651156493 
0.015487627039700969 1.6409110379533418 
0.0311257414762197 1.6159163217662595 
0.04628677616267665 1.5918436494826378 
0.061322555976823116 1.5681829857868657 
0.07623311251727162 1.545002970916745 
0.10642403051183486 1.362272773634856 
0.13714678646986833 1.2158715971877407 
0.23738470644182072 1.191641486686244 
0.2674610365998647 1.158683050615442 
0.27452159944250204 1.1210821117886975 
0.3057672164269834 1.0987518307482629 
0.30637919161719307 1.0983579817736568 
0.3363049867473457 1.0811440882155792 
0.48569576463467456 1.078377793972582 
0.4928426731494838 0.7161727232743104 
0.5054525837499385 0.6921364387040967 
0.5851562455549533 0.6111971256683529 
0.5875444472658191 0.6093410837989376 
0.6439091204012123 0.543673214740195 
0.6637328486403076 0.49589769237580666 
0.6715633608888911 0.483941173234032 
0.6790411185637959 0.48063582396258225 
0.6926644311816312 0.475328604737811 
