4.355449945124719E-5 0.9528481177726835 0.1832297776529996 0.9614697069267222 0.9654927443226171 0.9693111101479513 0.9729306759420918 0.9763839485037497 0.979863678211965 0.9829605773674444 0.9860770445909092 0.9890448498420935 0.9919189982149841 0.9947462128803396 0.997398191858715 
0.007903065267974695 0.9528397405104791 0.060489609674876155 0.961464244327259 0.9654913525366244 0.9693243719096293 0.9729301085480878 0.9763837086398446 0.9798268286917149 0.9829557928406094 0.9860772010419343 0.9890449892294497 0.9919164549163654 0.9947464601854399 0.9973980836120686 
0.01588292582849414 0.9528332640108567 0.18310399720543688 0.9614474834264071 0.9654910244976997 0.9693111506070057 0.9729295703392229 0.9763836988211836 0.9798283662302371 0.9829586549371856 0.9860770399659218 0.9890458606279369 0.9919135825615867 0.9947458671249817 0.9973980824020529 
0.02361924240929093 0.9528481088288511 0.18647982450707776 0.9614697045738716 0.9655061120472623 0.9693120764539537 0.9729306680008535 0.9763839329627615 0.979863535128596 0.9829556675333974 0.9860771852304125 0.9890448463745362 0.9919172657407542 0.9947561902850273 0.997398191858715 
0.03129171122279313 0.9528332545530701 0.17586254461140954 0.9614473287235155 0.9655041428089792 0.969323889401649 0.9729307759231911 0.9763836942632023 0.9798633028270385 0.9829603184346232 0.986077244975229 0.9890450183338211 0.9919134131212246 0.9947562237429687 0.9973980829382492 
0.03890030753488584 0.9528407450804197 0.17255471404969394 0.9614667992973935 0.9654927723370289 0.9693110884178078 0.9729326788206611 0.9763837004845283 0.9798663611787506 0.982960394580657 0.9860927182951056 0.9890451749570927 0.9919190151933851 0.9947455213131278 0.9973962748182226 
0.059200327455387405 0.9528332042123538 0.8713546588302202 0.961455809471979 0.9654998874962986 0.9693111101479513 0.9729306759420918 0.9763838467688337 0.9798634979018831 0.9829605773674444 0.9860736242145928 0.9890449072235279 0.9919190041180381 0.9947461655340164 0.997398191858715 
0.08187291360177106 0.9528330616052936 0.9202320994009441 0.9391051182878137 0.9654928880165222 0.9693111814587376 0.9729587107770189 0.9763838807198006 0.9797288952564761 0.9828556980220661 0.9923676194644309 0.9890438956438723 0.9919199293364799 0.994747105031624 0.9974282230494498 
0.1326890493483916 0.9527763454018557 0.8737255517682909 0.9600980443051217 0.9654897354785789 0.9693058798192273 0.9729339606314732 0.9763830969721282 0.9797517527746116 0.9829510302387122 0.9860742345167439 0.989078123828197 0.9919188460054457 0.9947545760468124 0.9973980097620055 
0.15006452548958363 0.9527763454018557 0.8824436118188532 0.9611640321974678 0.9654860602529426 0.9693105029832442 0.9729339606314732 0.9763830969721282 0.9797543969932718 0.9802219321577391 0.9860769300873161 0.9890779187304412 0.991919054252043 0.9990070092982967 0.9973976708967941 
0.1576668571346345 0.9527763454018557 0.8832304625292623 0.9615951933597627 0.9654892500177013 0.9693053138703535 0.972933969653598 0.9763830969721282 0.9797517527746116 0.98295097512257 0.9860742345167439 0.989078123828197 0.9919188460054457 0.9946576666790872 0.9974431314940883 
0.17560549414793244 0.9527781656296012 0.8832719048312695 0.9617510388735175 0.9654992395818208 0.9693619528891696 0.9729320765274195 0.9763896751753393 0.9797841016990663 0.9825035487067353 0.9860742369645863 0.9890720085843587 0.9919725075298563 0.9946557916402482 0.9973843316929368 
0.17595699742041943 0.9527781426640356 0.8832719048312695 0.9617510388735175 0.965499271571973 0.9693035857922195 0.9729321056312364 0.9763900090216809 0.9797841016990663 0.9825035487067353 0.9860742369645863 0.9890720950949506 0.9919720468393145 0.9946557916402482 0.997443963496254 
0.1931468445498734 0.9527763454018557 0.8832304625292623 0.9617404412121712 0.9654892500177013 0.9693053211503735 0.9729332353570372 0.9763830969721282 0.9797517527746116 0.98295097512257 0.9860742345167439 0.989078123828197 0.9919188460054457 0.9946576666790872 0.9974431314940883 
0.2706015375594398 0.9527754009141102 0.8720486462618309 0.9614643221385386 0.9655057238639291 0.9693572319608701 0.9729321694525817 0.9763895635529665 0.9798470038899443 0.9829596353285182 0.9860761976800231 0.9890428481117574 0.9919465260997304 0.9946828165692625 0.9974524295676249 
0.36070826354931435 0.9471313342805906 0.9271621698540324 0.9598767677062476 0.9654899202137445 0.9696959295883342 0.9729319205567991 0.9763873718303382 0.9797556909048137 0.9825178893415694 0.9915074472392684 0.9897341316245423 0.9927204092169618 0.9947516893965052 0.9973989875578583 
0.3712790691818373 0.9471313342805906 0.9271624153627076 0.9598795342874136 0.9654899202137445 0.9696959295883342 0.9729319205567991 0.9758438208089762 0.9797556909048137 0.9825178893415694 0.9911597798633425 0.9890974740586098 0.9927418070639928 0.9947516893965052 0.9973989874943716 
0.4221330764050985 0.9471275329460134 0.9272176389275624 0.9597556782914193 0.9659076225051988 0.9696948410169545 0.9729302361225594 0.9763820744307284 0.9797554800821762 0.9753691857868466 0.9861491478215964 0.9890863817971053 0.9919201334229785 0.9958313039292945 0.9973989881016866 
0.42355695876462823 0.9471256973986879 0.9272176389275624 0.9597556782914193 0.9659076225051988 0.9696931044635057 0.9729302361225594 0.976383760574211 0.9797554800821762 0.9753691857868466 0.9861487359196626 0.9899135739502759 0.9919201334229785 0.9958313039292945 0.9973989880987567 
0.4682757544782157 0.9527808889546345 0.9225129866386146 0.9614563228588454 0.965498983039345 0.9689151530636464 0.9729318325483499 0.9763896633081196 0.9797554475054405 0.982969360348261 0.9859838448456232 0.989729787001318 0.9927393958790283 0.994817781998764 0.9974259750335257 
0.5002683787169084 0.9527765322621077 0.9268266301697772 0.9614758696704689 0.9654990629988494 0.9707688479598866 0.972961333134309 0.9763895808520273 0.979850123643504 0.9829614415123502 0.9860739275542924 0.9897298395968845 0.9945660891029663 0.9946821535632275 0.997398800223336 
0.511060756571653 0.9528331170572925 0.9269540427040364 0.9614754030615936 0.9654991895917094 0.9693251583556188 0.9729319205567991 0.9763838921289293 0.9797568625382762 0.9829907830852123 0.985732209713934 0.9897328711451652 0.992612792566503 0.9947547638120529 0.9973973973114214 
0.5167245599348408 0.9528331170572925 0.9269540426573958 0.9614754030615936 0.9654991895917094 0.9693218897020636 0.9729319205567991 0.9763838921289293 0.9797568625382762 0.9829907830852123 0.985969944622167 0.9897184848904137 0.9927182359761634 0.9947547638120529 0.9974259750335257 
0.5270815111675524 0.9528331170572925 0.9269540459993261 0.9614758975827157 0.9654991895917094 0.9693218239041145 0.9729319205567991 0.9763838921289293 0.9797568625411199 0.982518681867882 0.985969944622167 0.9897184168306677 0.9926156399392192 0.9947547638120529 0.9974259750335257 
