0.25347293523287956 0.9720235605691607 
0.23266002235543917 1.1339091652908415 
0.23366759592430408 1.1266808652862526 
0.24452849293671258 1.0433065598883826 
0.24596949646734195 1.0321255912781193 
0.2606514203784926 0.968192137335457 
0.27456548304815026 0.9609973472218154 
0.28850704497983287 0.9533965905303647 
0.3025085901888338 0.9453928142074877 
0.31651840475302373 0.9370048382467215 
0.33056818258275783 0.9282114453420803 
0.3446544803711888 0.9190119521953063 
0.35867332429732746 0.9094754306761943 
0.37062672596287494 0.9010436795299385 
0.5372686910221732 0.8454831243263293 
0.5404759917906069 0.831703606419797 
0.5464350244802316 0.8061973638765381 
0.5525453949965615 0.7812009632710167 
0.5576636463100687 0.7572200240900137 
0.5633639707353655 0.7336055978716959 
0.5730476177498475 0.7162881276831221 
0.5853641959625613 0.7024883189450964 
0.5975178301670455 0.688583464529799 
0.6095468051742309 0.6745398541795271 
0.6213984597770612 0.6604294551783794 
0.6332039639345046 0.6461039566879868 
0.6446804416111994 0.6319192241876006 
0.6560761783371141 0.6175822183118806 
0.667286498671327 0.6032333752877725 
0.6783642536630727 0.5888154135673713 
0.6892223460847726 0.5744529580234453 
0.6999430047918672 0.560048553332061 
0.7105330419835173 0.5456013656471841 
0.7209169256328196 0.5312247715946768 
0.7311432894433358 0.5168624090025139 
0.7412001681714323 0.502540784220895 
0.751133791550139 0.4882026126995599 
0.760820826921139 0.47403653220088093 
0.7704259373066945 0.45981103253138267 
0.7798770287794602 0.4456394423591155 
0.7891186238431085 0.4316149002416063 
0.7982251356589836 0.4176337444613123 
0.8072210685728919 0.4036648517009007 
0.8160617437631544 0.38978631646753553 
0.8247018539376981 0.3760730169482281 
0.8332573620024968 0.3623534720238091 
0.8416673971982871 0.348729206212091 
0.8446855757286336 0.3438063914360831 
0.8446786431771494 0.3438177189972283 
0.8446785036068468 0.3438179470469984 
