0.91052077311208 0.9831900770054308 0.904897121781006 0.19032920047804297 0.9999999999999851 0.3340502291489884 0.4074945034472037 0.4700825100377174 0.5331755182081681 0.5934150460885511 0.6661779450803877 0.7332439550939197 0.8103517805681696 0.025204327044492804 0.014377221278040631 
0.8974173292758321 0.9835661621668523 0.8965665134286901 0.22054116421000625 0.9460356597502162 0.36137169599890384 0.38979911038633175 0.4816599523141282 0.4996551105435928 0.6803976912380575 0.6447013167431912 0.7336965318779133 0.7840633881347463 0.26560932111163 0.2027262786503208 
0.8980102025179996 0.9835661162115127 0.8965665134286901 0.19297219771646978 0.9498532328167985 0.32651126911456124 0.38979205798268723 0.48174774677225535 0.49993341228530946 0.6803976912380575 0.6447013167431912 0.7337002947807288 0.8082735390751806 0.2585494019161761 0.17869118591973598 
0.9047343377034585 0.983661930960014 0.964298960894255 0.19924040046076413 0.9999976663757358 0.33401043518812756 0.39038908364599256 0.46640521038904914 0.532979834807732 0.6644921659147127 0.6688184354302587 0.732542396133395 0.8007711851717254 0.25145500704678364 0.017691754229170024 
0.9056427492848158 0.9934897078895393 0.9999993289583798 0.1994808714309975 0.9901664922430558 0.3287958148117714 0.40005617257917936 0.47008583266651305 0.533246375364147 0.6617132237479233 0.667276428418956 0.7367217480159822 0.8193969955114367 0.24286126613110814 0.016519771150483763 
0.912232079403228 0.9834165705326564 0.9999999298378012 0.19957820848430763 0.9999999999859345 0.33377991395592044 0.4000480881628788 0.4669063831123798 0.5333495559954693 0.5996233257565412 0.6667818870480423 0.7332439574793097 0.8002744681845217 5.724659652587633E-5 0.014377221278040631 
0.9153998834536063 0.9834271818892273 0.9988892881925946 0.1994793046156218 0.9999990069573468 0.3337814824348637 0.40704907095262965 0.4666651954927446 0.5334057431733952 0.5998009927603188 0.6669812980586981 0.7325722818998351 0.7999747779534528 1.0692186117964572E-9 0.01760571762843808 
0.9184279586583868 0.9830751144302583 0.9999999998005094 0.19957834572334524 0.9999999999984686 0.3337684550051525 0.40000462433493744 0.4663820645006105 0.5333490968344387 0.6000429159917655 0.6667658552691363 0.7336374684607472 0.8001654261690828 2.2544208602371385E-11 0.016543818802950697 
0.9213341775390009 0.9827006674164923 0.9999999995178669 0.19949327043844947 0.9999999999999819 0.33382474572530735 0.3999553789265588 0.46666661630036865 0.5333491405620523 0.6000417652976464 0.6667635806973362 0.7336057243897864 0.8001521395385298 3.1317509000952285E-8 0.016713009217238277 
0.9241190648920515 0.9713910548524357 0.9999999972757779 0.19949327097563402 0.9999999999989614 0.33376821845280635 0.3999555525282835 0.4663784660559374 0.5333491418894072 0.6000429314878681 0.6667981314366516 0.7336527781035996 0.8001521656059876 2.2272098028578244E-8 0.01671296070346594 
0.9267986755660063 0.9830444516080447 0.9999999995308944 0.1995778436592876 0.9999999999996685 0.33378035171998943 0.399954343331509 0.4663919162988827 0.5333491045286736 0.60004294020324 0.666763695848449 0.7336057117334758 0.8001510000071199 1.4996968191122292E-9 0.016819582123388972 
0.9293805864511746 0.9830444506172569 0.9999999999365757 0.19957974369139153 0.9999999999999992 0.33340360267426505 0.40000855711745975 0.46667960223674454 0.533344876930581 0.6000434956883621 0.6667800165655491 0.7336053240445622 0.7999829308193084 1.2035050032490042E-12 0.0168199103086375 
0.9318541414301212 0.9830444548068223 0.9999999997587772 0.19949761874865812 0.9999999999999779 0.3337795026253588 0.40000810368307804 0.4664011218103873 0.5333448884994239 0.6000719374251011 0.6667644728669991 0.733602796334093 0.8001510669475941 3.917807604177612E-11 0.01681950460188374 
0.9338929925612893 0.9830444506172595 0.9999999969769658 0.1995792104707973 0.9999999999999992 0.33377944301750084 0.4000047432233347 0.46667974685432173 0.5333490615802099 0.6000410436468514 0.6667637125886274 0.7336026482268976 0.8001511706621705 1.7386274212444873E-12 0.016819451258576954 
0.9529841748845197 0.9961681075317615 0.9999999974570535 0.19949767023112921 0.9999999976729056 0.3251432901244278 0.43645169711591403 0.46676681946880805 0.5346247972327433 0.5300650426303994 0.6674020026334547 0.7517622198630857 0.8007766975706925 1.7273846008425799E-6 0.0017473203517702814 
0.9538578707944236 0.979874985598429 0.9999942757444257 0.19992509003267414 0.9999999999986262 0.33339846842999254 0.4000340084627437 0.4682398440871829 0.5334167893895082 0.5309091652127829 0.6675572319573158 0.7335037921046127 0.7999830624373462 2.5212672813749066E-5 0.017530296003805235 
0.9554706402395161 0.9154441690933964 0.987991761237016 0.19954731244629886 0.9999999976730621 0.3340396414497091 0.40004878291740736 0.4667668450098262 0.5335711163965415 0.5357365013008865 0.6673988862352417 0.7334870593382088 0.8007886271171738 2.1152036029317066E-5 0.003017302563604319 
0.957061194582393 0.9831214836956624 0.999999877001086 0.1995442111106817 0.9999999977157521 0.33341371794561914 0.4000093700671935 0.46641830000939033 0.591817652990994 0.6000418121914689 0.667404004342792 0.733560534635454 0.800130703793931 2.0604967927234652E-4 0.017094474157478223 
0.9585301986663788 0.9854158095460029 0.9999955597295126 0.20030185016711133 0.9999990166135935 0.333383590489954 0.4392638962488138 0.468279164465916 0.5334164859211695 0.5841375780816412 0.7114268568659501 0.7335100569079266 0.7999736568226513 1.005113107459225E-7 0.017515606202461034 
0.9600120786724553 0.9831081685103763 0.9882825834879427 0.23643774979371576 0.9999999997582325 0.3331801557232225 0.40000937018811716 0.4666839904406005 0.533372798304107 0.6003534400472437 0.6671478917602013 0.7334700657993217 0.7983303330375826 5.099414821425805E-7 0.013225946061940608 
0.9614219840696953 0.9833664336062331 0.9999990126421205 0.19954607027483653 0.9999999998235138 0.33334430669609827 0.40001109103424365 0.4666717634279392 0.5333479136394087 0.600437005823931 0.6670973676584824 0.733720982554785 0.8001146099902143 1.5312448868010495E-8 0.017090698001618013 
0.9627859519022823 0.9833669681126456 0.9999989306334013 0.19954602432388965 0.9999999998231894 0.33334280325419224 0.40004496536219797 0.46642075090214974 0.5333347503562664 0.6000219213625723 0.6670990293465179 0.7337173707293405 0.8001462476857927 5.139132473550912E-8 0.01709082996343761 
0.9641058653250459 0.9832432828508024 0.999849110357294 0.19953501439636037 0.9999999941759836 0.33342839202231456 0.4000130395023764 0.46666190465484164 0.5332016840157768 0.6003338638759328 0.667358654403342 0.7337159386881805 0.8001427417100595 5.465283138815909E-7 0.017095523114356633 
0.9653877953311338 0.98543873564369 0.9998464951932399 0.1995458624570827 0.9999999999651715 0.3333517771983354 0.4000449727716131 0.4666047037818171 0.5333324346785976 0.6012423463425808 0.666809679277253 0.7337131328697004 0.8001419387023344 1.0469263974993725E-10 0.017092055339547357 
0.9666279441970865 0.9833669681126456 0.9999998071796201 0.19954437389897534 0.9999999998221157 0.3333519109615337 0.40004433400838574 0.46642075090214974 0.5333347475707981 0.6000219213625723 0.6670990293465179 0.7336137047105048 0.8001462476857927 5.139132473550912E-8 0.017092591654590285 
0.9678415043094534 0.9835816691375241 0.9998770180448284 0.19955532015788696 0.9999999932807562 0.3337521352225395 0.40004353164352957 0.4666793922543424 0.533395238508919 0.6003518013813731 0.6667764322049659 0.7332631052061762 0.8001431935262869 4.6133985686456524E-8 0.0167563387820891 
0.9690011685944692 0.9833673874654617 0.9999994192537905 0.19954585177199338 0.9999999999605508 0.3333519109615337 0.40004433400838574 0.4666308109793567 0.5333324364568712 0.6000219213625723 0.666805514991212 0.7335762902151256 0.8001462476857927 5.139132473550912E-8 0.017092591654590285 
0.9701337624250812 0.98357794772307 0.9999999998574388 0.19955519823655127 0.999999999111198 0.33342568160655495 0.40000951108289995 0.4666784249634806 0.5332498774896546 0.6003517394760264 0.6667765074118489 0.73372919328427 0.8000944511343893 5.301416640713517E-7 0.016822396500516895 
0.9712301526511375 0.9830792644467075 0.9999999969977251 0.19956050298713304 0.9999999999502928 0.33336406355316056 0.4000447908865332 0.46658489745317416 0.5333375517946449 0.6000152274009533 0.6670992598161948 0.7336194794464438 0.800766874671084 3.519509877541333E-7 0.016829326649392226 
0.972296818330576 0.983121483205794 0.9999983376769591 0.19968896478720377 0.9999999999999968 0.33339673386588103 0.4000089544754561 0.46667787243215264 0.5334053855315208 0.6012431772290743 0.6667797078218552 0.7332399689183613 0.799712597018951 4.911587039644444E-12 0.01681246880503077 
0.9733266719833532 0.983587671158734 0.9999999612313399 0.19968894436034107 0.9999999999487325 0.3337655484881292 0.40000970780967066 0.4666778653340269 0.5334033657659208 0.6001596565339828 0.6667964707781254 0.7336195845736647 0.8000809231416202 4.2745580823194677E-10 0.01682804877221499 
0.9743287393124253 0.9842927839180422 0.9999963118661302 0.19952725288404954 0.9999999996183546 0.3333710547745539 0.4000105102111738 0.466588409312861 0.5334441557632131 0.6004035866282377 0.6667705306164564 0.7337115934288244 0.8001568778973986 5.889360545882987E-6 0.017504436376053284 
0.9753046310642524 0.9835388302999937 0.9999982745643823 0.19952135590885448 0.9999999999980044 0.333350142077029 0.40000895612033843 0.4665929646287483 0.5332618432274548 0.6000114972722521 0.6667923268202965 0.7332573140526938 0.8000849718181618 7.345980588356883E-7 0.016832768208609628 
0.9762484318481183 0.9837131485472447 0.9999999923539676 0.19952739931267172 0.9999999999086518 0.33376816629867606 0.4000288570021086 0.4666064328409071 0.5334621256648125 0.6000208624151966 0.6670983146560188 0.7335252593237965 0.8000808614564189 3.1828460482486974E-8 0.016827902395448353 
0.9771655954406796 0.9835340127698406 0.9999999614143716 0.19952740158946436 0.9999999999904734 0.3336784142927966 0.40001018742822103 0.4666064414684075 0.5334441689889059 0.6000208229553816 0.6670982961761086 0.7337123078579509 0.8000805318860742 3.446673761566636E-8 0.016827993833519038 
0.9780559551028501 0.9842792098109183 0.9999998038156511 0.200237664590601 0.9999999994823372 0.3333068705146786 0.4000092739148273 0.46658930151909456 0.5334041273649524 0.6000351313475987 0.6667897562626363 0.7332229132307291 0.800073821732014 5.882871213199131E-6 0.017501485093166628 
0.9789244020456586 0.9842923102520685 0.9999999573149514 0.20023696904825736 0.9999999998979716 0.33376648782963636 0.4000169793499771 0.4666815768452011 0.533367626470275 0.6001339981034205 0.6667690720407756 0.7336479182973525 0.8000807369150001 1.8940216984423345E-8 0.017541304320568107 
0.9797610283441687 0.9830304955025733 0.9999999795805642 0.20027339771824582 0.9999999999562293 0.3333851898928985 0.4000101877633551 0.46660872558898864 0.5334451309469884 0.6000320084600541 0.6667676043152451 0.7336470053880434 0.8000808577833322 4.387584659997431E-8 0.01693249869156217 
0.9805808197795731 0.983883388224408 0.9999999110714426 0.19951258371970795 0.9999999993018786 0.33335385236160503 0.3999523914185042 0.46663789758101326 0.533365793676343 0.6000327769147077 0.6667786939343712 0.7335955102825665 0.8000752915674207 5.717304601096337E-8 0.01754177908200686 
0.9813782073024426 0.983045751120999 0.9999999093282392 0.19948930303110113 0.9999999996911426 0.33335391651847524 0.3999523914185042 0.4666378425620168 0.5333658675534113 0.6000426843334233 0.6667786939343712 0.7336175582044643 0.8000754245196351 5.6645042447585056E-8 0.01687660609469665 
0.9821492455334007 0.9830408061148856 0.9999999408081245 0.20027376988558918 0.9999999999693697 0.33340001571317396 0.3999532854064476 0.4665926715127154 0.5334015130735876 0.6000385702564109 0.6667853934557113 0.7336571086856428 0.8000948334678524 5.355907781943961E-8 0.017529910268644134 
0.9829008133574272 0.9830997658995348 0.9999999795648863 0.20028874483626774 0.9999999999575441 0.333336055460911 0.39995370556391774 0.46667992696668237 0.533403020189654 0.6000426208588048 0.6667779807948356 0.7332288335921807 0.8000848605682364 1.38289304512621E-8 0.01686656013392188 
0.9836354383060214 0.9830464038057013 0.9999999795687031 0.20025305865468676 0.999999999720835 0.3333990442176146 0.3999595343184915 0.46666702306320146 0.5334027531734942 0.6000557561049377 0.6667850107935536 0.7332568938364477 0.8000822547840821 6.083592763460573E-11 0.016818462096873574 
0.9843499076292709 0.983046199515905 0.9999998992290923 0.20025305865468676 0.999999999720835 0.33339902281316147 0.400009365802292 0.46666702306320146 0.5334027531734942 0.5956068723924864 0.6667850107935536 0.7332568938364477 0.8000822547840821 6.083592763460573E-11 0.016808630604957464 
0.9850413595191942 0.9830350484224842 0.9999978993790917 0.19938896557391506 0.9999999999507329 0.33340128271310826 0.3999530415894606 0.46672810571188794 0.5334053974122569 0.6000422073397956 0.6667766084761233 0.7332437947430601 0.7999804944244591 2.1809388803791205E-10 0.016733731117758242 
0.98571934199092 0.983121483205794 0.9999999999988874 0.20027881482664395 0.9999999999999999 0.33340342945800044 0.400008952341323 0.4666833036188209 0.5334054417941575 0.6000558916440536 0.6667799804292004 0.7332185719723202 0.7999776772964672 3.1198333850100514E-12 0.016762528642556736 
0.9863794933812626 0.983122763469678 0.9999983929969041 0.19951435759400413 0.9999999999999999 0.333396211385873 0.4000089595159303 0.4666666323902359 0.5334053366314329 0.6000555115101854 0.6669299670749431 0.7332537718467432 0.79969649104938 1.1536235005868301E-11 0.016808821282502353 
0.9866149069842103 0.983121483205794 0.9999999999990721 0.20027299364869613 0.9999999999999968 0.3333962113977359 0.400008952341323 0.4666668084647776 0.5334053366314329 0.6000434523435263 0.6667796831679994 0.7332399689183613 0.8000770093337883 2.7810011733655487E-12 0.016808821282502353 
0.9866143671553426 0.983121483205794 0.9999999999990721 0.20027299364869613 0.9999999999999968 0.33340428220589796 0.400008952341323 0.4666668234608187 0.5334053366314329 0.6000434523435263 0.6667796828855689 0.7332399689183613 0.8000794829753779 1.1536235005868301E-11 0.01680884981579927 
0.9866143562872378 0.983121483205794 0.9999999997542094 0.20027193748190802 0.9999999999999887 0.3334042609483677 0.4000089751866907 0.46665781522666316 0.5333471058892172 0.6000718339408855 0.6667649790341008 0.7332399689183613 0.8000804546452494 3.1192429886895916E-12 0.016827871103135234 
