0.39406642397275804 0.846681903005835 
0.3943036121435217 0.8465505665482432 
0.39515729222346496 0.845153880848092 
0.3957267338424796 0.8447647978515099 
0.39593151114666447 0.8447203247015398 
0.39621868675762417 0.8443377894196827 
0.39689580703076494 0.8434318174571539 
0.3975387086243995 0.8429402795638654 
0.39761662471663084 0.8429138300484795 
0.39811790217329013 0.8421807363365977 
0.3986133339740565 0.8421434685301463 
0.3991469356788928 0.841237654501873 
0.3995340735871671 0.8412342091607515 
0.39978782582235245 0.8409067861263533 
0.4008917129185461 0.8400442521742578 
0.40099833521754036 0.8399891170372272 
0.4015126833226724 0.8395713701533766 
0.40224517620018924 0.8391869033624919 
0.40326437355393113 0.8379565587793909 
0.4036739067277469 0.8378698605146556 
0.4042723242905598 0.8370741268982478 
0.40575963704311163 0.8361037240572554 
0.4062318457777028 0.8360862956107761 
0.40741367960795793 0.834937067301971 
0.4083424247641053 0.8341748184403159 
0.4087262266445926 0.8337883292314701 
0.409356406272489 0.8331020054690819 
0.4097714995005786 0.832982103980837 
0.4100251059141378 0.8328976050465715 
0.41048586277126164 0.8321173719128866 
0.41158880141677967 0.831373874743417 
0.4124460643292395 0.8304325023602853 
0.4131602322417228 0.8298972594178893 
0.41391943104010653 0.8294994610607447 
0.4144072751006269 0.8289487144272094 
0.4155451531511688 0.828749573095267 
0.4158270847901778 0.8286798508990871 
0.4161296783310159 0.8276059542106949 
0.416819138881916 0.8275858448836155 
0.41744937026387635 0.8270368502411559 
0.41749745880525263 0.826537229544856 
0.4177772565637175 0.8265076186957958 
0.4181628361019666 0.82572659989436 
0.41819646390522525 0.8256958571652638 
0.41931119384371063 0.8250889577646964 
0.4202106171598634 0.8241351893936144 
0.4202317031244026 0.8240946096834723 
0.4210857858135083 0.8234836039694371 
0.4215566313513419 0.8234019649362909 
0.42168533564964394 0.8231190689869883 
0.4221651771478797 0.8227032165601699 
0.4231281017956271 0.8220487163619133 
0.42378482053626915 0.8215299941494604 
0.424326993735581 0.8212073559001878 
0.42447386142026067 0.8210517643255453 
0.42473670263435964 0.8207887642548733 
0.4250272657557271 0.8205506763025666 
0.42511190205750804 0.8201901579319085 
0.42552979255890977 0.8195143041011026 
0.42608069950204347 0.8191056783450222 
0.4266075242760599 0.8184934760236101 
0.4268626949630135 0.8181769246555647 
0.4269154596232236 0.8181116541875416 
0.4274023987859912 0.8175812991660308 
0.42752123528159397 0.8174731817974629 
0.42813776468793074 0.8170823217424089 
0.428149093374578 0.8170808439957291 
0.42843684866524895 0.8167703409833826 
0.4286463435981281 0.8165925837181249 
0.4290724176279198 0.8164407147663634 
0.42951241643096527 0.8163561319381569 
0.42961770582518277 0.8158179338689832 
0.4303450369845345 0.8153910780824356 
0.4307784149852913 0.8150869047489235 
0.43117222916646303 0.8145853490242267 
0.4315242923983943 0.8143293441686508 
0.4318949282877198 0.8139164891803671 
0.4320168777377114 0.8137753400255072 
0.4329888161841186 0.8132633980838017 
0.4334783339659258 0.8126582196886841 
0.43372659019948173 0.8124045024356609 
0.4345240926498949 0.8121276403906175 
0.4347140088251011 0.8117351471239211 
0.4349508225676379 0.8117234472332828 
0.4354124832122131 0.811219825972559 
0.435458668496368 0.8110586970388004 
0.4358713342175981 0.8108655339038363 
0.43588194184269485 0.8107776626277959 
0.4364418871752835 0.8099428351312628 
0.436884934033019 0.8096299479730001 
0.4369867335713886 0.8095729594214546 
0.43733514748236535 0.8091467034433687 
0.4376046361160967 0.8088010461710523 
0.4379888296406657 0.8084850681096861 
0.4384014909173169 0.8080642950728886 
0.43860040707048625 0.8079421973330184 
0.43871732530236723 0.8078950015310595 
0.4393811741666386 0.8075053327307439 
0.4395942550194932 0.807360810072191 
0.4398626206731484 0.8072851790596769 
0.4401118652030567 0.8068665863720182 
0.4401529526468564 0.8065490549668298 
0.441299906527115 0.8059923093294884 
0.44173051121064766 0.805833190744737 
0.4419591740392553 0.8056587280375526 
0.4426796223486661 0.8054822617351001 
0.4428637897296553 0.8051776300122592 
0.44341137385757634 0.8046466265768695 
0.44376775568597615 0.804554589434523 
0.44419330976096555 0.804302469699332 
0.4442470222151744 0.8042210387997087 
0.4448430694720856 0.8038135646281034 
0.44505596357672134 0.8031723216045901 
0.4458764285357498 0.8027803606428623 
0.44595105133284846 0.8024101340996822 
0.4465612728872171 0.8019565346758804 
0.446749579519698 0.8012522110173306 
0.4474254735151772 0.8005980365019304 
0.44770075908086704 0.8001613887513774 
0.448489155813908 0.7995516896046955 
0.44971181053224607 0.799140403350625 
0.4498046613308815 0.7988373024222616 
0.45023601040368616 0.7982717373184133 
0.45047084292810313 0.7977900176028833 
0.45101641612811916 0.7975198401948389 
0.4515574551681164 0.7972909704071114 
0.45160878832967405 0.7969648276861652 
0.4520641243422998 0.7961773371769574 
0.4532334108624538 0.795284539135585 
0.4533285555737122 0.7950680013593286 
0.4534894712014507 0.7948970267442821 
0.45397688072650866 0.7945765020204656 
0.4541311912763916 0.7941889910811196 
0.45549567762256143 0.7933680918445122 
0.45582604423795703 0.7930963946123756 
0.4558355659763434 0.792614334283477 
0.45698673593849093 0.7920492705077387 
0.4572663715649603 0.7918153661785186 
0.4573782589250522 0.7914539594413909 
0.4574165685768235 0.791355815108127 
0.4587371373831603 0.790707936216389 
0.458966572405747 0.7905622705002394 
0.45958931709575807 0.7897403348060913 
0.4600104506789289 0.789658669651223 
0.4610371914336664 0.7890077679366878 
0.461311284471635 0.7884315783181349 
0.4616183766188459 0.7877571664255685 
0.4625855673052285 0.7871035301187346 
0.4628665320447503 0.7863744217606837 
0.46466700302999625 0.7852174112037532 
0.4647702619786782 0.7849284302064204 
0.4648077055404834 0.7848607779846919 
0.4659021830279335 0.7841169392085204 
0.4659078060892296 0.7838930229338332 
0.4661183228482345 0.7833257866681589 
0.4664655552380182 0.783045176209603 
0.466496851694315 0.7829518671004521 
0.4676112236208018 0.7822604647098621 
0.46764168394544603 0.781779805242186 
0.46795613395823693 0.7814407019315953 
0.46872052448516316 0.7809264893032113 
0.46894257007987267 0.7806614254905131 
0.46915885075026903 0.7803842878265305 
0.4693994114697264 0.7801937736790426 
0.46990859765344833 0.7797013587811178 
0.47081307778558 0.7793431081081645 
0.470889205320348 0.7790704317071669 
0.4710122205217252 0.7789231885586616 
0.4731827773096204 0.7779872964157376 
0.4732072034629424 0.7776064339584828 
0.47347855388964305 0.7774957813149674 
0.47404269923381565 0.7772026490224982 
0.4740517331036384 0.777200894015104 
0.47716392071163916 0.7757889538491483 
