0.3929638967880633 0.5884287043550152 0.5809850608970201 0.5730742011523337 0.5827248403410789 0.5813117324216288 0.5737349861904244 0.5856984780843223 0.5881005674251524 0.5919036481907051 0.5870836574181046 0.5740681652007557 0.5802593853157934 0.5856910042952113 0.5844500894728158 0.5819182137520531 0.5776406742149459 0.5838464871607459 0.578055781348539 0.5831929876550939 0.5802896733376256 0.5842602072435336 0.584197745191001 0.5908871071191154 0.5766937629803948 0.582964834949748 0.5807466935930814 0.5862488343262767 0.5888121562859822 0.5769711541989346 
0.3931702220715145 0.5884289100035014 0.5809850608970201 0.5852404363920163 0.5827248403410789 0.5813117121144081 0.5737298395568923 0.5857874752919161 0.5881009565423512 0.5922819724910223 0.5870836574181046 0.5890351892334948 0.5800889862342006 0.5856910042952113 0.5844500894728158 0.5819182137520531 0.5776406742149459 0.5838461795535067 0.578055781348539 0.5831929876550939 0.5801456582251489 0.5842364554896448 0.5841989916020841 0.5908835756550345 0.5768533618712797 0.583042335869935 0.5807414194777073 0.5862488343262767 0.5888183026536526 0.5769711541989346 
0.3944290980146906 0.5884286596025052 0.5807536681669231 0.5870390539212358 0.5827257809054305 0.5813155751203373 0.5747792408565605 0.583969231762978 0.5881009378386155 0.5882255531715098 0.5870978523866347 0.5746575218188256 0.5800941098532453 0.5858739769833556 0.5847352482197492 0.5819182137520531 0.5746522456031539 0.5838465830039015 0.5778618128840846 0.5837203890192202 0.5801643003584672 0.5842612289435979 0.5841991536658543 0.5908866919178628 0.5859357377153462 0.58292854573158 0.5808063108455555 0.5862795582741355 0.5888122923364542 0.5762296996897177 
0.3949647680165793 0.5884278742862858 0.5807894050045763 0.5870388759428509 0.5827257809054236 0.5813155751203373 0.5747779764614852 0.5839688125860122 0.5881009564744447 0.5882255471549898 0.5870978564046679 0.5894385601247681 0.5800941083060426 0.5858742451166622 0.5844741980536671 0.5912681162752934 0.5746791791800192 0.5838432203025308 0.5778622304651831 0.5838277621413948 0.5801456585465837 0.5842273970519813 0.5842004624523116 0.5908834590673874 0.5859357375784792 0.5829279167783264 0.5803751906075905 0.5862795582741355 0.5888123149282416 0.5762268367752279 
0.39510400873034 0.5884278742862858 0.5810456646349506 0.5870371082699332 0.5827257809054236 0.5813155751203373 0.5747779764614852 0.583970306575493 0.5881009564744447 0.5882255471549898 0.5870978683274107 0.5894385601247681 0.5800941083060426 0.585772761869953 0.5844741980536671 0.5912681162752934 0.5746791791800192 0.5838422441091748 0.5778622304651831 0.5838277621413948 0.5800689895789792 0.5842273970519813 0.5842441016977157 0.5908795843655439 0.5859357850005668 0.5912328354868214 0.5803751906075905 0.586281545263665 0.5888076749204525 0.5762302422579704 
0.3954780272781357 0.5884288514322255 0.5905175635580927 0.5870861258979967 0.5827303287667348 0.5813156805194206 0.5894560692825452 0.5857907542069152 0.5880943059567469 0.5924841978605857 0.5870689911514958 0.5894382689171158 0.5816194789131202 0.585743580207372 0.5844413006289796 0.5817321247157649 0.5778216172561824 0.5838413440269552 0.5879350693440489 0.5820011579453281 0.5800168929458968 0.584234159081299 0.5841987859214376 0.5908868946779142 0.5761318223203815 0.5829797649494244 0.5807414039171123 0.58618289936587 0.5889951200439831 0.5762312481818169 
0.3963615283877432 0.5884289673220062 0.5866836432871059 0.5870324390321043 0.5826835547604325 0.580995201871205 0.574384028396412 0.5839350703214496 0.5881004797486965 0.5883049197064617 0.5870978553575051 0.587112538364836 0.5815673857772286 0.5885651180187745 0.5847331429136764 0.5894679190596218 0.5898070043710651 0.5835416749253748 0.5779706163130685 0.5836346476805534 0.5801677679691833 0.5842273258821739 0.5842664773147489 0.5907677107562913 0.5859360063235385 0.5829386695130516 0.5807466137571119 0.5856264700950314 0.5888125204998486 0.5762626989089457 
0.39699410759521386 0.588428922482948 0.5815623110830941 0.5870382302134964 0.5827302486134832 0.5810867925088782 0.573730162760107 0.5858424804925884 0.588094631356269 0.5923009512970273 0.5870834849213201 0.5893032749930137 0.5802680606563566 0.585744063991639 0.5844740939912465 0.5817327992694915 0.577679703814223 0.5838522632147749 0.5779246866160208 0.5836239624343746 0.5801449696810895 0.5842303597192327 0.5841978844795892 0.5908868939729444 0.5860929822588595 0.5828308547695238 0.580741403924715 0.5856581108124729 0.5889918813027931 0.5761245856881122 
0.39705228090014427 0.5884287082716583 0.589178430741925 0.587083873960278 0.5839067268672831 0.5813168291472249 0.5744086610522515 0.585708618590635 0.5881004910859801 0.5921777307729724 0.587097856372683 0.5893039735681944 0.5802528580809994 0.5857799934491426 0.5844748745616418 0.5814170094216753 0.5900296242241595 0.5835318978779743 0.5780753306810581 0.5880996480510143 0.5790063657440134 0.584261958738256 0.5841971089710869 0.5906924129976847 0.5859379250485803 0.5829642845054943 0.5808259041115907 0.5856310448512273 0.5888468498230032 0.5760798918076009 
0.3977400324351657 0.5884290859833469 0.5887215334920299 0.5870390020678644 0.5827257809260072 0.5810216389830215 0.5892099262934439 0.5839350673746267 0.5880949867493068 0.588048039811089 0.5870695950404579 0.5894073717663376 0.5819552301275144 0.5885583525358866 0.584741401108743 0.5896925316381166 0.5899079382530406 0.5838458624263252 0.5874948941464408 0.5883418341782295 0.57953534818085 0.5846539498241096 0.585163677296898 0.5908872476531648 0.585842040183455 0.5838133376800287 0.5807433255810182 0.5851637529688329 0.5888032369310082 0.5934695356649886 
0.3980366726609276 0.5884287546493311 0.5889582783057776 0.5870388240308937 0.58272552044832 0.5813168204496957 0.5744086610522515 0.585767696353826 0.5881008128266436 0.5922767258754571 0.587097853276601 0.5893069158116151 0.5802543621864361 0.5857799934491426 0.5844495361044068 0.5819182137520531 0.5778204827991169 0.5838453963695615 0.5780561073601811 0.5836251814706286 0.5801328408758769 0.5842484081146779 0.5841971089710869 0.5908871172027103 0.5860596255021975 0.5829642845054943 0.580744188442046 0.5862432184301851 0.5888111449293654 0.5762063994239315 
0.3988377390703061 0.5884666829695949 0.5887215334920299 0.5870390020678644 0.5827257809260072 0.5813105199930501 0.5891282188401794 0.5839352867160906 0.5880949867493068 0.588048039811089 0.5870697652304087 0.5894073717663376 0.5819552301275144 0.5885583525358866 0.584741401108743 0.5896925316381166 0.5899079382530406 0.5838464400185601 0.5874948941464408 0.5881152950071302 0.5797221046600081 0.5846539498241096 0.585163677296898 0.5908864577136246 0.585842040183455 0.5828917509992259 0.5807433255810182 0.5862782938369546 0.588805250118827 0.5934695356649886 
0.3990549840951973 0.5884667034359462 0.5887215334920299 0.5870378761043358 0.5727793779995521 0.5813259204101965 0.5891282188401794 0.5837500853265053 0.5881004036758893 0.5880471002593461 0.5870835279155393 0.5894510613046746 0.5815667832201028 0.5889007797511384 0.5847417535810977 0.5816724783870474 0.5901879608748459 0.5838406254508526 0.5878821443936801 0.5823323938953251 0.588080291043066 0.5842244798051521 0.5841984516614288 0.5907639773393955 0.5858360699399097 0.583760461318241 0.5807414201792204 0.586278189831972 0.5889672617708775 0.5934695356649886 
0.3993781405482341 0.5884297244304157 0.5892759794617547 0.5871108791442027 0.5852300071648504 0.5934536250889451 0.5891567991658471 0.5826098121785556 0.5881005172573367 0.5878588658309247 0.5870650485848898 0.5894423241241501 0.5887555228941854 0.5772311734153891 0.584727371720428 0.591821366688193 0.5897126424354446 0.5838462994693397 0.5881044320815115 0.5878099677467766 0.5910854914421472 0.5845578561693235 0.5921405616479536 0.59088231160047 0.5859149580603756 0.5828750693898946 0.5802106518752147 0.5862420321729593 0.588811017460225 0.5938763364204876 
0.4004706884425991 0.588428320435052 0.5892759794617547 0.5871111499104371 0.5852407190036989 0.5934536250889451 0.5891538883305625 0.5839469716560033 0.5880946433369252 0.5934244897399121 0.5870800831926479 0.5894423241241501 0.5887837194362294 0.5772311734153891 0.584727259234872 0.5897362675231972 0.5897126424354446 0.5838469221355741 0.5881044320815115 0.5881041882158073 0.5910854914421472 0.5845960246771987 0.5851817957640122 0.59088231160047 0.585829404391873 0.5828745592084206 0.580410481108457 0.586231796442956 0.588811017460225 0.5937516809734869 
0.40056050223197837 0.5884684988638945 0.589269048683057 0.5870147063493324 0.5839231939536008 0.5810096863301903 0.587391499604916 0.5839355531165682 0.5881006903633514 0.5880454217737037 0.5871723002333854 0.5894086301113551 0.5892419000634277 0.5884031100721895 0.5849923797766495 0.5918915565837586 0.5897126854516999 0.5836080087335797 0.5885079050258365 0.5882609901289558 0.5914121339654954 0.5944353637056916 0.5842920591207558 0.5908800512960579 0.5986070557064053 0.5908086210442497 0.580152110130358 0.5851604269486881 0.588924484650114 0.5937544168212281 
0.40107786187948036 0.5884297138512999 0.5887215334920299 0.58703823509278 0.5838274358939729 0.5934458848278725 0.5922843952831635 0.5857673943471666 0.5880946433369252 0.5880520782882307 0.5870975839679616 0.5894429572253961 0.5830463591305528 0.5887613993369192 0.5847419739526214 0.5902809275866081 0.5900370979293865 0.5838417630055531 0.5881114923681169 0.5881074284633663 0.5913206218398916 0.5845938792693287 0.5842153679434168 0.5972513509128086 0.5858426133942579 0.5830109988102995 0.5807437096050573 0.5862756183240235 0.5888176695050622 0.5938716863916199 
0.40169743974223265 0.5884297138512999 0.5887175017131427 0.5870833011475258 0.5839327600471558 0.5934759638071603 0.5885979137159041 0.5839349599835372 0.5881006885261584 0.588231312721331 0.5873682906522263 0.58940865271603 0.5969881715765308 0.599364268622592 0.5849927604731909 0.5918468376971785 0.5897100510315999 0.5836141558223604 0.5881044320815115 0.5881071570364719 0.5910758628293461 0.5845745757394133 0.585083754465401 0.597224914727619 0.5859371879118244 0.5832924121773155 0.5857123505443299 0.586274851507093 0.5889243867358938 0.5947821623309838 
0.40294397100514506 0.5886224774734673 0.5892729836835209 0.5873232864517501 0.5884495668042714 0.5932812373485067 0.593032279558777 0.5956358902161946 0.5881127321459713 0.5934246077073808 0.5951845429903925 0.5893537472873367 0.587880065955769 0.5910937013312031 0.5948651156924797 0.5962371979660609 0.5912089427611795 0.5980663671240097 0.5942930727365765 0.588080929958239 0.5910831824172748 0.5927649934594524 0.5963426191691564 0.5908068318038684 0.5982684560630401 0.5912417711812057 0.5957184565224528 0.5953876380853136 0.588980806497723 0.593696334009238 
0.40321871449449675 0.5887861958168773 0.5888921936831728 0.6028564974061653 0.5923935505957723 0.5932801827799024 0.5885133545637903 0.5967644727179245 0.5879912332678546 0.5935080140801943 0.5988200416752953 0.5889205096565165 0.5884803573696539 0.5910853599581959 0.5948676495066622 0.5919178930528399 0.5912069197255555 0.5980469212807843 0.5877971271760836 0.5883279114993227 0.5950640946642206 0.5930820371133844 0.5961366068748938 0.590882658331634 0.5978356906930988 0.5911597798932088 0.5980329050469827 0.58987927136064 0.5934626648787048 0.5937520669749107 
0.4039901533713252 0.5886225139945312 0.5892729836835209 0.5870428412649803 0.5885707500420404 0.5933135398157721 0.5932280426845974 0.5956358367307308 0.5881127321459713 0.593659298244351 0.5951845429903925 0.5893537472873367 0.587880065955769 0.5910937013312031 0.5948651156924797 0.5962371979660609 0.5912089427611795 0.5980663671240097 0.5942930727365765 0.588080929958239 0.5910970332519488 0.5927649934594524 0.5963459284600163 0.5914107696609378 0.5912842920337517 0.5912417711812057 0.5957184565224528 0.5953876380853136 0.588980599790027 0.593696334009238 
0.4053485036083377 0.5887949269769543 0.5888921936831728 0.5955691777998877 0.5923845480638347 0.5932801827799024 0.5885265985911459 0.5967674273398919 0.5962594659554099 0.5935080140801943 0.5980466059965138 0.5988850497332379 0.588702420183713 0.5910853599581959 0.5949260164937747 0.5968761336895332 0.5900162642918141 0.5978928485303507 0.5875803175375055 0.5883279114993227 0.5911915036952221 0.5930820371133844 0.5969027102954797 0.5907888954665432 0.5978356906930988 0.5912444322966035 0.5980329050469827 0.5898711885260137 0.5934626648787048 0.5936981408364792 
0.4056188768830555 0.5887979161785298 0.6016323489483032 0.5865964549735427 0.5921529636477855 0.5932801827799024 0.5885207457083814 0.5967533438563403 0.5961801860949792 0.6047331733464208 0.595346198182661 0.589393119597047 0.5972096723861535 0.5910373169528972 0.5949260164937747 0.5968761336895332 0.5900162642918141 0.5972929181736656 0.587258754803388 0.58783947384874 0.5911915036952221 0.5930233592603181 0.5970153403215476 0.5893448000278798 0.5914768665405269 0.5912444322966035 0.5979943805474418 0.5898711885260137 0.5934626648787048 0.5936981408364792 
0.4069049632160951 0.5881139656058644 0.5961210566055543 0.6017679374384679 0.6007915446615645 0.5981992662001905 0.596655500694485 0.597397244835111 0.5959458873613079 0.593387104171255 0.6044797130169479 0.5893322940974568 0.597233249850791 0.6013072563813969 0.5938641311183871 0.5974884656360818 0.5927928909108068 0.5972596173352431 0.5945326367015018 0.6049997945817397 0.5989654537771008 0.596160420782681 0.59705238858548 0.5908795498534355 0.5984562603084566 0.5990227125663534 0.5980942352262241 0.6021573353581571 0.589221265746534 0.594081941787692 
0.4078367729519384 0.6011997514821168 0.5959240609316623 0.6016764174649073 0.6006231986109498 0.5983277365780837 0.5966551947530171 0.5969163415637782 0.5960707003683535 0.6041046807469431 0.5979046455804646 0.5980176071197665 0.59877996069629 0.5949412160513785 0.5947829583593075 0.5968668697268247 0.5910982756800834 0.5972575839720982 0.6002533375341514 0.6051721451419274 0.597607513868608 0.6031291966932877 0.5961108750455925 0.6056975722816775 0.5974269524194199 0.5996656917571344 0.5969639317237387 0.5860533262043349 0.6041031599057975 0.6020292714831239 
0.4082609192369352 0.6008382103607668 0.5961210566055543 0.6017679374384679 0.6001428353546949 0.5984273208464342 0.5964371972233116 0.5957407360275034 0.5957568057690036 0.593510925739804 0.6045169986491472 0.5975424676006398 0.5984705978955813 0.6013072563813969 0.5948532325710422 0.5975722971393979 0.6047965828027151 0.5972592496990934 0.6004158142524995 0.588652883980117 0.5950906604291492 0.593231766692984 0.5970288194542137 0.6057219635754527 0.5984556094100241 0.5991800188166458 0.598169224197256 0.5906696640441813 0.6037325199556781 0.5940761071810858 
0.4089853688610214 0.6004353052623864 0.60143436352484 0.601668643162768 0.5997546753283791 0.5983239511058731 0.6042668531550014 0.5972718859109796 0.6057422796695148 0.6044068708999868 0.5992929922518349 0.5982605653682181 0.5983983764076096 0.6015954581396681 0.5995175379110891 0.603525110580133 0.6048054323817971 0.597039118149409 0.6002412261086693 0.6055375283644975 0.5984400962175643 0.6033172138212445 0.5969247713500125 0.6057335050930246 0.6058725001290501 0.6001084302662709 0.5979745427719318 0.6021858056289143 0.6040049102595473 0.6011096284428853 
0.40927960249845124 0.5872632003014395 0.596290011676124 0.6016683495839047 0.5926623952938299 0.5983304426569979 0.5966988620140119 0.5969135836617823 0.595939868205529 0.6043976766732995 0.5986865902372744 0.5975423270663851 0.5983998388585184 0.6014174359876868 0.6064603895225259 0.5973297666949571 0.6047843573840369 0.5968619585344953 0.6041783260400809 0.6041990406064496 0.5984298099642746 0.5962381973971052 0.5969377450917415 0.6057364601353081 0.5970455951174489 0.5990151511104028 0.5980644829905528 0.6021781349692842 0.6027994354966238 0.6011060661444343 
0.40946550284635114 0.6003804219244292 0.6030455038686111 0.6016705655937626 0.6104889059704077 0.5991659247402217 0.5968815696403631 0.5974107893126421 0.5963544601903888 0.6046921543446351 0.598736685779905 0.5975260511491853 0.5984749358006911 0.5950296088363013 0.6073981817445766 0.5971333334264883 0.6069226395104 0.597030467747415 0.60941376389595 0.6041958778929937 0.5977935416202185 0.6033298454134605 0.5951352809909722 0.6057283578319718 0.5965207221296601 0.6006093272797662 0.5981087209145091 0.602183868987481 0.6030177198200894 0.6025573703710498 
0.4101475104939721 0.6015209122942203 0.6032191190488353 0.601671227643616 0.5926623952938299 0.5983304332423198 0.5967822091739682 0.5969135836617823 0.595939868205529 0.6043976766732995 0.5987375609938184 0.5975423270663851 0.5983998388585184 0.6016909285367198 0.6006155700845988 0.5973289376057119 0.6047272334681283 0.5968829713021232 0.6040803501704689 0.605552267115269 0.5978025953853618 0.6033277534516154 0.5969377450917415 0.6057364601353081 0.6058542093874922 0.5990222281685229 0.5979535901028135 0.6021859059713489 0.6027994354966238 0.6012334698546788 
0.41116130661555345 0.6004353645459585 0.6014674969055996 0.6016687960668894 0.6105442072234512 0.5991657229147027 0.604250235571884 0.5972665128486876 0.5961022066988942 0.6044093573844596 0.5987337858703202 0.5980202744389708 0.5970365274789411 0.6057459058202344 0.6073888065955508 0.596200996649436 0.6068864911479138 0.5970320049926293 0.603786085929425 0.6052938871347899 0.6051808064933867 0.6033229874892805 0.5975004047582873 0.6057339158628171 0.6059659371477785 0.5996740098116207 0.5980712003359457 0.6033123277296587 0.6030116321202651 0.6019566646215345 
0.41214777419503373 0.6003967405502701 0.6014581968508099 0.6016755236399752 0.5997959870959007 0.5983239511058731 0.6042884874638689 0.5972824930833222 0.6057422796695148 0.6041384925680472 0.5992956729121262 0.5980372328570384 0.5986131809701145 0.6057448623676074 0.5999854073107417 0.603525110580133 0.606875602094937 0.5968593757645997 0.600334898474455 0.604181624750358 0.597834685215816 0.6033172138212445 0.6063292583516582 0.6057336089720549 0.6060098993791985 0.6000770037042068 0.6020237126719644 0.602178379734683 0.6036780069425483 0.601108677089491 
0.41283239032356517 0.6003962412879826 0.6014540899845878 0.6016748273540967 0.5995953685809781 0.6116149327722361 0.6034538397794404 0.6074312982242174 0.6058545598172526 0.6041333158663253 0.6108156828697779 0.6030296142070632 0.6074989907453952 0.6014840259881805 0.6070383872915976 0.603590090648933 0.6069372875286333 0.596845074644871 0.6094299264171317 0.6053548557272789 0.6054654146252059 0.6033338662557428 0.6063292583516582 0.6053953816272208 0.6060080526358806 0.5996715394952851 0.6035432033353696 0.6033509094812609 0.6041455363195101 0.6009030143418979 
0.4134659106826931 0.6012140730088483 0.6111950553340956 0.601646186460629 0.6094572339660468 0.6039383689916415 0.6053111000852499 0.59759227852105 0.6052629691134718 0.6040926997422433 0.5985175835748906 0.597823846370622 0.6081227410324069 0.6062898152111594 0.6073273391530947 0.6112366138843782 0.6012558133186444 0.6044636227732727 0.6053282884538176 0.6053590205391411 0.6108478600059186 0.6040189931110042 0.6063403172790994 0.6053746739613964 0.5971291488813261 0.5994383387533523 0.6085193595542567 0.6031306232643043 0.6036915423136675 0.6020536739895332 
0.4140342229224338 0.6125208611981906 0.6102443705400306 0.6027609536096611 0.6096522180724995 0.5981562321046399 0.6034646318901979 0.6097769102520548 0.6055787842313631 0.6041352210226801 0.6108155059731994 0.6111492980675861 0.6078621744424928 0.6057608733233337 0.6069452420289534 0.6070753672275927 0.6069373954910353 0.6106254686061291 0.6095819052320919 0.6056087550338509 0.6105717322167566 0.6033714114373063 0.6058068906975025 0.6053849871859613 0.6072446271001964 0.6102257684507532 0.6086513352826551 0.6032611039720663 0.6038413220465555 0.6027673306597392 
0.4147653141958881 0.5996905748853002 0.6014600063732004 0.6196744194612493 0.6000583505477954 0.6109667249796884 0.6035401933521338 0.6074708880351556 0.6058924957845507 0.6041330832754175 0.6108121757222157 0.6117019366524284 0.6080050191817119 0.6109226017874352 0.6149305104934579 0.6036118891875958 0.6068877592259224 0.5968438876457217 0.6053346192367587 0.6053566803519446 0.6048632005947459 0.6144315597680455 0.6065383017233987 0.6053941359971465 0.6069269887157015 0.6114898045224387 0.6018325495397217 0.614251039296405 0.604031815670955 0.6008299514678964 
0.41495750387167746 0.6006736446538322 0.6019952396123905 0.6196744194612493 0.6102648160042259 0.6116011419813785 0.6035378508073699 0.5978791633505963 0.6058924872149164 0.6041297283241165 0.6108154340265748 0.6115209736101102 0.6080050191817119 0.6013342143088248 0.6150019734187998 0.5990557891191738 0.6069368607635008 0.5970461921405786 0.6053346192367587 0.6053548567595175 0.6054672118015094 0.6035571851864381 0.606321539097585 0.6054055606777974 0.6069269887157015 0.5996595070254561 0.6018325495397217 0.603887607130575 0.5970201826361498 0.6008299514678964 
0.41570941030455777 0.612505021727963 0.6089717936060927 0.6093974541990598 0.6093148364085927 0.6104514085878069 0.6129413390230749 0.6096963707756639 0.6057930845313391 0.6150756239997465 0.610832501343513 0.6119001847966556 0.6076670204771843 0.6064411719397497 0.6074968405034953 0.6078428180772516 0.613939875508266 0.6106076654312386 0.6106058504083303 0.604794743752695 0.6103410376308102 0.6143336404820511 0.6065750112750783 0.6053941853435484 0.6069273365215195 0.6099784675871631 0.6013239634981191 0.602729380104892 0.614037247576483 0.6031992981642128 
0.41609677108824067 0.6249796824671684 0.6091496845825153 0.6093468356922214 0.6093148474106583 0.6115786203120692 0.6032943441518451 0.6097325622847762 0.6057926954197193 0.6150738755022092 0.611321802876952 0.6111435724402018 0.6076672417531702 0.6109471895665689 0.6149547231202145 0.607013418757178 0.6136300992086204 0.6106204756580159 0.6054189383266487 0.6053685356493258 0.6106051903551964 0.6143335921070188 0.6128216870711052 0.6053222514716738 0.6145507086755613 0.610843082553613 0.6089345503873759 0.602981081794584 0.614037247576483 0.603464696006026 
0.4167401594905289 0.6125552051707323 0.6081541716909937 0.6277649591994979 0.6092109053644317 0.6106762446316039 0.6139065938223391 0.6104800260539696 0.605741898868536 0.6044297783490382 0.6113092204298423 0.6114133272869353 0.6078469817297252 0.6065098946411569 0.6148525973658793 0.6069527130211533 0.6136006125438225 0.6106010532376965 0.6097486818354585 0.6054187328089323 0.6104006376771732 0.6143537025393084 0.6118108049768113 0.6050738146445881 0.6150529534813591 0.610370362906887 0.6094219958345468 0.6131774951196054 0.6030412955686704 0.6033432437666989 
0.41703883737843767 0.61257350340348 0.6090579867803521 0.6094150296778381 0.609370652420525 0.6110153603868178 0.6130812542996105 0.6097801630839329 0.6057940603363802 0.6039773520321068 0.6113205245584697 0.6117239298008701 0.6076674072822263 0.6109626733347574 0.6148735562607017 0.6089038813621559 0.6139203624341374 0.6106424296118051 0.6055693174972728 0.6056026468301897 0.6103332255151988 0.6143270941535522 0.6113216110781501 0.6053146650287531 0.6210239955065058 0.610842341699299 0.6089711546843437 0.6027016550037865 0.6041561285410925 0.6034016888129201 
0.41720752170265246 0.6125729158034522 0.6101677875193827 0.6020149622940288 0.6093650609194634 0.6110095553305666 0.6129515048326815 0.6097801745995967 0.6057419545077188 0.6152413113187181 0.6112415810266735 0.6111359391243295 0.6076647940244685 0.6109626733347574 0.6148642568823496 0.6087053553997366 0.606950430164836 0.6020583478605752 0.6057279031176107 0.6056216718449439 0.6080183022758192 0.6032251753307237 0.6114588366640923 0.6053163967704877 0.6210239955065058 0.6102389841123202 0.6088507205682314 0.6027502092910365 0.603651357002605 0.6034016888129201 
0.4178432525260544 0.6126037405370657 0.6091067184380915 0.6094968854917714 0.609314524468224 0.6110361090461461 0.6130832253309635 0.6089059385462794 0.6050836962855397 0.6150740757564819 0.6109649598581214 0.611619174881608 0.6109102520827367 0.6118025797049437 0.6149547231202145 0.6088346253384624 0.6158662482717432 0.6106076470721291 0.6106031134838326 0.6053147268228788 0.608070614567045 0.6143476144617204 0.6129756674932408 0.6053951241320484 0.6064603198814836 0.6108430572873507 0.6026072147702694 0.6136037304788351 0.6140836842979444 0.613890897921055 
0.41787831804654885 0.6125987553110607 0.6088060089144343 0.6094968854917714 0.6093148364085927 0.6110361090461461 0.6130832253309635 0.6089059385462794 0.6051075415164446 0.615088329556995 0.6112656818653294 0.6110660263225701 0.6076004992042733 0.611325674042936 0.6149547231202145 0.6088346253384624 0.6157761617929428 0.6106074659077287 0.6106031134838326 0.6053446508814474 0.6080734538267935 0.6141175816341427 0.6128495096190004 0.6053951241320484 0.6064665473131455 0.610841659957965 0.6026072147702694 0.6136042088712129 0.614037247576483 0.6136317166653784 
0.4188156703490718 0.6249796824671684 0.6091033651089027 0.6093974541990598 0.6093148364085927 0.6110116395649466 0.6130832253309635 0.6097325622847762 0.6057930845313391 0.6150738880905475 0.6113202194013269 0.6110855825534571 0.6076670204771843 0.6109512840384007 0.6149547231202145 0.6078443604413062 0.6158612750396789 0.6106200587339855 0.6106031134838326 0.6053567016069145 0.6080702930639846 0.614333595926199 0.6128261410550465 0.6053951241320484 0.6145581619346617 0.610841659957965 0.6089649547387138 0.6136042088712129 0.614037247576483 0.603464696006026 
0.4198235851326324 0.6126404116858084 0.6157264309477888 0.6098229536775683 0.6114816026384028 0.6224432194926073 0.6126754605302004 0.6099094462234289 0.6176002651820793 0.6170213582862208 0.6109460818758927 0.6109288489702541 0.6116053496435698 0.6113417885374978 0.6152227728762985 0.6089274478009549 0.6154445023924989 0.6106437463962932 0.6058645788998207 0.6176628734693516 0.6103859214139079 0.6143269044769636 0.6132727322437342 0.6054143728058151 0.6148819809022316 0.610677772254153 0.6094444271043705 0.6135833264752133 0.6177374224601978 0.6143215834691936 
0.4198571049032183 0.6123644264396957 0.6091033651089027 0.609392847253375 0.6093331978635685 0.6110021628316481 0.6130777652834625 0.6097797394876233 0.6058061433550858 0.6150756239997465 0.6109602733668587 0.6116585363966954 0.6076670204771843 0.6117900642552726 0.6149847009614708 0.6078633345920001 0.6142717135559834 0.6106076446440057 0.6106726314412064 0.604794743752695 0.610403533023996 0.6143336404820511 0.613276367164541 0.6053941853435484 0.6080497775253347 0.6109426364568473 0.6159234929086067 0.6135845255192142 0.6140841456596415 0.6190392968791315 
0.4206531278630791 0.6123544605968146 0.6211996698922484 0.6098119924073766 0.6114558241237529 0.6114081178305769 0.6126528648787938 0.6127727685821917 0.6172065233764772 0.6156768818465743 0.6103420791945636 0.6117467179212348 0.6112932178061851 0.6113271770189502 0.6152942493425712 0.6089589464299499 0.6150140111122022 0.6100869718152037 0.622282667104418 0.6079729678040854 0.6104357373487325 0.6143401003414943 0.6131601378936122 0.6214293272581168 0.6206576809455034 0.6108489772224911 0.6099939032343507 0.6134913223250882 0.6177487679587828 0.6143123644395502 
0.42095312932583656 0.6125797990653877 0.607026115652186 0.6098119924073766 0.6093070204575421 0.6116957172523547 0.6126637466097761 0.6087763558310401 0.6048744549801671 0.617044908278305 0.6099009910834017 0.6204674213985095 0.6111224726579272 0.6113417885374978 0.6149448642140755 0.6089048661391429 0.6138818846489004 0.6100766973991408 0.6058645788998207 0.6079228324488886 0.6079402197821413 0.6143481294449077 0.6133472347141218 0.6054143728058151 0.6146732525218119 0.6108490681931046 0.6099939032343507 0.6136058328681941 0.617954432249708 0.6143215834691936 
0.4211765664967035 0.6125263040878814 0.6155988146325184 0.6098119924073766 0.6115615724944115 0.6107420190271612 0.6128492605644825 0.619070253703153 0.6053735386141321 0.6170213582862208 0.610319468514187 0.6206678179167713 0.6116053496435698 0.6113417885374978 0.6152227728762985 0.6089048661391429 0.6157709976461833 0.610062530244091 0.6087234915557808 0.6060620500022709 0.6103859214139079 0.6143269044769636 0.6133390140476618 0.6054143728058151 0.6150931060663267 0.610677772254153 0.6157681236869139 0.6136428721538102 0.6177374224601978 0.6145445182154462 
0.421662606699279 0.610012387002873 0.6211996698922484 0.6097654404577144 0.6114558241237529 0.6113947034753159 0.6126571042980045 0.612837956348748 0.6172363196796643 0.6156768818465743 0.6103420791945636 0.6117467179212348 0.6112932178061851 0.6113276074547702 0.6152942493425712 0.608965315095115 0.6150060415574454 0.6100869718152037 0.622282667104418 0.6079729678040854 0.6104357373487325 0.6143401003414943 0.6131601378936122 0.6214293272581168 0.6206576809455034 0.6108489772224911 0.6099939032343507 0.6134913223250882 0.6177487679587828 0.6142195441597607 
0.4225396389498468 0.6123272114277479 0.6212237065618135 0.6098278050384172 0.6115113382932517 0.6117034161093511 0.6126637466097761 0.6191459261107986 0.6172051699974345 0.6156309840100812 0.6098749471458267 0.6206678179167713 0.6112932178061851 0.6113417885374978 0.6147852947057337 0.6088812612785339 0.6150060992437832 0.6105841117588283 0.6221920098050578 0.6079694371629476 0.6103859216588966 0.6143547850333486 0.6133640353459666 0.6213686371504025 0.6145382136844517 0.6234629275015545 0.6198761967593346 0.6134913223161481 0.6179497635066873 0.6143123644395502 
0.42317648712844114 0.6162508307652614 0.6214963053214008 0.6212373937971682 0.6225143176515281 0.6221652002950742 0.6193866371931204 0.6129627414532595 0.6232945562998401 0.6159910660667103 0.6111578856596409 0.619570011259416 0.623727835398585 0.6195917436764076 0.6152226351975975 0.6114295687143103 0.6153818814947885 0.6117540381591576 0.622202158637083 0.6116806455681332 0.6106144398254696 0.6143422042171266 0.6223709733828495 0.6228711321219682 0.6148347448811214 0.6194486356612334 0.6192169300611433 0.6216987613551783 0.6245658153580685 0.6214147635771515 
0.42364475737991025 0.6171496399061525 0.6210335350585782 0.6213803522501986 0.6229444009363698 0.6224711506505115 0.6194674053722101 0.6194846124379972 0.6232926987121428 0.6194406794725797 0.6254345439553752 0.6200107432703347 0.6233023899001774 0.6195709497061137 0.6151081955299728 0.6250986160911376 0.6149494197180141 0.6108901892028815 0.6213429311399599 0.6223938762047554 0.6211071328857996 0.6253995241596291 0.6248894250916694 0.6231976310829719 0.6151879467815824 0.6232002250039144 0.6134842187896463 0.6175522107086051 0.6245310722757837 0.6214495890587396 
0.42380847424924356 0.61620853914676 0.6213959752612261 0.6214302795075709 0.62298141698297 0.6118051499759511 0.6126555797422567 0.6092078595301936 0.6172377517656872 0.6156281371962659 0.6100807663076794 0.6200189668838193 0.611680621824866 0.6186407935403576 0.6151133198141135 0.6113911964286078 0.6150692324420436 0.6106155617580512 0.6191478289498296 0.6074363045738687 0.6210844959371028 0.6143322465032867 0.6131601375390885 0.6212688410406865 0.6145426591147906 0.6245349048953303 0.6129948303829256 0.613491331932195 0.61777948334409 0.6214764613342539 
0.4240930355648647 0.6162517024609079 0.6213810477907156 0.6170482961419785 0.6229600719588433 0.6229377316082284 0.6194487441621 0.6192988459837604 0.6179141280072905 0.6156724760013014 0.6249492606886595 0.6209571915938205 0.6246906965806438 0.61880879609119 0.622305442438243 0.6281685035078272 0.6231833939248865 0.6246950776030133 0.6211473795608069 0.6212004408886822 0.6228942465078532 0.6253285310376094 0.6253698912888231 0.6231530299078176 0.61509204535537 0.6194052878097425 0.619217354774346 0.6132359437395457 0.6242425607604264 0.622132318939977 
0.42437902910719505 0.6120352254891829 0.6159471923847776 0.6097880538365171 0.6210713843535083 0.6224152580678207 0.6192297084669742 0.6195908654634475 0.6174185822796316 0.6170206098040552 0.6247820108108084 0.6216651452176772 0.6226272994504761 0.6198117983625338 0.615099144830193 0.6087300675660917 0.6235985230042723 0.6096238489376398 0.6145201796989351 0.6232798202013793 0.6229770437304605 0.6143359106843731 0.6123521103791773 0.6254559959782566 0.6213230403341772 0.6233165292322406 0.6192561406026752 0.6209003950866956 0.6199879748720993 0.6220848136982461 
0.4246197835465125 0.6170447792700372 0.621275143516889 0.6213803522501986 0.622854857138841 0.6220605967715792 0.6194674053722101 0.6194846124379972 0.6232690294218163 0.6193493882728197 0.6247866888507175 0.6199878341133761 0.6242444779533989 0.6195709497061137 0.6223210639379971 0.6250986160911376 0.6232190584405419 0.6249799661296179 0.6213154084195808 0.6223938762047554 0.6229798370541368 0.6250217190324023 0.6253605947223471 0.6231446787047146 0.6213329722053691 0.6232002250039144 0.6195273685324189 0.6217338664085758 0.6245017131786231 0.6220853498258538 
0.4252110507650712 0.6172709652422631 0.6213151191230998 0.6215129671638814 0.622840682320395 0.6220608834493612 0.6194673754315321 0.6194846124379972 0.6231848483609459 0.6197771019121513 0.6248399371771206 0.6217257785463411 0.6242451927299211 0.6199473196846282 0.6224409426840714 0.6220519519253743 0.6232211551783309 0.6249729351648593 0.62205725178907 0.6234052781424076 0.6169601922583767 0.6249165278383007 0.6132021830611286 0.6231001204325093 0.620500265191091 0.619394986215748 0.6195022538770729 0.6210955249230565 0.6242559185736833 0.6221028526314316 
0.4257294535429999 0.6170821590704729 0.6213025049072585 0.6170082393450557 0.6225862852176712 0.6113407531564788 0.6193354839522187 0.6194854971708306 0.617607288222402 0.6188024623053693 0.6249540949861454 0.6204440531531958 0.6242461529586556 0.6192085053715677 0.6223060029546322 0.6218714550223332 0.613784338636185 0.6252049465487289 0.6222596338719228 0.6165461885556033 0.6229074875181962 0.626702886596722 0.625399992575695 0.6231588780042744 0.6209740684612626 0.6193451208637449 0.6191729624270592 0.6209920498241486 0.6172822137529795 0.6221069230930563 
0.42634445442958735 0.6162460014214058 0.6213808229858242 0.6170482961419785 0.6229600719588433 0.6221680404103059 0.6194487392582049 0.6192988459837604 0.6218836204957898 0.6156289262839394 0.6249492606886595 0.6196774133405651 0.6243288345592171 0.6189151523421982 0.6223068203138731 0.6281685035078272 0.6231832614464704 0.624992735653492 0.6221948159139186 0.6212004408886822 0.6228942465078532 0.6253285310376094 0.6253698912888231 0.6231530299078176 0.6216704857501317 0.6194052878097425 0.619217354774346 0.6210934042414061 0.6242425607604264 0.622132318939977 
0.42665299347028973 0.6164912550808094 0.6210183093251287 0.6163901101385969 0.6229481953305434 0.6221504023213112 0.619461273654868 0.6194858360250616 0.6232934392710996 0.6194394995379752 0.6254490907671811 0.6220496569655456 0.6242480512934172 0.6193251606354743 0.6222346068819504 0.6220963714828763 0.6234004638986509 0.6248119334138544 0.6202508801030162 0.623484263272661 0.6225787478919443 0.6150204960791289 0.6249090049901732 0.6230007002035284 0.6214929116762306 0.6190665822644937 0.619498524027934 0.6174219258260191 0.6242422947315986 0.6221231257086781 
0.4267166802403429 0.6187558831937285 0.621037067573942 0.6163901101385969 0.6229481953305434 0.6221494359840937 0.6194613885525208 0.6194836677730912 0.6232934392710996 0.6194394995379752 0.6254490907671811 0.6220514137374793 0.6242480512934172 0.6192091880884889 0.6222346068819504 0.6220433375350518 0.6234004638986509 0.6248283795056551 0.6202508801030162 0.623483140713958 0.6225787478919443 0.6147449888116794 0.6248924793715754 0.6230007002035284 0.6214929116762306 0.6236906218008267 0.619498524027934 0.6176026328546982 0.6245246359040573 0.6221229941272849 
0.4272653879121987 0.6171488191110437 0.621275857993547 0.6213803522501986 0.622854857138841 0.6220627520396904 0.6194674053722101 0.6194846124379972 0.6231654180928409 0.6193493882728197 0.6249544577699909 0.619946320228998 0.6242444779533989 0.6195709497061137 0.6222337227542053 0.6251020836677439 0.6232191259008901 0.6249799661296179 0.6212692541663555 0.6224033437109484 0.6229149852335764 0.6252040872137093 0.6253605947223471 0.6231446787047146 0.6216822694160735 0.6192519667177746 0.6192229039056879 0.6217338664085758 0.6245017131786231 0.6221032873188592 
0.42738775788994054 0.6170935553844614 0.6213041622334 0.6213479053392565 0.6228314617401345 0.6220627520396904 0.6194673858848013 0.6194846124379972 0.6231848483609459 0.6187825888763627 0.6249532087972814 0.6200100301398573 0.6242444779535204 0.6192133740747725 0.6222337244466317 0.6220519519253743 0.6232211551783309 0.6249732442758181 0.6218021187714075 0.6234766189690003 0.6229771972803851 0.6251970928541543 0.6253697692113112 0.6231359582850331 0.6204679455605264 0.6193945975390212 0.6195045038165207 0.6210921272827911 0.6242268427654082 0.6221026984964511 
0.4279307317604703 0.6164826239061892 0.6213017264375073 0.6163944211354131 0.6229600663747836 0.6221623776431546 0.6193101596089982 0.6194846073230246 0.6219953848837386 0.6250758409097096 0.6249539457456942 0.6267377794686553 0.6242525205459047 0.6189549468077954 0.6222340524435079 0.6251875823692877 0.6232365933850398 0.6249805043925273 0.6212454489331085 0.622314197204288 0.6229147181705634 0.6253162341665673 0.6253702485875159 0.6231362613486774 0.6216702171140127 0.6190816272170983 0.6192213566605779 0.6217342057373709 0.624828143194018 0.6221029902127633 
0.4279376322678421 0.6164826239061892 0.6213262040847898 0.6163944211354131 0.6229600663747836 0.6221609492317222 0.619466564325299 0.6194846073230246 0.623195246026328 0.6187807318515143 0.6249532087742653 0.6267377794686553 0.6242452055434196 0.6192151079120146 0.6222340107355052 0.6252948162975199 0.6232365933850398 0.6249805043925273 0.6212454724466726 0.6223461644335223 0.6225617135109525 0.6251948492944374 0.6253702485875159 0.6231531159881818 0.6216372674078156 0.6190782772370391 0.6195004120928594 0.6210957452073644 0.6242408629725332 0.6221030078744458 
0.4282599354070315 0.6171254970792661 0.6213057661013769 0.6213477348273498 0.6228553385929904 0.6220627520396904 0.61946738578462 0.6194846124379972 0.623275035326585 0.6187825431328882 0.6249532087972814 0.6267733359358268 0.6242444779535204 0.6192167703946078 0.6222337009115828 0.6251862104000596 0.6232208209172142 0.6249799661296179 0.621266272891721 0.6234768848516598 0.6229771974969842 0.6251970928541543 0.6253699808342242 0.6231359582850331 0.6216822652164185 0.6193947532528282 0.6195020578567881 0.6217338664085758 0.6244924663641956 0.622103563421308 
0.42846850236289824 0.6185779389570397 0.6212990953378166 0.6213263397696969 0.6228327146843333 0.6220979374472527 0.6194673606904834 0.6193032189165019 0.6239130194186275 0.6193336014451399 0.6249878068095395 0.6239366471999384 0.6243304284605924 0.6192088442248579 0.6222337674489185 0.6220521839001781 0.623221233194286 0.6252059978244737 0.6218125142801623 0.6233602983384049 0.6229786979519143 0.6288943215941143 0.6253697351855102 0.6231567864512754 0.6204422855676317 0.6236627504661499 0.6195016217885682 0.6210920072933175 0.6245353153391691 0.6221035628735335 
0.42877968478081846 0.6277885612070847 0.6217997715700674 0.6211786587174102 0.6229642074798033 0.6219412241284356 0.6193000626890859 0.6263082752213371 0.6231003618550328 0.6188667287748286 0.6249557152104517 0.6198237784987333 0.6242444779535204 0.6197357322922621 0.622237296717092 0.6278875691317899 0.6232208209172142 0.6249437106864479 0.6212712868785712 0.6235167497966762 0.6301473240119785 0.6254606406089024 0.6253526054040626 0.6231373112861894 0.621670496029379 0.6193767417478293 0.6296256191995657 0.621423392414191 0.6299195078886596 0.6220861289472255 
0.42906204555605887 0.6163164716510248 0.6284610400279909 0.6271509678556615 0.6297799653576931 0.6219522362835374 0.6193563025767569 0.6277204672759128 0.6307819044901442 0.6284130048349718 0.6252422840731138 0.6287741796723401 0.6242451053594845 0.6192071666596092 0.6224227319400165 0.6252488296913202 0.625311612586962 0.616459204509211 0.6212711862765068 0.6223618851211926 0.6302131426015662 0.627149845553016 0.6251966173251677 0.6232258214914779 0.6262328034037177 0.6228372979622822 0.6302383730554355 0.6213543476088954 0.6241308580783594 0.6222626218797098 
0.42940829131022906 0.6269543120615625 0.6213023533962018 0.6274714261366106 0.6245511516671164 0.6220627520396904 0.6193134535253356 0.6261744345750372 0.6231637486202614 0.6249136865748051 0.6283093053644773 0.6267571796739625 0.6242451637680607 0.6192087340114191 0.6222359991827587 0.6248620724840583 0.6232191259008901 0.6249900170427168 0.6212684352468077 0.6235204400610487 0.6228091270875971 0.6250050930398363 0.6253104535286294 0.6231367390162027 0.6216817039499031 0.6192519667177746 0.6195044365049239 0.6217340549228001 0.6244871522006687 0.6221035596807644 
0.4300290097099654 0.6277711576781436 0.6279921482385269 0.6278789033031912 0.6251446443147491 0.6219465635441482 0.6268524569012552 0.6315821402761033 0.6176948482875266 0.6280001926518016 0.6249556645479523 0.6284415666708573 0.6242427865825783 0.62834669506782 0.6223849920485556 0.6291660420065573 0.6231992746939197 0.6254854755963198 0.62249269366401 0.6233597302708737 0.6245985415222919 0.6273008580869526 0.625351372746987 0.6231372505403111 0.6219201824199423 0.619281761468369 0.6193192779906018 0.6214106827174413 0.6245182877502635 0.6220967048834976 
0.4304254458237735 0.6277727344585236 0.6279921482385269 0.6278789033031912 0.6251436917823373 0.6219465126753925 0.6267343312624201 0.6317611523464668 0.6176948482875266 0.6280001926518016 0.6249557778842315 0.6284415589175937 0.6242592265653669 0.62834669506782 0.6223879420761957 0.6291660420065573 0.6231992746939197 0.6251588334700127 0.621270116331617 0.6233597302708737 0.6245985415222919 0.6272549202427974 0.625351372746987 0.6231367443195746 0.6216778648116668 0.619281761468369 0.6193192779906018 0.6214106827174413 0.624514241807556 0.6220967048834976 
0.430906483027289 0.6276724359358832 0.6284007108083357 0.6278764615680219 0.6297230736015347 0.6222072721607588 0.6264308095146864 0.6276603634289174 0.6306494087217878 0.6284312927153823 0.6250255276017327 0.6287740473724138 0.6242529669766257 0.6279475848510181 0.6223879892602617 0.6287381269246773 0.6255837668512723 0.6246818788577012 0.6212630205420988 0.6233140294164701 0.6247672042256586 0.6272779000654043 0.6250031257468773 0.6211323529049195 0.621538942786789 0.622870341641516 0.6299538308621148 0.6307125086493335 0.629450861053393 0.6218126940064412 
0.43123302574046607 0.6272781243283889 0.62237162957519 0.6279955530800114 0.6230907500610157 0.622347574286362 0.6229669253876656 0.626186499804575 0.630738120361801 0.6295258364403329 0.625405343221442 0.627992280923807 0.6240210428514836 0.6283802179099311 0.6224263339873962 0.6278875691317899 0.6232208209172142 0.6251557056311823 0.6267402947096278 0.6234743093691456 0.6246991462206178 0.6273184142306533 0.625300445777055 0.6213364180235326 0.6209650578910922 0.622877895594904 0.6299935676327212 0.6308914092663839 0.6239903189895274 0.6222597114826164 
0.4316536046768416 0.6270803466145577 0.6272924854246869 0.627885437919419 0.6254641310422081 0.621928538573212 0.6271794700052535 0.6272734903585849 0.6310814456469815 0.629054264866842 0.6271417053293946 0.6284442938129304 0.6242711328237724 0.6284164878086278 0.628078582399459 0.6285137070669689 0.6253497474038473 0.6251579956937442 0.6267778080957126 0.6288507392515021 0.6299057922585155 0.6272306574298965 0.6244642066350785 0.6261349607777953 0.6265185869781241 0.6229164287681238 0.6300219364211317 0.6308954088771241 0.6293650991890202 0.6375572125695559 
0.43179479377822466 0.6276610328108725 0.6276965438069623 0.627862850074598 0.6296423672865088 0.6219117474083101 0.6271717889086407 0.6271422637934779 0.6310833863070038 0.6288933467573168 0.6248064650222941 0.6287428972766786 0.6339925416838045 0.6284133074439221 0.6279916647437572 0.6285374236620611 0.6253497474038473 0.6251579820747754 0.6268808178400822 0.6287155209469711 0.6304188405991756 0.6272864562605242 0.6332088797136858 0.6234583594420606 0.6265209244563388 0.6229136768737021 0.6298912200768655 0.6308033144985877 0.6293619184922665 0.6296593706601982 
0.4325907023449874 0.6278421275248324 0.6273453563644986 0.628196535409283 0.6339552577608829 0.6223778255666746 0.6269017939148918 0.6273093982116957 0.6310809737334621 0.6282307757326899 0.6291711851656027 0.6289763911302172 0.6251002003868005 0.6279762330274096 0.6224294254360564 0.6292057616701371 0.6255793426504687 0.6251442955864112 0.6212773025537294 0.628992006920928 0.6245449328470382 0.627208348278257 0.6249575563416657 0.6259409967652556 0.6262551211960592 0.6350293878799549 0.6300603037644132 0.6325424009707835 0.6244954053399632 0.6374863946077385 
0.43317742915119933 0.6270436818908273 0.628527795912681 0.6278711051838058 0.6297385116640899 0.6222112690871354 0.6271949245818791 0.6275931209805993 0.630771765963512 0.6290121280156731 0.6271117652338006 0.6287758072839145 0.6338122625633265 0.6280297918187605 0.622199169393953 0.6285375304036123 0.625629890285838 0.6251579820747754 0.6270148644763203 0.628921380375834 0.6304056900011621 0.62613916375923 0.6331666199135274 0.6261626971433815 0.6363462133159901 0.6229133280966568 0.629778635469446 0.6306798659344635 0.6293618712711452 0.6290172114095799 
0.433446349697625 0.6270803466145577 0.6273488891155047 0.6284081023211773 0.6254605280409357 0.6219241503288975 0.6271719568224133 0.6272719810100394 0.6310848400548871 0.629054264866842 0.624910791066832 0.6287479284080243 0.6339946017434626 0.6284164334698062 0.628078582399459 0.6285137070669689 0.6253497474038473 0.6251579820747754 0.6267253125019772 0.62871398097027 0.6299057922585155 0.6272308765486228 0.6244693176771305 0.6261588165500784 0.6265177898774824 0.6229136889770257 0.6298912200768655 0.6308033396862132 0.6293650991890202 0.6293900683093527 
0.43402165513401103 0.6277033057137799 0.6285611752984455 0.6331634549782668 0.6300165604871232 0.6222112690871354 0.6271691645032528 0.6368801739213571 0.630770311418404 0.6278499775832641 0.6270143450340517 0.6294471067253762 0.633828691978874 0.6280312858055577 0.6343675450752869 0.628479776906715 0.6252836780755925 0.6206669736124885 0.6330645889289535 0.628598199012888 0.6283408409030882 0.6383133066178006 0.6332864997694383 0.6261550631593721 0.6363462133159901 0.6229163273320729 0.6299905664406487 0.6306584414226125 0.6296895129513411 0.6290344629331082 
0.43433337824417895 0.6270835168337296 0.6272831018415517 0.6338593361906095 0.6293987934303419 0.6223785951492262 0.6271807314017037 0.6272505152722903 0.6310814352556824 0.6278226343604788 0.627210532948366 0.6289484370616787 0.624453799915171 0.6279698328494997 0.6279806214964507 0.6285147251973616 0.6253186753085113 0.633282923856307 0.6323017960105183 0.6288487187322852 0.6304473883226945 0.6278745794646238 0.6333125655106222 0.6265206079325661 0.626518550640323 0.6229217437159641 0.6303150771154806 0.6315886029696557 0.6293595512298763 0.6362797073813193 
0.4344663585888767 0.6276705843232979 0.6285611752984455 0.6284109283378378 0.6256414620550652 0.6222112690871354 0.6271717922122715 0.6365171246036565 0.6307687812255984 0.6277721690862763 0.6250299508742658 0.6287756375570758 0.633828691978874 0.6280312715367555 0.6282779749057146 0.6285121856520283 0.6253200949743285 0.6251833557797519 0.6270148644763203 0.628731417057612 0.6304056900011621 0.62613916375923 0.6249359466946561 0.626158809349083 0.6363462133159901 0.6229136576216167 0.6299529723019929 0.6306789932541144 0.6293618712711452 0.6290374877736841 
0.4349827042462625 0.6271322348606557 0.6288533275787385 0.6332652327509186 0.6300248761872674 0.6348025917440384 0.6333881794036099 0.638549813048544 0.6310643340054769 0.6360274974653173 0.6342209246161998 0.6287355171496831 0.6336657004244968 0.6362543343961052 0.6344501884577157 0.628040336614095 0.625482275926218 0.6334551597819416 0.6330685194903181 0.6238871658089804 0.6285352591841238 0.6271644936737979 0.6331948297101303 0.6261548034669823 0.6366651167057801 0.6340063492879066 0.6301407850153897 0.6346256192470389 0.629685511181154 0.6377763545886342 
0.4350935629430713 0.6339431944158759 0.6297688143647574 0.6328866128570991 0.6339900753771955 0.6340743492420015 0.6336328224167581 0.6318746970896437 0.6310626183029 0.6363611832165381 0.634366035644442 0.6294299466524754 0.63576612393803 0.6366976972942938 0.6283985560306133 0.6278318026200778 0.6385724662093583 0.6354397758791385 0.6328858690877928 0.6355725228240002 0.6286065005508985 0.637433831110413 0.6332866033234378 0.6367025414098685 0.6362563944615931 0.6338482538530443 0.6306785230872071 0.6315839146774076 0.6294413929246304 0.6376225228842997 
0.4354174470864662 0.6279431510570861 0.6339384742959846 0.628196535409283 0.6336121825561665 0.6343365667253009 0.6268969393990942 0.6271390484789756 0.6310699871769729 0.6281579814993347 0.6291293991026484 0.6285465680812762 0.6339520661998315 0.6368604125236274 0.628333303094519 0.6285363276132605 0.6398484664416012 0.6337214386430701 0.6395789130770676 0.6289890710759443 0.6304039479023926 0.6272619406946847 0.6331940347438179 0.636744271719271 0.6261987479739435 0.6350293878799549 0.6300553238847517 0.6328513246887502 0.6359350851550133 0.6375264951796707 
0.43547008461783476 0.63391854908498 0.6347764007980808 0.6334186344029121 0.6339533191552184 0.6340109247403053 0.6274472546456616 0.625587635439438 0.6312393124161566 0.6283383183166867 0.6342231529649593 0.6375076376614782 0.6339978027648894 0.6361750882176621 0.6347343324636322 0.6288096866225684 0.638744337725172 0.6337659611847523 0.6278758387764977 0.6291320060129542 0.6295806145581196 0.6370293286385363 0.6367929357317292 0.6369763395817749 0.6262050371976499 0.6340244434127508 0.6308260199904733 0.632850416996193 0.6356150946459098 0.6375340168702845 
0.4362152808216819 0.6338144126526309 0.6326824825035596 0.6328818055904474 0.6336153921042299 0.6339978562021922 0.6335017782524542 0.6334400389631323 0.6311268251377865 0.6339713099842524 0.6292075862667539 0.6373337169977602 0.6339227118586829 0.636199166176973 0.6282253339575593 0.632176234128377 0.6385119277208683 0.6333973590398135 0.6329758069247672 0.6355680293110891 0.6297716262468974 0.6374460141762184 0.6364152491695266 0.6369551760925625 0.6367379037181417 0.6340138820224258 0.6358831701725497 0.632823229055428 0.6319829534881034 0.6377079153347329 
0.43661891186331425 0.6339185665455523 0.6326824825035596 0.6348994403145906 0.633606421651579 0.6352121052892993 0.6335079451416098 0.6263094215593383 0.6311556453097691 0.6342373899807489 0.6343303961519978 0.6373879376211596 0.6340385916940027 0.6352698881268697 0.6346403803006796 0.6331043897178176 0.6385120595498602 0.6333078589079727 0.6330913683372822 0.6355680862309807 0.6397802562775244 0.6375149771918521 0.6332901524321881 0.6369438797178556 0.6367392735647174 0.6382591811415534 0.6358276973186588 0.6328154321941344 0.6295371657935078 0.637730472980921 
0.4367036746751526 0.6339185463902851 0.634880105344353 0.6334051083055697 0.6336271117183543 0.6343716765270084 0.633187693199412 0.6389835051327988 0.6313129251511829 0.6373216498461695 0.6341971967185928 0.637414765182489 0.6339978027648894 0.6352940934194446 0.6347328709289443 0.6330784823521104 0.6385120753659506 0.637684543251051 0.6389803015858203 0.6355610572156559 0.6299480618637018 0.6374434483551328 0.6402759042900796 0.636930130619125 0.6367427820888621 0.6335300427772933 0.6359302493313144 0.6328649692461358 0.6354511722710743 0.6377234940629155 
0.43711709195756143 0.6339437361362158 0.635558997224927 0.6330372016780876 0.6339888836637546 0.6344344838197665 0.6336328224167581 0.6358708505724878 0.6311307905008768 0.6341548779562473 0.63444759274104 0.6294299466524754 0.6357676113355953 0.6367338371833243 0.6343461865565181 0.6278826301012064 0.6385724662093583 0.6354339631364878 0.6328858690877928 0.6355696253965053 0.6286064713408595 0.6375083110052345 0.6332989728808398 0.6369020233851543 0.6371984328020995 0.6342038409700264 0.6363941935721756 0.6315839146774076 0.6294413929246304 0.6376225228842997 
0.43744524637177845 0.6339186231516818 0.63485080191901 0.6334082250415207 0.6338459936655625 0.6343659201008331 0.6335073522392973 0.6365094368219643 0.6311258318912548 0.6339633516959645 0.6342872525701503 0.637333156188592 0.6339747410917801 0.6367141703568997 0.6346618997202196 0.6330633576264769 0.6385577877091965 0.6373088815144319 0.6329757872033434 0.6355651951845467 0.6297846823594584 0.6374460331379682 0.6391479353667373 0.6365366963055799 0.6372560477565453 0.6332441073036206 0.6358847952960763 0.6310352837790695 0.6358753193677212 0.6377082311900252 
0.43781861867366423 0.6339198365034041 0.6352060566148899 0.6334139043271906 0.6338333212784518 0.6343718044731486 0.6334277051140624 0.6363374896013304 0.6378777121907716 0.6339506266421769 0.6292902958446009 0.6373902908526278 0.6340432687159141 0.6352823281317251 0.6347316564789552 0.6331844547709491 0.6385648734681949 0.6353168419823438 0.6387213212842502 0.6363094216326458 0.6298426766548786 0.6373707365419776 0.6391314446915694 0.6368032456987907 0.6371644971559448 0.6383463089011744 0.6358207562595517 0.634795511311041 0.6351522697375553 0.6370824082988981 
0.43826286074022364 0.6337363621622099 0.634880105344353 0.6330091856846132 0.6336271537370529 0.6348407393147587 0.6337656732200455 0.6389581987823755 0.6372451080279621 0.6372201397303271 0.6343272317207002 0.6375472410706318 0.6339973324672803 0.6354267522237391 0.6347354388667229 0.6330753969342705 0.6385134910314622 0.6372999782377236 0.6389644057528091 0.6355687491398487 0.6410805235512893 0.6374527415366769 0.6369159395796925 0.6369148995331857 0.6371644665033365 0.6384030175700233 0.6366165484699186 0.6347622663678361 0.6360331785356039 0.6377074430238725 
0.4384339133564323 0.6339192419881088 0.633118451631576 0.6332446344560272 0.633837057598504 0.6389907977408494 0.6335103469761615 0.6325417625520928 0.6313157115541554 0.6377518899913406 0.6286956297890934 0.6371742925864144 0.6357614295124212 0.6352654652285923 0.634707924549732 0.6330737033264732 0.6385723491132572 0.6353589314888958 0.6387232699260013 0.6362326143847398 0.6342564730947762 0.6373710640074062 0.6365069178908848 0.636798247300989 0.6362202027345675 0.6383170279825099 0.6359146443559628 0.6332597804148438 0.6360488749384619 0.6377079768753533 
0.4385213496619604 0.6338134007258545 0.633118451631576 0.6332611159721897 0.633837057598504 0.634007216845455 0.6335103469761615 0.6325417625520928 0.6311220215717432 0.6333154968430516 0.6286956297890934 0.6373311611115938 0.6357813547761832 0.6352535551576819 0.6343851008423995 0.6330368886707244 0.6385723491132572 0.6353589314888958 0.6387232699260013 0.6355607979074153 0.6295599892032059 0.6373710640074062 0.6365069178908848 0.636798247300989 0.6362071761449922 0.6340391804384664 0.6359146443559628 0.6328236886438575 0.6360488749384619 0.6377079745899327 
0.4390824465593501 0.6339335922717141 0.6350328219820479 0.6334419702070351 0.6346624054988081 0.6352776288714999 0.6337876268625693 0.6399197625968086 0.6428957794335313 0.6386647840873327 0.6343299632932693 0.6373011096483157 0.6389614777033957 0.6351167449837489 0.6351247654312899 0.6326802079680093 0.6385606821450983 0.6370233669926391 0.639084453398237 0.6355793451418443 0.6410239957913236 0.6375823714525164 0.6329453284735652 0.6368215191493707 0.6379760509460815 0.6383008425635559 0.635779905686339 0.6306917433863547 0.6355521390240496 0.6460500717055899 
0.4392728277488401 0.6337225239621668 0.6326533475963384 0.648326450603585 0.6338316539861211 0.6347966677162218 0.6337202225954883 0.6390805554266308 0.6310384300163543 0.634454047120038 0.6345301582181393 0.6369889012592148 0.635936081490773 0.6365369076977899 0.6351572185554939 0.6351909204360946 0.6385109552059839 0.6340695712902904 0.6389866775868066 0.6351471624108262 0.640773851625931 0.6338051007280197 0.6366375189490902 0.6369325301422971 0.6379220584820865 0.6336917355292372 0.6377631701150803 0.6306725477394058 0.6358809964446038 0.6378663226664114 
0.43945592851047116 0.6339185665455523 0.6326824825035596 0.6334051357614601 0.6336043539847223 0.6343897191345653 0.6337251533117961 0.6263094215593383 0.6317001776289345 0.6417083999724128 0.6340237379740178 0.637411867454027 0.6340764406533027 0.6455109997017673 0.6351022992011682 0.6330936946825952 0.6385019254180538 0.6335319739824704 0.6331676689339838 0.6350675269702104 0.6418407699774195 0.6374434439236266 0.6332901524321881 0.6369442060068119 0.6371675719432599 0.6386542575950953 0.6366080130482719 0.6349051388910569 0.6352159400728841 0.637861181078557 
0.43981129958680454 0.6339198155198704 0.6351057017221002 0.6334059190811983 0.6336051503393705 0.6392276551500009 0.6390429554380729 0.6391140862837763 0.6378309264024302 0.6345047190102844 0.6338908901742967 0.6373893951685675 0.6358661031430768 0.6393930711995198 0.6480537774307127 0.6331155688307202 0.6385243251094611 0.6381302330652805 0.6390239562260626 0.6355605831173624 0.6404547123385036 0.6374398431858028 0.6364708342499877 0.637359410933152 0.6367392735647174 0.6336055940455153 0.6358380592793398 0.6353074347815235 0.635913396192551 0.6440664135952703 
0.4400020732317704 0.6339164700467508 0.6352006725239957 0.6347638969868141 0.6336330525124333 0.6388123671807506 0.6333168678111584 0.6363680181288637 0.6378775894089679 0.6342023957323466 0.6343308193933485 0.637387414403282 0.639075502533391 0.6352614852044801 0.6346636745667716 0.6331049707037835 0.6385648548420403 0.6353171024888357 0.6390838410395188 0.636309718563089 0.6341844985184417 0.6375159296704154 0.6391312842813737 0.6368039080084026 0.637202494029855 0.6382711236592925 0.635770705010535 0.6349953476772704 0.6351379954929975 0.6377295155277012 
0.44090785797421556 0.6339198468494089 0.6352060566148899 0.6332085665920674 0.6338333212784518 0.6344384692296151 0.6393125111957767 0.6363367059270502 0.63794062450545 0.6339506266421769 0.633923095855832 0.6371743058219624 0.6340486050969281 0.636909858500529 0.6347079227393821 0.6484817036420462 0.6385733387390967 0.6353220006059053 0.6386975861641627 0.6355931599580386 0.642412167073691 0.6373707365419776 0.6391402687588816 0.6368720372349991 0.6362369274058985 0.6383170353636987 0.635914333124596 0.6314707744986211 0.6360417498774918 0.6377086436205582 
0.4412211857294281 0.6337228641732844 0.6324703875828294 0.6483241186622104 0.6337880874918802 0.6389101400528993 0.6337218219119919 0.6389972203100821 0.6425906439921751 0.6413670784455643 0.6345486739442088 0.6417428019665731 0.6358223483284127 0.6457988107698279 0.6351226765894112 0.6332904124310536 0.6385019407913736 0.6340821884019903 0.6393661131916935 0.6350731440918979 0.6407754766377399 0.6406538571487749 0.6377394470480344 0.6373638931041019 0.6369676093218932 0.6385684127326364 0.6303977443479111 0.6349287870950606 0.6360182613669287 0.6378587218478541 
0.44143531163946825 0.6337229065960108 0.6326533475963384 0.648326450603585 0.6337606359372249 0.6348091311619645 0.6337202225954883 0.6399782159734486 0.6310384300163543 0.634454047120038 0.6345452556708571 0.6369889012592148 0.6358723765656605 0.6365369076977899 0.6351572185554939 0.6351420553120675 0.6385109552059839 0.6340695712902904 0.6393661131916935 0.6351471624108262 0.640773851625931 0.6374979402091819 0.6366059057452741 0.6369325301422971 0.636968546193087 0.6336917355292372 0.6377631701150803 0.6348875217387662 0.6360318605355053 0.6378663226664114 
0.4419115460665965 0.633722944109062 0.6326533475963384 0.648326450603585 0.6337606359372249 0.6393996653049113 0.6337202225954883 0.6399782159734486 0.6311729775901158 0.6389069568870678 0.6334498923524754 0.6416605050004741 0.6358723765656605 0.6365470991079195 0.6351572185554939 0.6330300137590199 0.6385142182677599 0.6340695712902904 0.6393661131916935 0.6351471624108262 0.640773851625931 0.6468806177097277 0.6366059057452741 0.6369325301422971 0.6511722594633138 0.6337560798027063 0.6377635646054954 0.6438022454955397 0.6361676416829694 0.6378663226664114 
0.4421709822093844 0.6339197586671417 0.6345524953096929 0.6338647198589026 0.6336271117183543 0.6343683831576291 0.633185804731142 0.6389835051327988 0.6337209042170426 0.637260709993752 0.6342854798058634 0.6375728543138507 0.6356308721760043 0.6352940934194446 0.6347343324636322 0.6330784823521104 0.6385243787388786 0.637682931538698 0.6390803506442829 0.6355607908266477 0.6297356976446505 0.6419636082472452 0.6401714141190364 0.636930130619125 0.6371646900579752 0.6335192540044825 0.6366778710480687 0.6352524701181925 0.6356142721100533 0.6377234940629155 
0.4427432032535195 0.6337235969216635 0.6350188255341933 0.6334419702070351 0.6346639799311735 0.6352776288714999 0.633787249058979 0.6399197625968086 0.6431084277338444 0.6386780490733213 0.6343191045045616 0.637119849993692 0.6356511707113178 0.63651255219281 0.6351232876241676 0.6326938131497942 0.6385262721878454 0.6378476368217205 0.639085028388847 0.635153406472667 0.6410146984274757 0.6468019167130643 0.6365678512156925 0.6369326068319558 0.638210337336872 0.6382437125400074 0.6367030257089966 0.6434069121863225 0.635549352073455 0.6465993562349522 
0.4429809999419146 0.6337252798293384 0.650281408419597 0.6330256540386346 0.6336332507932816 0.6348421872011024 0.6337255714544038 0.6399781379760597 0.6378621339766541 0.6342575571582579 0.634326137585526 0.6426921608064887 0.6389236883338756 0.6449507625358698 0.6351166359563034 0.6332409508825759 0.6385109794250828 0.6372474823426912 0.6386382893783495 0.6355959841632047 0.6407707207492543 0.6374402215546656 0.6368681398711438 0.6368169459153533 0.6369676162229962 0.6385614515931872 0.6367049799207581 0.6348853852317935 0.6360182613669287 0.6378368676781845 
0.44334025677993494 0.6338790914998094 0.6347391782607558 0.6480590764178729 0.6451385713261042 0.6353653178989954 0.6344214452122977 0.6396783150266323 0.6437340841333752 0.6386651106579947 0.6343597187911547 0.6423140419832886 0.650497242167824 0.6369271343019774 0.6474383756711064 0.6326767664786064 0.638555132743483 0.6376718255030409 0.6386240760916251 0.6472506468674 0.641137051988972 0.6410497107657774 0.6492907064400938 0.6480779404718878 0.6354086070419483 0.6454270209762216 0.6366434329362173 0.6436092417262593 0.6351769260589215 0.6473688752303702 
0.4434118842878045 0.6338808869999369 0.6347391782607558 0.6480591055072448 0.6451385713261042 0.635393182364365 0.6344214452122977 0.6396775262595124 0.6437340841333752 0.6386651106579947 0.6343597187911547 0.6423197586875165 0.650497242167824 0.6369271343019774 0.6474383756711064 0.6326767664786064 0.638555132743483 0.6379836075576423 0.6386240760916251 0.6472506468674 0.641137051988972 0.6476235625761751 0.637392154088278 0.6366937533432032 0.6355557019797557 0.6454270209762216 0.6366434329362173 0.6436036341096185 0.6345576177694773 0.6473688752303702 
0.44394359198205385 0.6547830744511702 0.646613299692425 0.6345781702397283 0.6443213682501011 0.6348106885440823 0.6392389801499522 0.6400893878875203 0.643497947166879 0.6410444281972111 0.6473111920307203 0.6477185141636124 0.6482927491011188 0.644942351145027 0.6457656696826681 0.633318453586228 0.638865262013044 0.645569209138884 0.6396212168242792 0.6356554180141223 0.6417075080847021 0.6403722843719273 0.6516788742750877 0.6367581429745546 0.652165096830012 0.6386050069004467 0.6365354029108926 0.6445833930072525 0.6360602285853446 0.6457381197283757 
0.4443959137841138 0.6339246406758638 0.6465364656336648 0.6463888987384333 0.6486597210477684 0.6460128282469082 0.6394587188170432 0.6400906209093534 0.64359291002881 0.637611078431048 0.6344404784742997 0.6408058317578026 0.6398505600147869 0.636897800289262 0.6472269720196843 0.6484813616794388 0.6385304982562374 0.6461027326862333 0.638139695526489 0.6483800771963065 0.6410258368441663 0.6405273046427228 0.6417592374515722 0.6484413845368976 0.6512571379250699 0.6384638454012858 0.6366571504987188 0.6444437460223248 0.645929935067024 0.6370919982983764 
0.44503760131165554 0.6429573405072914 0.6466483445211211 0.6479754912386523 0.6444270912084837 0.6463822664195408 0.6475273123316038 0.6402429998850891 0.656984956545239 0.6409751803954211 0.6475330602518516 0.6370955707242024 0.6479169323107068 0.6374873711520668 0.6485265473861641 0.6484083791477139 0.6491410594976326 0.6537259970860727 0.6400527396597983 0.6477416075116441 0.6421474784220894 0.6524908116761117 0.6486298904032245 0.6490597498033819 0.6376312404488166 0.6380518781409107 0.6374921772654412 0.6444610442891425 0.6445042406764246 0.6472254963201404 
0.44527293266715634 0.6350841437495838 0.6466151056370233 0.6479703363370779 0.6450031177217589 0.6464011036283092 0.6475265426370904 0.640543953145733 0.643817922201147 0.6412184586107796 0.647533909131182 0.6422733704685942 0.6513887696058275 0.6371123887005723 0.6484560113787348 0.6484082641493325 0.6491410594976326 0.6450582554201133 0.6526186773155174 0.6477414696771349 0.6505449884711525 0.6399218429734146 0.6493332567803726 0.6484641417483844 0.6379456186432912 0.6381541520296978 0.6356666974241016 0.64431839121569 0.6449743021894966 0.6459824787022165 
0.4458354710050457 0.6338784758757623 0.6471125818166271 0.647765137567602 0.6443122584475305 0.6462098208153523 0.6475280231444197 0.6405163168168886 0.6436862277641021 0.6410681188575472 0.6472440061209231 0.6422275332784364 0.6514988684630396 0.6352927455466565 0.6486884327659705 0.6482519247954668 0.6540352245873232 0.6460077298229895 0.6544835969530229 0.6477421880563365 0.6412611674137171 0.6402884703291721 0.6491852975785166 0.6484627828572254 0.6512123763594945 0.6382000285077206 0.648967934009806 0.6443146846553842 0.6450732841908318 0.6450308715693599 
0.44630722733284 0.6429339719718357 0.6474602265273246 0.6479869422281065 0.6445868487928036 0.6463822664195408 0.6475273123316038 0.6402429998850891 0.6440307266755741 0.6409751803954211 0.6475330602518516 0.6464595434344194 0.6476392717698757 0.6477981809277676 0.6487132723786647 0.6482259165977363 0.6491410594976326 0.6535291475413783 0.6401765303243978 0.6477414789318985 0.6421474784220894 0.6469978416680563 0.6486139575507961 0.6490675578001439 0.6379826908697172 0.6524144262899643 0.6374945762479164 0.6445060004554362 0.6445042406764246 0.6472780569170719 
0.4470097343814618 0.6423612185444972 0.6466155414769319 0.6480752212394096 0.6446973869916701 0.646015773595474 0.6474376519870627 0.64008656125693 0.6438117633883634 0.6412132821970813 0.6475512202873004 0.6463962733218309 0.6515274053344703 0.6458036322730208 0.6479681804475688 0.6484082664884669 0.6481301097429765 0.6461905134195107 0.6527931136855114 0.6477418954819993 0.6503055319153681 0.6541085407996831 0.6493387629699716 0.6484554031655793 0.6380528690702292 0.6524541054081243 0.650135465139102 0.6443181431415351 0.6449809793749629 0.6460020907216679 
0.4473855447121249 0.6423586782044252 0.646654620297915 0.6477655832660856 0.6450445609373329 0.6462160941320854 0.6474376643599368 0.6404330425068383 0.6437456379252523 0.6411811672146827 0.6475347970140527 0.6468163965955566 0.6479141750484063 0.6466185629321258 0.6485225345412389 0.6484119849070217 0.6490802559674934 0.6460523882973603 0.6519614730261011 0.647739134547264 0.6500936927497147 0.6541079840561014 0.6493542618811304 0.6484316808434852 0.6514216622808058 0.6523830529793718 0.6500862988333608 0.64451500691022 0.6479730269374682 0.646013826071836 
0.4481231281902222 0.6422536101244559 0.6466576098750016 0.6477658061580556 0.6450444219773985 0.6462102976687358 0.6474376277634899 0.639553186258404 0.6438833273989326 0.6411813814248365 0.6477646128128407 0.6467845075692824 0.6478892390720158 0.6466309846931841 0.6485425386404098 0.648408778754486 0.6490796519132501 0.6460558324018056 0.6519612995048119 0.6477390174318711 0.6501016502961532 0.6541109138359438 0.6484397115657181 0.6489612068057881 0.6514216622808058 0.6531531312846327 0.6557830686053273 0.6443567932159782 0.6475995255285191 0.6460608365857239 
0.4489844082921601 0.6436354780773768 0.6466150408537529 0.648063613850471 0.6449636528493798 0.6463881930343912 0.6475275707701376 0.6402447885172964 0.6435485398665646 0.6409755332600355 0.6522753165277652 0.6468179415101981 0.6479167344092683 0.6366723708788807 0.6485223987518177 0.6482298496518801 0.65397828424817 0.6550696519371021 0.6518586829191887 0.6477553184775758 0.6600998196898468 0.652454838615846 0.6486073802899067 0.6490689875312546 0.6511895126767768 0.6528546139321776 0.6558086497450303 0.6445060441289687 0.6445230251666194 0.6426955753635821 
0.4491930040348064 0.6545093230874021 0.6474612435487956 0.6480815591094115 0.6510495418204558 0.6460152833024088 0.647429258849196 0.640086560155045 0.6563380868030487 0.6416280649862746 0.6475340168164512 0.6541294275287982 0.6515309233539355 0.6467454981621286 0.6484910008914336 0.6484649610149731 0.6490140803895318 0.6461908075245362 0.6548222862941452 0.6477414106084464 0.6507819576913504 0.6337130997343874 0.6494055444762556 0.6489307001566831 0.6509096938383548 0.6530034825564802 0.650286410061048 0.6443015340836475 0.6449357838559727 0.6461053249415463 
0.44971799661019 0.6545093282172164 0.6465563283133788 0.6480697934457159 0.6449898024044086 0.6460152833024088 0.6544526763135984 0.64008656125693 0.6566055330594689 0.6416284506041381 0.6475371746674359 0.6465966525096115 0.6515262441773624 0.6456363371623669 0.6485031740034262 0.64867165697099 0.6538795491251744 0.6461905134195107 0.654823108999137 0.647741038503133 0.6499168983971113 0.6541085407996831 0.6484356897806584 0.6489238454777639 0.6509096938383548 0.6531411692281158 0.6557691298893142 0.6443015714116115 0.6449357838559727 0.6461054317017735 
0.4500951664571396 0.654462719892015 0.6474808224135389 0.6480700017710787 0.6546753821612531 0.6460152833024088 0.6474291965779171 0.6400931011681773 0.6437260111703463 0.6541519133252183 0.6475512202873004 0.6463962733218309 0.6488344726235766 0.6457937468156242 0.6479639933919327 0.648650882927994 0.6490135238212659 0.6461905134195107 0.6527956890541385 0.6477418954819993 0.6503051156877079 0.6541085407996831 0.6476679400329602 0.6484537902427857 0.6513905434413149 0.6524561840518213 0.6502892452404639 0.6443579611324567 0.6449357838559727 0.6460022189037824 
0.450524368931844 0.6423586782044252 0.646654620297915 0.6566714425325656 0.651758080302113 0.6462160941320854 0.647434569163747 0.6566274787648844 0.6437456379252523 0.6411811672146827 0.6475347970140527 0.6546495358251004 0.6475867176361104 0.646625816889878 0.6485225345412389 0.6484186740821704 0.6536509507543816 0.6460523882973603 0.6519614730261011 0.647739134547264 0.6504695169480443 0.6541079840561014 0.6493542618811304 0.6484110674232179 0.6512413106715337 0.653116618240818 0.6500862988333608 0.6445036299302466 0.6548970331898716 0.6459125893815695 
0.4509292743211795 0.6551270727042718 0.6523426742199073 0.6480706654019351 0.6516348458507564 0.6522150253351118 0.6474353237274755 0.6561651213114423 0.6524159878029805 0.6552236476925878 0.6472877099627115 0.6468399077071278 0.6516976642512191 0.6462728760962193 0.6479429841835062 0.6483536399622549 0.653854513779035 0.655069322383947 0.6516197232454871 0.6477422119182746 0.6608249201594134 0.65248470183773 0.6484301689394033 0.649102180004001 0.6359818143629674 0.6531038813112428 0.6556510691521232 0.6441489167412997 0.6544603806606746 0.6543646075759756 
0.4511277309822845 0.654361644048906 0.652587609775531 0.6481627386828721 0.6506274219177801 0.6461285840942275 0.6545351739296918 0.6400891106572779 0.64317743709198 0.6553407930823505 0.6475554177635048 0.6462472115932644 0.6515298191332077 0.6565302950943213 0.6474869220406527 0.648384982616209 0.6468342680071179 0.6546445183948238 0.6550555176363387 0.6477443034352754 0.6503095330823938 0.6531324419583863 0.648416558806312 0.6484874195626955 0.6511759515923602 0.6524102249431852 0.6556943410654915 0.6488214957494528 0.6449291555294295 0.653634303991201 
0.45178085038801996 0.6551120349139499 0.6523397151344853 0.6480711463520947 0.6516237965314106 0.6522150253351118 0.6474343191972093 0.6572946343934036 0.6527250804128308 0.6542518466868322 0.65229034504383 0.6548760596971744 0.6515531388882688 0.6462728760962193 0.6479429841835062 0.6484230058115275 0.6536604322840007 0.6539691131309235 0.6519681562427591 0.6477425360094925 0.6506087382648382 0.6540208422519165 0.6484270730248537 0.649098905223247 0.6511159664558458 0.6531098570997765 0.6556925904262415 0.6441388349289591 0.6544603806606746 0.6539153428850569 
0.45286351159380056 0.6545620971688335 0.6523837828475515 0.6566410017126898 0.6506710063661453 0.6517762785729668 0.6544860552641701 0.6567747296729434 0.6567676931144637 0.6558684176404139 0.6477686345902246 0.65451506439039 0.6604541163312162 0.6564309584887125 0.6479973741868084 0.6486006766595486 0.6536635359291602 0.6538647784717785 0.654409768034156 0.6477216883742375 0.6602259246078421 0.6531350066032542 0.6484659120735402 0.6484873815047297 0.6563065906703358 0.6530474631004256 0.6556729119306609 0.6487969282939393 0.6544550795527359 0.6540031925278961 
0.45302704799726623 0.6545107807777004 0.6463174550682628 0.6561312939292527 0.6513553038116316 0.6517887103269097 0.654486022132776 0.6568458124413971 0.6567682086430473 0.6545380734606682 0.6565582675967401 0.6548458733088779 0.6500395503821784 0.6564309170495409 0.6533562846072777 0.6529995048285296 0.6537525098142597 0.6543960461369605 0.6545050612173675 0.6477094673029234 0.6501522750690625 0.6534608581808367 0.6491019562379288 0.6483910259465531 0.6597306912492895 0.6530747520612616 0.6552111366114599 0.6593050822187555 0.6549217288801913 0.6540125046336684 
0.45320115634485497 0.654510514410492 0.6528996803325298 0.6562911484291806 0.6506710063661453 0.6517887103269097 0.6544860552641701 0.6568229978452897 0.6567676931144637 0.6558684176404139 0.6565582675967401 0.65451506439039 0.6604541163312162 0.6564309584887125 0.6533623533128542 0.652785257996712 0.6537554621082359 0.6543960461369605 0.654504995640245 0.6477221230167644 0.6601880212705558 0.6534199141578249 0.6488279869008676 0.6568763044585622 0.6561429680656063 0.6530500387389465 0.6552099402827439 0.6589514332195952 0.6544529107649693 0.6540152725811057 
0.4536248626719225 0.6548982905882242 0.6526003495072445 0.6561070627078259 0.6507041166361961 0.651919172357049 0.65448655258759 0.6563415119919924 0.6587486636814102 0.655478700358051 0.6565552400729334 0.6477212828793577 0.6604474115562028 0.6561250194258125 0.6533624660601343 0.6547563032358112 0.6557379622873613 0.6541925951096853 0.6619154164187249 0.6566603309797484 0.6584472894505263 0.652922941177464 0.6611680779877258 0.6571481207494974 0.6555083370501943 0.6536200844868857 0.6552117509641121 0.6589550324003781 0.6538234437320048 0.65469283361874 
0.4539089056064378 0.6548130334153371 0.6528730616867203 0.6574620429797041 0.6510416730459868 0.6517847071600837 0.6544694741000521 0.6571884736493809 0.6567669947335053 0.6558655575628326 0.6565648770910469 0.6545150665132463 0.6604541148193667 0.6564309584887125 0.6532241847881862 0.6535034624595137 0.6538298049388108 0.654396016202035 0.6545376230989952 0.6479302395049409 0.6582899037020642 0.6534212261213541 0.6490136566290247 0.6568987911544268 0.6561429643777517 0.6530506670378186 0.6555848719495183 0.6589514332195952 0.6544529107649693 0.6543652571910661 
0.4550537083211861 0.6548982905882242 0.6525936908071931 0.6561070637940989 0.6593590225210056 0.6597936840601931 0.6538539385708922 0.6571078144287528 0.6588815150123877 0.6553952906090733 0.6566343699257058 0.6554507602997838 0.6604546536577094 0.6708944891639358 0.6530044227063035 0.6547501571597925 0.6556775053667269 0.6541923816361428 0.661707506128411 0.6573602419619632 0.6583260713278509 0.652922941177464 0.6611680779877258 0.6568722543523463 0.655505102833255 0.6538495836985709 0.6552893951457788 0.6591516899128889 0.6545069034151488 0.654692858436393 
0.4553688552729681 0.6548550478842526 0.6525560953306092 0.6563089910784929 0.6506710063661453 0.6514170124330286 0.6544932950688944 0.6571432942552494 0.6567685094928467 0.6544622644949107 0.6565388500117025 0.6545758366351746 0.6604540079599541 0.6564273720173622 0.6529968466794406 0.6529569485520469 0.6537525030209049 0.6543960461369605 0.6545326734153458 0.6573307850958662 0.6611248545986675 0.6690861714109947 0.663974148428391 0.6498182156235393 0.6596250944123985 0.6531279495046307 0.65523911310958 0.6592836931377032 0.6544529107649693 0.6551272031389807 
0.4556260940832802 0.6548130334153371 0.6528996803397454 0.6574620429797041 0.6506710063661453 0.6517847071600837 0.6544695765039379 0.657176506116826 0.6570068484570479 0.6559149198239694 0.6565589338444839 0.6545152093876532 0.6604524550598234 0.6564309584887125 0.6532241847881862 0.6527844801334707 0.6538313611638374 0.6543960162355448 0.654504995640245 0.6574456807021557 0.65835011838617 0.6534213778762206 0.6611030117303625 0.6568984201563826 0.6561432808814257 0.6530506676006892 0.6551178886302158 0.6589514332195952 0.6544529107649693 0.6615271475275164 
0.4565236355839579 0.65451051310046 0.6532264888708076 0.6561611298868067 0.6506710063661453 0.6516836862621179 0.6545053417046571 0.6568235916597241 0.6567685094928467 0.6546303984276268 0.6565583489177907 0.6545130516254563 0.6604502256423876 0.6563645034191135 0.6523901389890872 0.6529413976723529 0.6537540148083544 0.654276265975099 0.6545326734153458 0.648485747882315 0.6601412990350475 0.6513446222377075 0.6611041230713517 0.6498425088198461 0.6595632353040861 0.653119699799995 0.6551462168793148 0.6590014863110084 0.6544529107649693 0.6633531098141717 
0.45679203873487667 0.6549774697389231 0.6545016601456854 0.6573741773733114 0.659212737553852 0.6516645756549524 0.6540312934469079 0.6570997756309694 0.6568853859235744 0.6618684220174854 0.6565596454262251 0.6553045475562238 0.6613067121665754 0.6554680714627493 0.6532243422452337 0.6527839783142421 0.6529667380797134 0.6542071103189184 0.6545217734734915 0.6570617024162362 0.6622474185634902 0.6533125345904703 0.6638168566712873 0.656867976181262 0.656136061518911 0.6460901295209244 0.6557666987912741 0.651541365426076 0.6544356254007792 0.6622546156436884 
0.4570393406144082 0.6545485297037975 0.654540265446782 0.6573722619473976 0.659212737553852 0.6595944144520511 0.6540457298846117 0.6570997776393718 0.6567268807542088 0.6611282635293285 0.6565586217569586 0.6545185069917901 0.6613403488179238 0.655850827963163 0.6532409567264934 0.6527839783142421 0.6556657800149304 0.6543963495084171 0.6545217734734915 0.6570647763851903 0.6643067663819201 0.6533880965008394 0.6638699772089717 0.6574332945006205 0.656136061518911 0.6534050802808197 0.6557615289890084 0.6515447253569556 0.6544356254007792 0.6552117490647478 
0.4571106276020011 0.6545176975795092 0.654540265446782 0.6573722619473976 0.659212737553852 0.6519684158506329 0.6540457298846117 0.6570997776393718 0.6567268807542088 0.6611282635293285 0.6565586217569586 0.6545185712742968 0.6613403488179238 0.6564208959571204 0.653241292387465 0.6527840116613988 0.6556657800149304 0.6543960468038934 0.6545217734734915 0.6570647763851903 0.660160294734891 0.6531361003852024 0.6638699798907067 0.6574332945006205 0.6597059162676719 0.6534048826103648 0.6557615289890084 0.6595660625153303 0.6544356254007792 0.6551272242524139 
0.4581384039723965 0.6548648295606205 0.6542474871937628 0.6638344682607269 0.6595642817350732 0.6596358613678537 0.6538550608213036 0.6638029262709769 0.6637443147874394 0.6545301128685705 0.6565715976183102 0.6540574769105925 0.6604634941424442 0.6564370730488207 0.6495603158696207 0.6636542517257904 0.6526403419599616 0.6657883134088008 0.6549951807278073 0.6574729068627628 0.6590655663633703 0.6531503808796364 0.6641359982812631 0.6547513383388982 0.655275092111977 0.6530422245092242 0.6555614097376523 0.6589522152531863 0.6534813774068781 0.6617942189649995 
0.4583341285300798 0.662733814186303 0.6549360318601039 0.6638938152897905 0.6585676036275963 0.660247758771529 0.6545832239370027 0.6596919326923092 0.6644639600433109 0.6626208578804916 0.6568208619251369 0.6536438275628549 0.6614388549273406 0.6709102297813515 0.6674767716270485 0.6595062154797482 0.6551924293012326 0.6642323176578897 0.6620515942431904 0.6573687199161643 0.6638445685960024 0.6622209328330152 0.6609295149553563 0.6549464211923539 0.6643708134823213 0.652747019805712 0.6568073242050364 0.6523070508130425 0.6530218836806304 0.6623578481231721 
0.4590875780082165 0.6628408562618541 0.6546656649023088 0.6572982682640558 0.6588975506381671 0.6602703734256606 0.6541768981162255 0.6597089219514113 0.6637007301947041 0.6625221546452488 0.6568208619251369 0.6669681268138071 0.6614236787795412 0.656424252992545 0.6674706517043946 0.6595062154797482 0.6704143807848206 0.6642202692993026 0.6612842276817068 0.6573648820720694 0.6594584744745073 0.6622223619003763 0.6609295149553563 0.6549464211923539 0.664375656461452 0.6651328372214698 0.6568073242050364 0.6591905183465999 0.6529218129526071 0.6622844913076603 
0.4593496656734216 0.6628131883109497 0.6650413459899209 0.6641391207091484 0.6664158463753933 0.6600625557054951 0.6649113503352803 0.6602347917884404 0.6635250200181247 0.6621554177969063 0.6674301049715687 0.6661900079161516 0.6620123899227723 0.6705466548925023 0.670760747788142 0.6599277900582582 0.6646693935053235 0.6641877216296169 0.6613021874597843 0.6570454563221222 0.659316186490773 0.6667834309715256 0.66031433718406 0.6549423919110142 0.6640658174297958 0.6647810783271064 0.6679560310818463 0.6602657774070724 0.6526257359284863 0.663369869232639 
0.46022363202380023 0.662776499002071 0.6615473220165439 0.6641289463236166 0.6584324768308499 0.6709234173051374 0.6648735147524651 0.6596875017040421 0.6636717526458601 0.6622196811094148 0.6565375562298065 0.6661913371383617 0.6616232795498596 0.6709173355309414 0.6707534308429289 0.6612060550355386 0.6550522239644948 0.6642958642119736 0.661325838234186 0.6571267480915405 0.6700052091592447 0.6701139348664762 0.660929126172699 0.6549520174891966 0.6640657096258678 0.6528037513021291 0.6551815504644891 0.659335722591146 0.6526455509242054 0.6635506246461502 
0.46066628240690327 0.6547258045307681 0.6641194508842096 0.6646119100595727 0.6589499855067537 0.6602540201351925 0.665946886798806 0.6597039576063481 0.6646839724885073 0.6678968568251828 0.6596265303658849 0.6661967405846141 0.6618917582345518 0.6574751589555358 0.6691592298033486 0.663211000955734 0.6536781560034159 0.6663268783318325 0.661090177548224 0.6684763012792914 0.6645278956933518 0.6706681447034588 0.6612070481450888 0.655264867135466 0.6552571020777622 0.6647628794605325 0.6557852987262061 0.6595927122734995 0.6693374135360662 0.6630409678584056 
0.46117699212646446 0.6628116395039415 0.6649345337328184 0.6641287018708708 0.6664157818790193 0.6603530830216877 0.665461896976084 0.6602217041280473 0.6636489503914447 0.6622341139464656 0.6593479504526857 0.6661919605457532 0.66143351104834 0.6702984427277822 0.6679521772622493 0.6612213949790693 0.6703781332121306 0.6641991777115237 0.6618983718996447 0.6684723513529736 0.6590973068952997 0.6702592005691218 0.6609591950149883 0.6591074292691176 0.6581250293911788 0.6647970065224021 0.6566831340947306 0.6602533673284733 0.6688874106249547 0.6633699945109082 
0.4620197696443114 0.6630444265525225 0.654744706806616 0.66402992432442 0.6665081430337801 0.6602703734256606 0.6654274452621203 0.6601787574859547 0.6641842778585594 0.662105006582497 0.659372395132582 0.6669990950963193 0.6612491422058299 0.6701030685386655 0.6693580793945716 0.6613690842304911 0.6645265737666985 0.6735409773977906 0.6619000195801653 0.6686595770666992 0.6649198836765119 0.6709235643433735 0.6609362276364259 0.659550461332932 0.6580697654284647 0.6573008325335283 0.6674419589371061 0.6602566433771152 0.6692338152243844 0.6633706038925213 
0.4625446017115605 0.6628131883109497 0.6650413459899209 0.6641391207091484 0.6665197117156916 0.6600431657572715 0.6653840388592506 0.6602349567773337 0.6635250200181247 0.6621554177969063 0.6674301049715687 0.6661640442149612 0.6620123899227723 0.6705540656905138 0.6679616971722198 0.6599277900582582 0.6646693935053235 0.6641877216296169 0.6618997926076513 0.6684726017956725 0.669627616477111 0.6702890081602408 0.66031433718406 0.6591336947277956 0.6640879542873775 0.6647810783271064 0.6676020749691292 0.6602657774070724 0.6692652270243696 0.663369869232639 
0.4640796605189029 0.6682427569413292 0.6648809545997153 0.6721685246250715 0.6600224345407707 0.6604806906603834 0.6658180990762163 0.6602206413391598 0.6729642063409838 0.6733615126455825 0.6676917418699613 0.6669781751602091 0.6694460385774244 0.6702883413177543 0.6699656071128849 0.668775399778231 0.6703402741945431 0.6664903518208923 0.6616585338494483 0.6684599502389464 0.669648269225926 0.6703106556357823 0.6738431359919607 0.6719790602216551 0.6649533708896593 0.6655162036459323 0.6674376716050672 0.6759998869663542 0.6688950707858311 0.669320355848551 
0.4642830662063177 0.6624814511596171 0.664934496135523 0.6640244726691265 0.6665108915338243 0.6604806906603834 0.6658547016371759 0.6601004843016287 0.6729895871434123 0.6624345258647927 0.6676457559073223 0.666088987061082 0.6694406846611951 0.6702882928886125 0.6694366593844114 0.6687805615631508 0.6703413690454594 0.6663142707511662 0.6722995009529589 0.6684790631808406 0.6696485539485675 0.6703206943021636 0.6738431359919607 0.6590768851015926 0.671628252697437 0.6647650146845037 0.6673865861392174 0.6600878680091631 0.6707100569817235 0.6635303944304038 
0.4643375589262255 0.6624743129589624 0.6650127546200052 0.6641388637118134 0.6665108915338243 0.6604806906603834 0.6658547016371759 0.6602206413391598 0.6729086928971227 0.6623780417473228 0.6676738023738272 0.6670117083618867 0.6694407574569011 0.6702883413177543 0.6699656071128849 0.6687805615631508 0.6703402741945431 0.6641991777115237 0.6617778885558768 0.6684599502389464 0.669648269225926 0.6703106556357823 0.6738431359919607 0.6590768851015926 0.6721710910588382 0.6647642410674739 0.6673865861392174 0.6602662021567868 0.6688950707858311 0.6633570785485811 
0.46529023812499687 0.6627837280301445 0.659851490111558 0.6722308974789107 0.6603252392801422 0.6725857120639984 0.6654773802990764 0.6611186137992738 0.6636571722799278 0.6622397324786103 0.6597433345304318 0.6659057933679132 0.6692667518332873 0.6691128233308526 0.6694391373423142 0.6692987356918636 0.6717081898174414 0.6641674550501093 0.6729391307468972 0.6684724321263522 0.6695727397162253 0.670761799476528 0.6738402648475824 0.6588148885804784 0.6643306775264983 0.6642205368307825 0.6669412655923349 0.6607817730968953 0.670379946914968 0.6692539574464872 
0.46540912734207995 0.6746488701457436 0.6677609801531423 0.6722499997114626 0.6664137042376139 0.6715118739746951 0.6659471520894703 0.6728415002030278 0.6729726416551014 0.6731776294742678 0.6594706848653842 0.6699519413111642 0.6615233715058763 0.6705899994202814 0.6699463525782674 0.6685118199791031 0.6717073184758532 0.6656393098531422 0.6726241305161045 0.6684597214501099 0.6648207542075499 0.6705422037070103 0.6734711212938806 0.6718256948024379 0.6715431707155884 0.6641667345738775 0.6670657607931625 0.660401125645479 0.6693126368877006 0.6694502757312514 
0.465811853406281 0.6688170709062421 0.667845325396606 0.6722530936804766 0.6665366501704181 0.6714539762117373 0.6659319941917544 0.6728290194210753 0.6729913524025704 0.6665808176816599 0.6680464049205517 0.6699359001090102 0.6695166434669556 0.6702918438243834 0.6694390449149072 0.6685023076696315 0.6717463547998157 0.6656573363657046 0.6726159144357757 0.6684783038209735 0.6647989070785669 0.6705378854001385 0.6732526779175997 0.6681223711989489 0.6761445539688233 0.668296029993334 0.6669401302049864 0.6756068656268353 0.670365311967501 0.6694419626223526 
0.46613683245615634 0.6690044181573845 0.6678074197728934 0.6729582826633119 0.6665157927117341 0.6709425271664632 0.6708906710083578 0.6729118711439399 0.6729883756924612 0.6731779686464606 0.6660967042380886 0.6699334476294169 0.6694958170665556 0.6706196039482542 0.669440332762659 0.670085875119437 0.6717554972962216 0.6760750576889947 0.6723446446436583 0.6674727745014196 0.6691358954818681 0.6716493525391354 0.6736532861339889 0.6721684930111639 0.6715972674851565 0.6682925638369862 0.6674378040974103 0.6768531096999194 0.6691451834818198 0.6693232975943888 
0.46620131680404103 0.6754707662101445 0.6677868185186658 0.6729888020455598 0.6665392919929437 0.671453975594133 0.6685004312510361 0.6729122486141623 0.6729937675906947 0.6732061269834522 0.6681868877944417 0.6699332574760353 0.6693133124778163 0.6702788031154271 0.6694409436808602 0.6689469825392954 0.6703427758018174 0.666403599126661 0.6723294962628293 0.6684585098432015 0.6694660506557555 0.6716017258727083 0.6736484998478733 0.6720894286568473 0.6715639993034236 0.6683041485109114 0.6674121055672233 0.6769390377336795 0.669137495274401 0.668807603949456 
0.46713533639865507 0.6684708597738347 0.6748497041519235 0.6729725403473086 0.6665101918462365 0.671474653211335 0.6659487154276004 0.6728425066739224 0.6781057592689614 0.6663538313993391 0.6681728964551212 0.6699821839157721 0.6784802529787057 0.6706191160405399 0.6616364978581384 0.6685759486524336 0.6718169617393794 0.6757211835667346 0.6723134929384753 0.668459362031287 0.6696173712743625 0.6715410017779753 0.6736825494163905 0.6721718757473997 0.6714833091217682 0.6637904817634367 0.6672439101036102 0.6768696693319453 0.6699400100219279 0.6694666101153298 
0.4673995445023013 0.6684484534679752 0.6682576804499424 0.6729588988666156 0.6665007325902967 0.6709969175150902 0.6660134121877269 0.6729148293822557 0.6730287524558826 0.6663661995564204 0.668178582726457 0.6699873083995249 0.6697796029357678 0.6706159238779684 0.6694435502479986 0.6685281405040474 0.6704037853235421 0.6656201219055186 0.6723126304875302 0.668461329665898 0.6696131090780265 0.6705197417907806 0.6736953774149577 0.6721728841379676 0.6716068269979315 0.664165622380304 0.6674807920823839 0.6756066522091368 0.6699430089255801 0.6635338639065995 
0.46773727427780815 0.6745394951397896 0.6648500172860632 0.6723681493855943 0.666920288751676 0.6724177034124739 0.6684190152777983 0.6728434119334379 0.6729736735274481 0.6665808176816599 0.668066940336571 0.670059198056711 0.66931335529428 0.6706125164350033 0.669505070136802 0.6685094638047175 0.6703947615543523 0.6656573363657046 0.6726366627108386 0.6684783038209735 0.6694443893839322 0.6704625030226199 0.6737908101275069 0.6682620162046377 0.672066165237932 0.6653992283507221 0.6681710135082592 0.6756068656268353 0.6699518880788058 0.6694388226775058 
0.46839766376316294 0.6687635374413585 0.6678597348057711 0.6722584744687152 0.6665259770938872 0.6713868837528371 0.6684272210979258 0.6728424850513562 0.6781079748239833 0.6732548213509502 0.6680527632512918 0.6698753506557438 0.6693177935742813 0.6702893318175555 0.6694413076052841 0.6767721469710233 0.6718002847487176 0.6661731297408691 0.6723365633765768 0.6684593886875279 0.6694440440884413 0.6715943441521437 0.6736815925201854 0.6720911105916427 0.6763223153586095 0.6641655577274825 0.6672644133399183 0.6768351925211032 0.6704371489357135 0.669409750878729 
0.46864913389181306 0.6688407727042021 0.6678645313256483 0.672248368726116 0.6665092750722569 0.6713066661781153 0.6659294411246769 0.6727657996869886 0.6780227816155542 0.6730382704092058 0.6680517524505744 0.6698809229639149 0.6695129457062844 0.6703008834298776 0.6693534998030156 0.6685792151158962 0.6718394962617719 0.6656462760257362 0.6726050551939138 0.6684597780841515 0.6693363790609286 0.6715993904807739 0.6736942899746674 0.6721751509649163 0.6761363697228194 0.6684311273339333 0.6672676265613106 0.6768552933884032 0.6703524380514196 0.6689309081933283 
0.4689037944624526 0.6746785456281141 0.6678435987912338 0.6726314066580942 0.6663540337963164 0.6714584291929498 0.6708222384334446 0.6729093413287272 0.6731013336476689 0.6735594332020326 0.6681883513030091 0.669951722968836 0.6695091161242005 0.6702879543161805 0.6694401895482652 0.6690318234540343 0.6702429423090055 0.6759812296661409 0.6721804588396898 0.6684597521865048 0.6693161989415412 0.6716052046899721 0.673322041050961 0.6721682085912509 0.6716160260295628 0.6640486978982482 0.6674468003514911 0.6768244821287192 0.6691562601179369 0.6687918610684963 
0.46912622386904984 0.6746785456281141 0.6678435987912338 0.672631631106391 0.6665115629466373 0.6714670182448783 0.6708771883577179 0.6728415591397043 0.6730264210362678 0.6735594332020326 0.6681801473775044 0.6699334481029103 0.6695091161242005 0.6702879543161805 0.669344898520811 0.6690318234540343 0.6702420221348503 0.6759861046070126 0.6725876799250634 0.6684597521900216 0.669313082927314 0.6715107738279483 0.673322041050961 0.6721682085912509 0.6714175630719272 0.6639449452104407 0.6674468003514911 0.6768244821287192 0.6691281417660547 0.6687918610684963 
0.4696428408812858 0.6747763441314278 0.6678590234672432 0.6722292790902052 0.6665092724781295 0.6724420793881294 0.6708807982421136 0.6728319534096628 0.6729913360765276 0.6730389048747746 0.6680540132154968 0.6698856319509932 0.6716986243211018 0.6702944796154118 0.6693559286969021 0.6699539007856715 0.6718086320834316 0.676570147293975 0.6725788177179871 0.6684803011416667 0.6696206233965682 0.6716003290437333 0.6736944803982639 0.6721688740732519 0.6712761305901015 0.6682384520525334 0.6674475135838468 0.6788583882376382 0.6703628356609429 0.6693858848968768 
0.47029375432258425 0.66897015015743 0.6678408407720082 0.6733707418654599 0.666525976707043 0.6724329070814495 0.6660238538901649 0.6728433889260811 0.6730172682754467 0.673256637672019 0.6681793125655008 0.6699871470595666 0.6695128858622779 0.6702863610415312 0.6694405108033294 0.6685842185208155 0.6717610013710202 0.6657213303834975 0.672612758320219 0.6684597542019778 0.6696440046193962 0.6715587996093736 0.6736914796951153 0.672090972863514 0.6718227058389712 0.6641655588767369 0.6674286609349593 0.6768831350736563 0.6704063445515521 0.6687920379281564 
0.47047347908800735 0.67490636415808 0.6673525587344088 0.668803632120639 0.666510168824195 0.6724244349150431 0.6685042855066359 0.6728414581898853 0.6730631865350422 0.6731625859806437 0.668051500104485 0.6699334423185889 0.6695140447675748 0.6706175524343174 0.6693558296568156 0.6765265175545265 0.6708930861471814 0.6757029147779205 0.6725869468333855 0.6684585966300529 0.6694480420957106 0.671601426630778 0.6736766615451532 0.6721688454725732 0.6760638177409657 0.6682172857132538 0.6674469173511468 0.6768511153395205 0.6699514458695572 0.6688118027963451 
0.4706127095618847 0.6747750907525936 0.66783196807072 0.6729762327123467 0.6665100616154738 0.6709511443518883 0.6682328370001692 0.6728583857746292 0.6730265074184998 0.6730896811898959 0.6680597346914371 0.6699888775252728 0.6714936818985148 0.6702945801686779 0.6694991321207199 0.676845715614259 0.6708796316018169 0.6754135820881145 0.6723234033543452 0.6684597551951396 0.6696264655958118 0.6714843353447723 0.6737238252326693 0.6721709847133035 0.6760704966333572 0.6686060354546036 0.6674431354884762 0.6768906255619268 0.6699444290080389 0.6691480160622292 
0.4722116440847038 0.6756914560976 0.6678343717119599 0.6726126628030548 0.6665253699097881 0.671389604011284 0.6658804652698425 0.6729113234564499 0.6776924979429287 0.6731770332527126 0.6681866954373183 0.6700610498416759 0.6695264129898355 0.6702904409891127 0.6694412833015521 0.6770200542283581 0.6718110770788022 0.6663771302042243 0.6718655858019522 0.6684599237006059 0.6695395573804606 0.6715447413652458 0.6744720615512864 0.6720671838472598 0.676143689446863 0.6641655390234955 0.6672666591799492 0.6768836075614217 0.6699227547191832 0.6693167378730348 
0.47242005815617544 0.6747983062656417 0.6678704695444733 0.6726093685883741 0.6665101674695875 0.6713043309101203 0.6703427220008398 0.6727630440233474 0.6776948303200973 0.6730920972706698 0.6680514774013151 0.6699326401958241 0.6715342174743316 0.6702877650572927 0.6694413005776348 0.6768883301970208 0.6709077459679169 0.6760993005457296 0.672602565459832 0.6684597522710126 0.6696264655958118 0.6714878761362496 0.6744964598575092 0.6721688740732519 0.6761086215625869 0.6681989307321182 0.6674462083082264 0.6768962027441532 0.6699301430851768 0.6691480160622292 
0.47261645707579697 0.6747363448390551 0.6682908456095011 0.6726316330840638 0.6665100844210163 0.6724266292053972 0.6708807982421136 0.6728414666298771 0.6730281456024202 0.673091699457821 0.6681800477746103 0.6699334473624436 0.6695153242150323 0.6702879261905222 0.6693453645625395 0.6765355226473266 0.6708930504321557 0.675683576146062 0.6725783754944346 0.6684597522710126 0.669171785295362 0.6715101116388924 0.6736508380212413 0.6721688756981546 0.6760738581174935 0.6682924896591884 0.6674462177651722 0.6768897937955287 0.6699512590034238 0.6687920742674681 
0.473057064211199 0.6747870352772303 0.6673507994211234 0.6729743395957251 0.6665101674695875 0.6724420793881294 0.6708807982421136 0.6728583857746292 0.6730265074184998 0.6730920972706698 0.6680514774013151 0.6699334473624436 0.6715342174743316 0.6702944298881044 0.6693559285473504 0.676845715614259 0.6709077459679169 0.6756560240859925 0.6723236359986745 0.6684597522710126 0.6696264655958118 0.6714878761362496 0.6737230638765761 0.6721688740732519 0.6760738581174935 0.6681927863562447 0.6674462083082264 0.6768897937955287 0.6703283701394056 0.6691480160622292 
0.47306260800039707 0.6747983062656417 0.6673507994211234 0.6726093759052993 0.6665101674695875 0.6714006181653621 0.6708807982421136 0.672915520278421 0.677704785930921 0.6730920972706698 0.6680514774013151 0.6699326401958241 0.6715342174743316 0.6702944298881044 0.6693564746363397 0.6768883301970208 0.6709077459679169 0.6756560240859925 0.6723521223023525 0.6684597522710126 0.6696264655958118 0.6714878761362496 0.6744964598575092 0.6721688740732519 0.6761092465855235 0.6681927863562447 0.6674462083082264 0.6768971717263855 0.669949320890174 0.6691480160622292 
0.47538452256660857 0.6742220094052512 0.6678324499160891 0.6721427342409262 0.6665100499980866 0.6724830246670713 0.6709443269706905 0.6728588231640886 0.6779465720054925 0.673035407545288 0.6681728964551212 0.6699877058845607 0.6784338552829747 0.6706091397599675 0.6825107930727307 0.676889019590099 0.6718169617393794 0.6764979930151814 0.6723166643491603 0.6684602587089921 0.6696206466482736 0.6715287142025562 0.6737244015405872 0.6721690018973335 0.6761355990549003 0.6686153850915331 0.6674439459079335 0.6768702481602565 0.6703197679393069 0.6687917809437324 
