0.005413300779106714 28.704555302740925 
1.706639462855549 27.003329140664484 
1.7136231825328834 26.996345420987147 
1.1996243817678252 27.510344221752206 
1.8276467658635636 26.88232183765647 
2.548866459287514 26.16110214423252 
2.8908749379686793 25.819093665551353 
3.522512264902684 25.187456338617345 
3.521154697867344 25.188813905652687 
3.9936860072221254 24.716282596297905 
5.404395974567848 23.305572628952184 
5.489265406971343 23.22070319654869 
5.685323654987178 23.024644948532853 
6.024905296359511 22.685063307160522 
6.636188412363832 22.0737801911562 
6.638667012869051 22.071301590650982 
7.104229667454936 21.605738936065094 
8.11961617619718 20.59035242732285 
8.509814791666248 20.200153811853788 
8.426216275895099 20.283752327624935 
9.595856278712418 19.114112324807614 
9.906384545397588 18.803584058122443 
10.620940571538538 18.089028031981496 
10.874779984561043 17.835188618958988 
11.279157841947432 17.430810761572598 
11.632450747376176 17.077517856143857 
23.633066523341686 5.076902080178347 
13.0289831173933 15.68098548612673 
13.085052706269314 15.624915897250718 
14.125350227676986 14.584618375843046 
14.173625950687471 14.536342652832563 
14.528520409280237 14.181448194239795 
14.862665115416158 13.847303488103874 
15.264890171003657 13.445078432516375 
15.140122711760446 13.569845891759586 
17.046672960685367 11.663295642834667 
16.665515269659767 12.044453333860266 
17.072257764757932 11.637710838762098 
17.828456718349464 10.881511885170566 
18.1736377362335 10.536330867286534 
18.591598924169112 10.11836967935092 
18.75815421164731 9.951814391872723 
19.264783958178114 9.445184645341916 
20.067288059740395 8.642680543779637 
20.840663399041915 7.869305204478116 
21.125025766954476 7.584942836565555 
21.146691320628367 7.563277282891666 
21.79072848704653 6.919240116473504 
22.02286938194707 6.687099221572961 
22.885672877000278 5.824295726519752 
24.29547347986773 4.414495123652301 
24.61226984959591 4.097698753924121 
25.410644017127108 3.299324586392924 
22.15930353089211 6.550665072627921 
26.034441602799525 2.6755270007205065 
26.011616719838642 2.6983518836813905 
26.684737190344986 2.025231413175045 
27.249738474539754 1.4602301289802793 
27.288290036474617 1.4216785670454137 
28.374455673611337 0.33551292990869397 
28.387449593519996 0.3225190100000376 
