1.8855126084822704E-4 0.7011566695132043 0.3004362795676775 0.09293964957589038 0.6062057343491303 0.7952119476235119 
0.059444142430943085 0.7011566695132043 0.3004362795676775 0.09293964957589038 0.6062057343491303 0.7952119476235119 
0.05968739312110505 0.7011566695132043 0.3004362795676775 0.09293964957589038 0.6062057343491303 0.7952119476235119 
0.041784245686034754 0.7011566695132043 0.3004362795676775 0.09293964957589038 0.6062057343491303 0.7952119476235119 
0.06365896079870606 0.7011566695132043 0.3004362795676775 0.09293964957589038 0.6062057343491303 0.7952119476235119 
0.08877984140236943 0.7011566695132043 0.3004362795676775 0.09293964957589038 0.6062057343491303 0.7952119476235119 
0.10069237545645518 0.7011566695132043 0.3004362795676775 0.09293964957589038 0.6062057343491303 0.7952119476235119 
0.12269300303138614 0.7011566695132043 0.3004362795676775 0.09293964957589038 0.6062057343491303 0.7952119476235119 
0.12264571746816982 0.7011566695132043 0.3004362795676779 0.09293964957589038 0.6062057343491303 0.7952119476235119 
0.13910450625614662 0.7011566695132043 0.3004362795676779 0.09293964957589038 0.6062057343491303 0.7952119476235119 
0.1882410966449205 0.7011566695132043 0.3004362795676779 0.09293964957589038 0.6062057343491303 0.7952119476235119 
0.1911971929602989 0.7011566695132043 0.3004362795676775 0.09293964957589038 0.6062057343491303 0.7952119476235119 
0.1980261188544149 0.7011566695132043 0.3004362795676775 0.09293964957589038 0.6062057343491303 0.7952119476235119 
0.20985412347754423 0.7011566695132043 0.3004362795676775 0.09293964957589038 0.6062057343491303 0.7952119476235119 
0.23114579134545593 0.7011566695132043 0.3004362795676775 0.09293964957589038 0.6062057343491303 0.7952119476235119 
0.23123212374586527 0.7011566695132043 0.3004362795676775 0.09293964957589038 0.6062057343491303 0.7952119476235119 
0.24744818657112394 0.7011566695132043 0.3004362795676775 0.09293964957589038 0.6062057343491303 0.7952119476235119 
0.282815223113886 0.7011566695132043 0.3004362795676778 0.09293964957589038 0.6062057343491303 0.7952119476235119 
0.29640627299825356 0.7011566695132043 0.3004362795676778 0.09293964957589038 0.6062057343491303 0.7952119476235119 
0.2934944441165982 0.7011566695132043 0.3004362795676778 0.09293964957589038 0.6062057343491303 0.7952119476235119 
0.3342343006789601 0.7011566695132043 0.3004362795676778 0.09293964957589038 0.6062057343491303 0.7952119476235119 
0.3450503440879068 0.7011566695132043 0.3004362795676778 0.09293964957589038 0.6062057343491303 0.7952119476235119 
0.36993912178073024 0.7011566695132043 0.3004362795676778 0.09293964957589038 0.6062057343491303 0.7952119476235119 
0.3787806296391325 0.7011566695132043 0.3004362795676778 0.09293964957589038 0.6062057343491303 0.7952119476235119 
0.3928655582216322 0.7011566695132043 0.3004362795676778 0.09293964957589038 0.6062057343491303 0.7952119476235119 
0.40517114135575755 0.7011566695132043 0.3004362795676778 0.09293964957589038 0.6062057343491303 0.7952119476235119 
0.8231658783647752 0.7011566695132043 0.3004362795676775 0.09293964957589038 0.6062057343491303 0.7952119476235119 
0.45381391032924573 0.7011566695132043 0.3004362795676775 0.09293964957589038 0.6062057343491303 0.7952119476235119 
0.4557668762014947 0.7011566695132043 0.3004362795676775 0.09293964957589038 0.6062057343491303 0.7952119476235119 
0.4920015909019533 0.7011566695132043 0.3004362795676775 0.09293964957589038 0.6062057343491303 0.7952119476235119 
0.4936830877951462 0.7011566695132043 0.3004362795676775 0.09293964957589038 0.6062057343491303 0.7952119476235119 
0.5060444547995411 0.7011566695132043 0.3004362795676775 0.09293964957589038 0.6062057343491303 0.7952119476235119 
0.5176830849475014 0.7011566695132043 0.3004362795676775 0.09293964957589038 0.6062057343491303 0.7952119476235119 
0.531693029059324 0.7011566695132043 0.3004362795676775 0.09293964957589038 0.6062057343491303 0.7952119476235119 
0.5273472402858764 0.7011566695132043 0.3004362795676775 0.09293964957589038 0.6062057343491303 0.7952119476235119 
0.5937544967776569 0.7011566695132043 0.3004362795676775 0.09293964957589038 0.6062057343491303 0.7952119476235119 
0.5804783523036129 0.7011566695132043 0.3004362795676775 0.09293964957589038 0.6062057343491303 0.7952119476235119 
0.5946456438362235 0.7011566695132043 0.3004362795676775 0.09293964957589038 0.6062057343491303 0.7952119476235119 
0.6209848908077029 0.7011566695132043 0.3004362795676775 0.09293964957589038 0.6062057343491303 0.7952119476235119 
0.6330079279155078 0.7011566695132043 0.3004362795676775 0.09293964957589038 0.6062057343491303 0.7952119476235119 
0.6475659789432741 0.7011566695132043 0.3004362795676775 0.09293964957589038 0.6062057343491303 0.7952119476235119 
0.6533672840501621 0.7011566695132043 0.3004362795676775 0.09293964957589038 0.6062057343491303 0.7952119476235119 
0.6710137591657319 0.7011566695132043 0.3004362795676775 0.09293964957589038 0.6062057343491303 0.7952119476235119 
0.6989658657195471 0.7011566695132043 0.3004362795676775 0.09293964957589038 0.6062057343491303 0.7952119476235119 
0.7259033852265068 0.7011566695132043 0.3004362795676775 0.09293964957589038 0.6062057343491303 0.7952119476235119 
0.7358080414049777 0.7011566695132043 0.3004362795676775 0.09293964957589038 0.6062057343491303 0.7952119476235119 
0.7365626766319641 0.7011566695132043 0.3004362795676775 0.09293964957589038 0.6062057343491303 0.7952119476235119 
0.7589952043477624 0.7011566695132043 0.3004362795676775 0.09293964957589038 0.6062057343491303 0.7952119476235119 
0.7670809287909469 0.7011566695132043 0.3004362795676775 0.09293964957589038 0.6062057343491303 0.7952119476235119 
0.7971333299958518 0.7011566695132043 0.3004362795676778 0.09293964957589038 0.6062057343491303 0.7952119476235119 
0.8462382462128135 0.7011566695132043 0.3004362795676775 0.09293964957589038 0.6062057343491303 0.7952119476235119 
0.8572726145920718 0.7011566695132043 0.3004362795676778 0.09293964957589038 0.6062057343491303 0.7952119476235119 
0.8850808709700781 0.7011566695132043 0.3004362795676778 0.09293964957589038 0.6062057343491303 0.7952119476235119 
0.7718330812864502 0.7011566695132043 0.3004362795676775 0.09293964957589038 0.6062057343491303 0.7952119476235119 
0.9068084316751057 0.7011566695132043 0.3004362795676778 0.09293964957589038 0.6062057343491303 0.7952119476235119 
0.9060134157252072 0.7011566695132043 0.3004362795676778 0.09293964957589038 0.6062057343491303 0.7952119476235119 
0.9294589471293696 0.7011566695132043 0.3004362795676778 0.09293964957589038 0.6062057343491303 0.7952119476235119 
0.9491385675426602 0.7011566695132043 0.3004362795676778 0.09293964957589038 0.6062057343491303 0.7952119476235119 
0.9504813611370126 0.7011566695132043 0.3004362795676778 0.09293964957589038 0.6062057343491303 0.7952119476235119 
0.9883137131028573 0.7011566695132043 0.3004362795676778 0.09293964957589038 0.6062057343491303 0.7952119476235119 
0.9887663057227971 0.7011566695132043 0.3004362795676778 0.09293964957589038 0.6062057343491303 0.7952119476235119 
