0.5270957512231746 2.478987819196317 
0.5295229296078279 2.4786152298210347 
0.5731391559136331 2.46890645223471 
0.6174822154297113 2.458309256841527 
0.6630530518993938 2.4462793156333547 
0.7001078891614854 2.434678334516349 
0.7646979046335313 2.4152037338538257 
0.8021237224280447 2.403008292880648 
0.8504395715606445 2.3863287670789783 
0.8987580576786318 2.3685554356389678 
0.9479747969486583 2.349287656641006 
0.9994417660965701 2.329198831321479 
1.0302505538164903 2.3143823935521177 
2.5194731037309315 0.2646437790439029 
2.5235906848272585 0.24154898622640997 
2.5250815022397104 0.20436454455859537 
2.528131006152255 0.16771592444235747 
2.5302139189432133 0.1327970428460846 
2.5316490838791736 0.0981981340811008 
2.5331319324805124 0.03204612655186884 
2.5350870947693473 8.455675172481857E-6 
