0.8666247440446112 0.5000599003246525 0.5000001601767545 0.5010038639818354 0.49960641965480806 0.5000350470160709 0.4999686943609815 0.5003723575357746 0.39986842670551165 0.5011674062771816 0.49992032012895454 
0.866008959740949 0.5000598930717891 0.5000014473964668 0.5010039764732721 0.49960641965466346 0.5000362604717431 0.49996878914138876 0.5003723597493572 0.39986730997059533 0.5011674059822938 0.4999203201310327 
0.854785318032207 0.5000598956311016 0.5000001885396589 0.5010039043887258 0.4996064196475626 0.5000362445942951 0.4999688562612562 0.500372359508339 0.39986725336200646 0.5011674867119434 0.4999203055415607 
0.8433339155068215 0.5000598930685144 0.5000001817298244 0.5010039764592068 0.49960642745818606 0.5000350354834778 0.49995872066601926 0.5003723592837299 0.3998673133683051 0.501167408075556 0.49992030514770375 
0.8314956212142656 0.5000598930685144 0.5000014527678357 0.501003976458685 0.4996064196619175 0.5000362519497777 0.49996896250560924 0.500372360108019 0.3998673112298365 0.501167407307819 0.499920305147731 
0.8217451107300914 0.5000563519606099 0.5000015042444105 0.5010038490622782 0.49960606621669124 0.5000362572734744 0.4999581609296592 0.5003726369822833 0.3998609313879457 0.5011635033109407 0.4999203052556218 
0.8047917277164193 0.5000599578832127 0.5000001873102082 0.5010038433596326 0.49960638268513335 0.5000350059897887 0.4999582009601792 0.5003723552215567 0.39986106560989976 0.5011636577072403 0.4999203051626567 
0.7948999986887266 0.5000599007177312 0.5000001872926699 0.5010038488432916 0.4996064274129797 0.5000350093965656 0.4999582007600565 0.5003726494829852 0.39986093266715467 0.5011635032780395 0.4999203072217187 
0.7820550582955039 0.5000563519606099 0.50000151475839 0.5010038490622782 0.49960607855729544 0.5000362572734744 0.4999581609296592 0.5003726463396356 0.3998609313879457 0.5011635033109407 0.49992027066027994 
0.7691171708114158 0.5000563082294817 0.5000014681889974 0.5010038491320942 0.49960605069310293 0.5000363663670112 0.4999582005398558 0.5003726368868123 0.3998609314016366 0.5011635032784824 0.4999203087181433 
0.7558349270368055 0.5000563483827657 0.5000014686303693 0.5010038488418681 0.4996060661948763 0.5000362572711404 0.4999581615337876 0.5003726370230765 0.39986093137608564 0.501163503364737 0.4999203059724677 
0.7419576823362296 0.5000561689360751 0.5000015146144331 0.5010077792127734 0.4996067101220383 0.5000362507046138 0.49995847333555 0.5003723818957513 0.39986337026342544 0.5011635038315583 0.49992032204860937 
0.7333743982789342 0.5000602967170292 0.5000001731414302 0.5010076438758198 0.49960541401090214 0.500034998207895 0.49996036906431224 0.5003723745631216 0.3999153674356289 0.5011675951488348 0.49992032216088583 
0.0666258009536021 0.5000598905759867 0.5000015045114542 0.5009886980877043 0.49958075606200814 0.5000350219032368 0.4999603647666708 0.5003723745631645 0.3998609309666667 0.5011676318690116 0.4999203221692035 
0.060749873939863086 0.5000555647899205 0.5000014932884815 0.4990062041259127 0.4995813979936222 0.500035060630105 0.4999603604743277 0.5003723745268265 0.3998609306385149 0.5011676319555618 0.49992032211361725 
0.051412024281672006 0.5000602992785423 0.5000015045237284 0.5009886849799168 0.49958075907543675 0.5000350216125495 0.4999603676000733 0.5003723745644418 0.3998609309666667 0.5011676319389455 0.4999203235189603 
0.042171490686868145 0.5000556791588134 0.5000015046118952 0.4990102330590812 0.4995799280640359 0.5000350556787067 0.49995999067858093 0.5003723772837814 0.3998609325892635 0.5011676200217186 0.4999237513755158 
0.033382048914896094 0.5000556791588134 0.5000015046118952 0.4990102130348687 0.4995799278848395 0.5000350556226827 0.49995996441578044 0.5003723772837814 0.39986093095590575 0.5011676200217186 0.4999237513755158 
0.024680968109360015 0.5000556791588134 0.5000015046118952 0.49901026250789104 0.49957993397145956 0.5000350556226827 0.49996863823674104 0.5003723772838854 0.39986093095590575 0.5011676179801067 0.4999237513755158 
0.008053315060452853 0.5000598905760472 0.5000015038614947 0.5009886980877043 0.49958075606200814 0.5000350376918457 0.4999603647244667 0.5003723773717706 0.3998609309938473 0.5011676319391255 0.499920322564757 
2.1234181715517816E-6 0.5000556218450884 0.5000015044403843 0.4990061967255147 0.499579933899855 0.5000350165100934 0.4999686364225235 0.5003723790497284 0.3998610528204026 0.5011675168707344 0.49992375766503805 
