0.03492330915919559 1.5909290376599348 
0.03829096408912175 1.5908515463302386 
0.08831330923515288 1.5888598427187008 
0.09356971648625208 1.5885589534382645 
0.09653229474109533 1.5883816784590787 
0.1534500067368962 1.5838964410101606 
0.15915752658106058 1.583333105238464 
0.2179603743113408 1.5763161448048988 
0.2268755017732535 1.5750651998203904 
0.22692484572518873 1.57504920621114 
0.2950209457724617 1.563725519192831 
0.3008223800920011 1.5626199274748216 
0.3738032441106602 1.5468037971671527 
0.3822281978381806 1.5447253670877175 
0.4640827881072772 1.523078005384047 
0.47298519937610883 1.5193945641483129 
0.5735469363666501 1.4950515876944408 
0.5755227203763146 1.483593083942775 
0.030560071328552273 1.5910188315769769 
