0.024140855344859283 0.9832426724630602 1.0497837795795215 1.099999999999997 1.0999999999998389 0.3333787413988447 1.1 0.0 0.5333358580746933 5.564679936043971E-18 0.6666956047111148 1.5374265123180883E-15 0.80004979693574 0.8666183580149686 0.016874593494615873 
0.02646875818316591 0.9832426725431537 1.049783779612596 1.0999999999998538 1.0999999999998389 0.33337841835438375 1.1 0.0 0.533335858075365 5.564679936043971E-18 0.6666809563775009 1.5374265123180883E-15 0.8000497969363131 0.8666183580117295 0.016874593492317513 
0.06104687312285538 0.9832426986162889 1.049783779410171 1.0999999999963173 1.099999999999842 0.3333773103520156 1.1 0.0 0.5333358578918135 5.564679936043971E-18 0.666680766208755 1.5374265123180883E-15 0.7999596649690048 0.8666183527835267 0.016874428675520938 
0.0646803823789228 0.9832426981179622 1.049783786760952 1.099999999989845 1.0999999999998422 0.3333764387632161 1.1 0.0 0.5333358541865397 1.1489809780500926E-15 0.6666939521436723 1.5374265123180883E-15 0.7999564560094783 0.8666149903766089 0.016874499034664873 
0.0667282745981812 0.983242699039143 1.0497826437027362 1.0999999999990207 1.099999999999842 0.3334072859849562 1.1 0.0 0.533335850711997 5.564679936043971E-18 0.6666824561124434 1.5374265123180883E-15 0.7999588215398811 0.8666182329940187 0.016874430428116316 
0.10607283514864325 0.9832776194820251 1.0497826669755597 1.0999999999916232 1.099999999998554 0.33340562692171716 1.0999999999983783 4.349917637956142E-15 0.5333377542360285 5.564679936043971E-18 0.6667850835234921 2.325603122353789E-14 0.8000871569751413 0.8666134943216922 0.016874466869033242 
0.1100181775074619 0.9832776194820251 1.0497837784854542 1.0999999999998666 1.0999999999998975 0.3334070974908496 1.0999999999984027 0.0 0.5333377797587999 5.564679936043971E-18 0.6667847001758191 3.0137249397646034E-15 0.7999568982938667 0.8666182185441871 0.016874422417562075 
0.1506657114385952 0.9798011162621558 1.0501217358213026 1.0999509117202197 1.0999999963333813 0.3331891771384235 1.0999999926804265 3.465945820049945E-13 0.5344317944687602 2.1863812895870554E-8 0.6667890089999896 1.0099564687744826E-7 0.8000943438456931 0.8711463113103112 0.004764675417842015 
0.1568275882791504 0.9186139466073402 1.070871484151714 1.0996861494001586 1.0999999118923975 0.33319013063171715 1.0999995377770897 3.466775490635455E-13 0.5335977066072409 1.3340396444810557E-8 0.6664294729348719 2.887439763915384E-8 0.8017238730545583 0.8709362763020705 0.015312203005189123 
0.15686256416246447 0.9813139398238322 1.050929578583528 1.0999999307289812 1.099999989797822 0.33315947082027486 1.0999997877055046 6.542475023525458E-14 0.5333428874626709 4.1851485879937595E-10 0.666781556751724 2.6444186300890556E-8 0.8007417635302996 0.8666782599008954 0.016458854705193135 
0.20393422394836822 0.9832387487872256 1.0499154499919916 1.0999841625204836 1.0999999997283147 0.33240728699601363 1.0999999999201602 7.554762843983902E-14 0.5333770040365773 4.5882721762909923E-10 0.6669460085598637 2.6476578520945162E-8 0.8007941028580441 0.866650890527344 0.01784765101669634 
0.20794447331905141 0.9832017654301298 1.0499183834138783 1.0999644089907736 1.0999999999621897 0.33240486651890194 1.0999999997724488 8.646121403951428E-13 0.5333761139077725 2.299662097156885E-9 0.667234689289493 1.0005334164620608E-8 0.7999438797895305 0.8689561547108773 0.016902750625691767 
0.25838989664649226 0.9832341966101106 0.987924233630445 1.0467861269022982 1.0999999997148195 0.33240486651890194 1.0999999981884567 1.9455995371953256E-12 0.5344325208668607 1.2217813959765244E-8 0.6672361596091645 9.91615126401137E-9 0.7988464620790513 0.8690759507016025 0.054053411832613474 
0.2642165312616232 0.9832432089930967 1.0497832830708225 1.0998535488610446 1.099999999887674 0.3339386489239484 1.0999999999999748 0.0 0.5333392173758542 4.17911126056447E-14 0.6669370738554732 3.805596730263834E-14 0.8000871451075774 0.8666410557292589 0.016800881409481987 
0.32061749784238025 0.9832673457376141 1.03442384038148 1.098516113160529 1.0999998740240318 0.3334069215898688 1.0999999999987211 3.0935489875548903E-15 0.533328555177642 9.127081310191404E-7 0.6669342605593388 1.5462323538023956E-8 0.7770489332546365 0.8666731099234197 0.014508325421429233 
0.3269526156971099 0.983242768998353 1.0497826548288918 1.0999999999998176 1.0999999999999202 0.33338970175643734 1.1 0.0 0.5333359268743219 5.564679936043971E-18 0.6666879106860455 4.1020416992022E-15 0.8000401910735381 0.8666149137465815 0.016874451438078163 
0.3939954236680569 0.9846002291826281 1.0144781667510314 1.0995727575188279 1.0999999955750754 0.3335289560903361 1.1 3.788146187981397E-12 0.5333359361369817 0.011788684774277657 0.6954573093065118 3.113910890240597E-6 0.7999512152992609 0.8666229416147483 0.016874428128165406 
0.39783202321840194 0.9832426938065003 1.0497826537880433 1.0999999999999985 1.0999999999999175 0.33337851969132515 1.1 0.0 0.5333359269465915 5.564679936043971E-18 0.6666879131638265 2.636547306696993E-15 0.8000401945062212 0.8666186002501606 0.01687443694086081 
0.021124752465701276 0.9832426958125159 1.049783715974508 1.0999999999998522 1.099999999999835 0.3333784921686519 1.1 0.0 0.533335927998603 5.564679936043971E-18 0.666681587492613 4.1020416992022E-15 0.8000401911168868 0.8666157403169855 0.016874423098816135 
