0.37978350029276653 0.5000036945711585 0.4999948698825289 0.499990997684233 0.49999999904680925 0.4999983720173921 
0.3886105085338769 0.5000036945710863 0.4999948698825289 0.499990997684233 0.49999999904877207 0.49999837201738173 
0.40035684749150185 0.5000036945711585 0.4999948698825289 0.499990997684233 0.49999999904680925 0.4999983720173921 
0.41211600517370994 0.5000036945711585 0.4999948698825289 0.499990997684233 0.49999999904681025 0.4999983720173914 
0.4202147912142503 0.500003694571085 0.4999948698825289 0.499990997684233 0.49999999903163334 0.49999837201739217 
0.7797885991171637 0.5000036945710883 0.4999948698825289 0.499990997684233 0.49999999904682996 0.49999837201739256 
0.7882301032863529 0.5000036945710841 0.4999948698825289 0.499990997684233 0.49999999904868325 0.4999983720173922 
0.799977690624771 0.5000036945710837 0.499994869882528 0.499990997684233 0.4999999989327777 0.4999983720173922 
0.8117316046019954 0.5000036945710814 0.49999486988252984 0.499990997684233 0.4999999990487761 0.49999837201736436 
0.8202158308236501 0.5000036945710814 0.4999948698825132 0.499990997684233 0.4999999990467509 0.49999837201736436 
