2.088350928962557E-7 0.6666664977238671 
0.008410504780953783 0.6582578602968395 
0.016833135048003017 0.6498367828807048 
0.025226779890950613 0.6414457549162934 
0.22745163052391965 0.4392158445276876 
0.23588611795070763 0.4307808896256411 
0.24429717506604415 0.4223703781802583 
0.2527268620332758 0.4139399438971729 
0.26115508293272377 0.40551182555892895 
0.26959003240876106 0.39707782808075004 
0.2779867454220203 0.3886803956431041 
0.2864037842005362 0.3802633900685611 
0.29482918742587283 0.3718382289330393 
0.31111066936753007 0.3555563916017088 
0.5054487065969756 0.161218313776914 
0.5139013853442393 0.15276552774671212 
0.5391278866944627 0.12753990607299823 
0.5475974311191842 0.11911567309980091 
0.5560326300855233 0.11068014952614307 
0.5728892999326481 0.09382341081477057 
