3.132526205998354E-7 0.5000137269510994 0.5009316268137782 0.4998797457699879 0.4995206838725979 0.4992411298582478 
0.012615725031399027 0.5000137741814912 0.5009315727346647 0.49996412631713427 0.4995070128998178 0.49924112984147073 
0.025249579432505775 0.5000137113613501 0.5009315995682782 0.500035570791033 0.4995070239053244 0.49924112985831026 
0.03783983676220361 0.5000168968281602 0.5009292299836785 0.500035462981315 0.49950750739490024 0.4992379595454676 
0.34117703208231726 0.5000132067216777 0.5009292840535113 0.49987813619444804 0.49952158282075004 0.49923793974198094 
0.35382899599046563 0.5000166874404328 0.5009292578767405 0.4998781361944521 0.49952160086223174 0.4992379679035765 
0.3664452752746882 0.5000133351456386 0.5009314956431906 0.4998781619617599 0.49952160907621296 0.4992406251757772 
0.37909021385960834 0.5000133353211444 0.5009314955522018 0.499878162929991 0.4995216170847983 0.49924062485047943 
0.39173248230303254 0.5000134090377855 0.500931495580738 0.49987816158342335 0.4995216086312288 0.4992406310428521 
0.4043843244682749 0.5000134119526538 0.5009314955968575 0.49987816163434057 0.49952160863328027 0.4992406247543216 
0.4169798214111542 0.500013409117424 0.5009314955520531 0.49987816058765466 0.49952160636907933 0.499240631042962 
0.4296053491977251 0.500013414161966 0.5009314955655932 0.4998781361166081 0.4995215958435645 0.4992406414880031 
0.44224328381926853 0.5000134087872801 0.5009314955949025 0.49987813225942984 0.4995216086324951 0.499240632374494 
0.4666657280400497 0.5000134814356049 0.5009314968413657 0.499878159511583 0.4995215958991712 0.4992406412097354 
0.7581726576387455 0.5000135477971399 0.5009314968595149 0.4998796984426913 0.4995213568331361 0.4992405479206876 
0.7708517930814563 0.5000135550128957 0.5009314968595376 0.49987969844563535 0.49952135641675205 0.49924054902709813 
0.8086904640412332 0.5000156916420132 0.5009314968407891 0.4998797609196194 0.49952139847224364 0.49924054788579325 
0.8213389352241128 0.5000132215175945 0.5008658524382147 0.4998859884028003 0.49957517918454347 0.499136673186004 
0.833991258438739 0.5000132217906998 0.5008658505370794 0.4998859884305669 0.49957517918177047 0.49913667318598187 
0.8592746031351498 0.5000132214480126 0.500865850374139 0.4998859902196562 0.4995751791844864 0.49913667318369104 
