0.6587580489490246 1.104135663841226 
0.6599367438129508 1.1001853278867464 
0.6637074761216595 1.0956461689327948 
0.6680567739849266 1.090544802789507 
0.6741171643903542 1.0866638835970508 
0.6778099061283557 1.0817748950631243 
0.6794648440337364 1.0792640759794327 
0.6873660899308934 1.070872265911235 
0.6899169825935688 1.0700857350847675 
0.6905594969534906 1.0655743018548982 
0.6975433723077402 1.0607762366355156 
0.6984290858033567 1.0571474735515451 
0.699629280491041 1.0537947886136454 
0.7013570277452317 1.0512787605500828 
0.7052039645806197 1.0473496099733066 
0.7077180761532758 1.045140095389939 
0.709916230878233 1.0423089993790002 
0.7160383164546649 1.0386330148993075 
0.7169946568361023 1.0352448283577473 
0.7207156941322244 1.0315366164900799 
0.7244635619205744 1.0274051746767308 
0.7299271110775357 1.024455626011827 
0.7341803689118821 1.0170675315410964 
0.7400527817791289 1.0104765617716764 
0.7425942471202662 1.0091910049328743 
0.7450560782213402 1.0068438946242864 
0.7487401441979241 1.003689607671824 
0.7522415663259636 1.0031931724453949 
0.7558432785901935 0.9948525405821367 
0.7583138128079668 0.9931870121431909 
0.7627345251129725 0.988413083905379 
0.7654790383427217 0.9848860858235365 
0.7683912634400545 0.9820431076563807 
0.7700163487991507 0.981855564724402 
0.7723296233586683 0.9797692736776688 
0.7790084439285218 0.9720831295685137 
0.779771178402603 0.9713551411490919 
0.7835920560752415 0.96792428894131 
0.7863227275239275 0.9662409110471402 
0.7900668972266032 0.9617949584276946 
0.7941310714128905 0.9578785628353453 
0.8020156896811912 0.9513379986866024 
0.8062599019716268 0.9476284998360264 
0.807382510243338 0.9464450021861616 
0.8118433028097155 0.9427887317044499 
0.8147383826999369 0.9411839347691225 
0.8202717201066299 0.9346566004492295 
0.8223447496491111 0.9340487101639026 
0.8262145007057871 0.9292293904148639 
0.8279669557064122 0.9280832699475574 
0.8291245168328589 0.9264077750249261 
0.8329811150564774 0.9238918047295342 
0.8369633924332521 0.9199920281926469 
0.8401287792670522 0.9167961830833705 
0.854630079870598 0.9047241957455023 
0.8567469451466094 0.9033626441737094 
0.8665297293456626 0.8961826752776012 
0.8735323068240957 0.8902651578423486 
0.8769740534402086 0.8860388720170012 
0.8832913351996357 0.8831188746020491 
0.8854310211407537 0.8792602432335173 
