0.15761492409769157 0.2556144668012163 0.23788609244171793 0.40379283467036026 0.2236512878518877 0.2718732902041211 0.3085565945679847 0.24974164310491642 0.16448458626752271 0.12386853262565953 0.23149319982333422 0.23414479076718273 0.44727369750955126 0.37123174025019795 0.33727164156760286 0.28019654924627263 0.4152770587265935 0.3456601262218606 0.28433461478446603 0.5756924055265251 0.609894625228215 0.36123054577616853 0.25307678350478563 0.42960098608297337 0.22749184883720494 0.375917891087763 0.3727889493591137 0.22672469536516418 0.3782961218545101 0.2417337594119066 
0.1598895287867366 0.25893651931879164 0.2378860952553686 0.40346953890258563 0.2236952234177668 0.2731093517908906 0.3083231212018984 0.23913761970472422 0.15370578002500399 0.194519556350331 0.23149319509479444 0.2569547453371903 0.4472723076156225 0.37123174025019795 0.3372716415676076 0.28020317930011224 0.4152770587265935 0.3456601262218606 0.2121668167381962 0.5756924055265251 0.609894625228215 0.34435263964746 0.4186567877025912 0.4296005477123249 0.22748211108080812 0.3837355804799396 0.35816353200789786 0.22672224080319134 0.37829612185451006 0.2417062744940613 
0.163593890866494 0.23247182463637978 0.25640374295696544 0.4004500424078948 0.2730157195571153 0.2729382791304611 0.30360563086404346 0.2389442299835957 0.29214267810388517 0.19451808446683364 0.22162315160028087 0.15477891412835487 0.4431331364904127 0.3438284724803045 0.3553196178366783 0.2823566560068849 0.2860194698374859 0.4776020339202034 0.2809036107104347 0.581646779200464 0.6098892986431614 0.3457679166867389 0.40937289671633337 0.4300220210501547 0.27924986228715265 0.38413413633976407 0.40229710612157626 0.27389865301265426 0.37700484601686546 0.27158862558456154 
0.16783512132211453 0.2603273023896528 0.5606167299901827 0.40663607381951034 0.2724202094735575 0.26549922574043566 0.30414563684791357 0.277753814623763 0.1792232786298774 0.19452023001370572 0.22567716586916653 0.25695159080194485 0.3878598508743905 0.3712313796125056 0.30423277851585345 0.2802753748127965 0.21588645721537209 0.3605265884368256 0.10536993794062242 0.5756677602518855 0.6095305289193435 0.3446543042174392 0.4186568002990681 0.4318284042094312 0.26579337670748865 0.319680744883022 0.33292030854630533 0.2182191498370517 0.38085897337899527 0.2694865668941456 
0.17232854569250666 0.26261295955258934 0.22651679873679442 0.3365127376513084 0.2246517655126352 0.27310634385453464 0.303622688420759 0.23776772445332298 0.29213864228394965 0.19890352202080017 0.23067487607824164 0.2840085624303977 0.447484094105885 0.37092125790584196 0.3367859383282354 0.2802850160165224 0.27659335082704745 0.6133198747257875 0.2911830630254269 0.5816462461916085 0.6098971628804162 0.3437088802212709 0.4059878665231755 0.46042752855485874 0.2795394082180159 0.38288647569699086 0.3575555918118309 0.3228112881952053 0.3782718239745558 0.24334840581740866 
0.17623339600618435 0.29734788181802263 0.2600914397536718 0.4103399581682759 0.2744616354758093 0.29341854209850193 0.3020296711834639 0.37637961442294526 0.10955790889558958 0.25275395507970344 0.23431684374770645 0.28535526408019446 0.5050238314213404 0.37098122612051404 0.3401760376212116 0.2867092548140769 0.27663968622495677 0.48361436683517334 0.23929267626495643 0.5755659133644369 0.609889711832672 0.3439611988210175 0.4282092268139848 0.4293970675335905 0.27934714433532415 0.23260765460188712 0.3743639327847895 0.4883726732024881 0.37779695874186037 0.24293617792977903 
0.17813744698882308 0.2996833345946522 0.2471388959290008 0.409098824889596 0.22671995318298535 0.27673628298424824 0.30283191610317717 0.2547617729982028 0.2901087367187292 0.19461429749134948 0.23020537556272885 0.25768038673940563 0.4431586017710494 0.37038972701357326 0.3420438889867823 0.2718469453000938 0.2860645749077475 0.4783705408165552 0.21097262168543207 0.5755879844786819 0.6098960480445149 0.2425218281167944 0.5742044636322232 0.42961897078518624 0.27120302672301877 0.3801986570943684 0.4213567106516546 0.46426785228389883 0.28179212823805183 0.2420293639546045 
0.18563732379008033 0.25991814854117 0.22084308259405216 0.28572610856083236 0.5585296975412034 0.2861400797351057 0.4550797439316713 0.2546765248030399 0.2927669678157842 0.19332804173995274 0.2827310697568184 0.2836070232312426 0.437300997950253 0.3714894592243898 0.3537432521109885 0.2562067787362016 0.27886509488794575 0.5905500987196605 0.29522490642508625 0.5816462461916085 0.6097035171761418 0.3436266642240496 0.4097725952973026 0.4703582184540948 0.34073945372923004 0.31624151346569984 0.35936867361885394 0.3225409613550453 0.36397868198559313 0.27049384481617555 
0.18718380741753005 0.2603025243197981 0.2206714537571875 0.28024132446176653 0.5585296975412034 0.28214103361827725 0.4689100164119772 0.25464363348325353 0.1792340558503904 0.30602121999802384 0.31602762301029147 0.2836723589364176 0.4371226137130013 0.33859948536825796 0.35253011286573555 0.2857172565293947 0.2818935595795021 0.5905500987196605 0.1110302506812185 0.581697929747542 0.6097050750406484 0.3388424832921762 0.24419579177495804 0.4323271521993469 0.33960922781254765 0.32265437991478474 0.359775205524501 0.3226391055917163 0.3636615134742176 0.27039932751483714 
0.18957876199125467 0.2585646132093976 0.22100485774752165 0.4048859941656783 0.27489232248893036 0.28214103361827725 0.27489556288804906 0.23931116914482603 0.1878563622283729 0.19248380095654602 0.3600240449020691 0.23425703839569584 0.44328632166661736 0.371577553618082 0.34642396968190486 0.31632654884289835 0.6381750312472307 0.547388607174453 0.2973233783910063 0.5816481964347471 0.6098877551766764 0.3388424832921762 0.24524058031067167 0.4693499821122152 0.33685460303397313 0.32261853829904635 0.3596052198936019 0.3157896983110161 0.3774713332891748 0.2704693683053694 
0.1950839959313537 0.25991814854117 0.22571398165874118 0.2824891205659429 0.5644259898939176 0.27558894294265995 0.29307766269381963 0.23911671186009562 0.28370018804760594 0.2128183375042711 0.2305980887413846 0.3080852870958702 0.44354090864910245 0.34243704692861365 0.3534407318926961 0.4415454623722425 0.2683978561684383 0.6045291053942924 0.26939897965719894 0.6144883446898984 0.6098687999169846 0.32353287082413607 0.24447674306329553 0.47104549514865796 0.28008655126498433 0.3122266938794088 0.35821577802949073 0.48286983845827575 0.3641975100244444 0.239704119730951 
0.19720449026875467 0.25991814854117 0.22178065682586173 0.2868290244435561 0.5590597695853194 0.37883522050114915 0.30733542862879204 0.3703561704016885 0.29263000634825054 0.3085631033085676 0.22133918002487046 0.25080333587504977 0.44146765019102957 0.37112688851328834 0.34004990921486133 0.4063135543870496 0.45160306532567773 0.6174157039826225 0.2883966193940955 0.5819957815590915 0.6086501751049611 0.3235849658963819 0.24380493707944811 0.506930916290218 0.33829005159438547 0.3665076249298236 0.372969079864084 0.45408029015684837 0.36220023457445094 0.23966888451324855 
0.19934915555284613 0.2989452836406245 0.22580835883618416 0.3310626586609878 0.2324141188042453 0.283121602765332 0.45115296901535307 0.23831675150374 0.29214286033839665 0.20463028176724254 0.3592369658950225 0.35190984018185073 0.44774242267973874 0.29810762929052087 0.3401950660448584 0.28755030597594183 0.5959934490145244 0.5402728537185579 0.21339120282487523 0.5816448173356994 0.6098966248887336 0.3336022765678703 0.4294792284077728 0.45471652454753614 0.17217805536404118 0.35874337231277525 0.3572950313688416 0.23312426976878942 0.37826868246635365 0.10317033856916913 
0.2013537196076265 0.522417733998794 0.25297219843237045 0.2834897883606692 0.5789691368767729 0.27322019691286936 0.4549242253480243 0.25813483944274207 0.17970858333073106 0.19734661160278807 0.2807776623253306 0.30947860775464764 0.4365046247492032 0.3389761202184595 0.34000634864210816 0.40634324854551745 0.41303809010592035 0.3839843302877729 0.10722582863135413 0.5754784623667332 0.6095769487061525 0.3257692558982239 0.23925718240707847 0.5264674696591023 0.31613069347497663 0.3487368034940316 0.35739876436173784 0.45406624446678295 0.36903328429258864 0.2733185497955607 
0.20504044066224839 0.5717191841569464 0.22659093045358564 0.32056909232712294 0.5426960148120582 0.27609767519468253 0.30226734835329444 0.2393521462533108 0.2941870366934671 0.30610100532959217 0.3155717642504959 0.3068283952092164 0.44331286674329745 0.34021757424089055 0.3461965151363774 0.40665190179756155 0.4113004215284987 0.6162955766409237 0.28729410904736186 0.6119658526175152 0.6085862259826067 0.32355757512555106 0.24447359541663657 0.5248202704434468 0.31774289579259246 0.39936747220252244 0.3729645165908505 0.2676926712971823 0.3700544602659254 0.24253385995106555 
0.2072885059111656 0.25793717355907464 0.24552290095141824 0.18300160406184765 0.215777380171506 0.29286485100304765 0.4687771031499228 0.3681068959305404 0.23500461294256064 0.3067099963714712 0.23527753537276827 0.30642184313784127 0.45917361873556567 0.37938163577951806 0.35424348863791655 0.2531680261901805 0.4802187773590902 0.6079749409844499 0.2873833952466257 0.5930554004142885 0.5347482342511362 0.3607261855279128 0.6020868255457362 0.4391552574359123 0.3407453428136755 0.13446050608679092 0.37294341243041235 0.45128965238356583 0.38144227062343256 0.41046026729351337 
0.20968905571424803 0.25990665330743584 0.22178065682586173 0.28603597253283225 0.5590498024661782 0.37882792928825504 0.3073338115353761 0.3703527759548745 0.29263680670357306 0.25105611510528786 0.22120240950939532 0.2711286368062319 0.44149370940319477 0.3711284312387794 0.3401695372045525 0.38161439462689345 0.41353695326849527 0.7341453575562615 0.29074410464667283 0.5819966916990851 0.6099344907731616 0.32408730062515073 0.24380493707944811 0.47044767717445457 0.3395636913524875 0.3129141740349636 0.3726256576611994 0.4581579740626594 0.3622017006538389 0.2396876902230569 
0.21438645358022165 0.2556082689151684 0.238608945826061 0.4037928323904835 0.2236512878518877 0.2718733567351019 0.30855663468741873 0.29834272840626935 0.16448458626752271 0.12946189557271806 0.2665353348416382 0.2587643859705362 0.44727369750955126 0.42274029348359854 0.33727164156760286 0.28019661423120207 0.4152770587265935 0.5047776679491881 0.26979628489134105 0.5756924055265251 0.6142310781973946 0.36122434229644507 0.6912452980280346 0.44448239918776006 0.2248210986493944 0.3760503094536136 0.3729667443732656 0.226724727682538 0.3782961218545101 0.23138919082656578 
0.2164779349279652 0.5352919786638236 0.2541277301392283 0.2472010628226971 0.25099273160943625 0.2731018094565244 0.46869482863286077 0.2382744920879799 0.17517800802854055 0.19671456487557862 0.35742836484955004 0.20179927785785556 0.5238391819819554 0.3078223431845177 0.33994228480808475 0.2881375600088466 0.41274367595006384 0.3852137148305884 0.1069374763961855 0.5754368811922356 0.6107492013180003 0.31901069197336057 0.4312257724190136 0.5254009591479677 0.33943237513853375 0.1086471027692262 0.3595052784843447 0.42709586827641816 0.3073591248236383 0.2657452311233397 
0.22006655701198327 0.5065453583958526 0.22647603652697818 0.3280812010177093 0.30239866992317366 0.29411664148370953 0.30734033200265665 0.24208692159013992 0.1445488475146574 0.3019639805906554 0.2561449913400866 0.2918790686134003 0.5007602035611758 0.32409202042347024 0.3681463787710416 0.4418555505007178 0.46293705635803833 0.4815379619126215 0.11368044181522574 0.5764602933716777 0.608236419166588 0.3176522668012196 0.4097394939801684 0.6008823130717177 0.3450083115216778 0.13470739671498155 0.3577221673301737 0.4748119221819582 0.37806529610755796 0.2476980132918014 
0.22388913822091877 0.25312049269406556 0.15909763189263235 0.1843044833844959 0.4835287754067463 0.29186649990292 0.47254270322293623 0.3754289363718762 0.23517212071855859 0.304714803456303 0.2352581452801657 0.2045801520642875 0.44765055245635943 0.3793851540428278 0.33938673281860066 0.25077800263343053 0.4677603429904475 0.6207350880713953 0.2787391156520641 0.5776946479136289 0.5819852784402183 0.360625867994783 0.41884730313089213 0.43715958007117406 0.3394491002569589 0.13453609567947586 0.3722634584048239 0.44718946601848475 0.3814426305721046 0.5663806232289472 
0.22798926780254605 0.5224402975280713 0.24553971307193978 0.3210988213162733 0.5277890522415989 0.31833911066118875 0.2977060566381539 0.24112761162089338 0.1803441972185477 0.3011178995438349 0.2861546754844251 0.3548232791594152 0.4407357853618436 0.36868051963887083 0.5873810844575199 0.41827477000753255 0.45997696999526644 0.48257613278528044 0.28667171270593533 0.5764089892806892 0.5994699633250805 0.40310098072785727 0.5354107318198105 0.5240340423687925 0.34259176396019775 0.14065543231414115 0.3729170493889642 0.45432174410695275 0.3813689589641764 0.5471460423968949 
0.23369388424308346 0.5066839275935231 0.25702234570930005 0.3280812010177093 0.2790026772270078 0.29721376952830186 0.3102670277913174 0.2421704660496245 0.14306132756202855 0.35361258742632534 0.25578496073510726 0.42475536676228265 0.4379824999874846 0.3707738756869573 0.3415654828226176 0.4418555505007178 0.2946865800719398 0.5637898412444874 0.09129629216382548 0.5756108123621877 0.6105602462565665 0.42164561952709795 0.3650852163922984 0.6008733121371101 0.34454926620524706 0.13470739671498155 0.3388062236482942 0.44036775307903575 0.4333876943757973 0.247628963318198 
0.23984079070957567 0.5070157147244192 0.16102714029257087 0.3254832648466582 0.2718089672044022 0.30222844323335174 0.47296070296805515 0.316387879085385 0.4797029710594517 0.20031934968900134 0.2356669501417371 0.49551365957938315 0.4155211788884432 0.3582778306975882 0.4199190050226963 0.43042436214759405 0.28469947656308636 0.4847283253977586 0.2839264582032852 0.5825773775884238 0.6052617187825808 0.3958390957515404 0.4276681856045359 0.6029141816660231 0.3815266420341221 0.3211584910588521 0.3773444008037429 0.7288190859907537 0.36277853148499234 0.31045855889327323 
0.2417363413646449 0.5416409585883359 0.2516016004870311 0.40375633122934196 0.4917194640765499 0.3627647191597824 0.48036059136156384 0.3175608140908224 0.4792907525180077 0.19575666426126098 0.2374706567084779 0.2598980521040181 0.4156768161381878 0.3655361441298418 0.5181266662744931 0.4376625249891043 0.28469947656308636 0.48382944261588473 0.28579138476756666 0.5757952218156376 0.605086337507843 0.3685277176381407 0.20719816814973807 0.4461181659863788 0.2390172328754856 0.3396044308263563 0.3727352209368168 0.7311327685083329 0.415299162640095 0.2327935587595592 
0.24412356400770668 0.5224402975280713 0.25313953624648344 0.28315882544631127 0.5365947587055137 0.31833911066118875 0.3041511361848801 0.2417832598160473 0.1803441972185477 0.3011178995438349 0.5802654674555177 0.33228044189328804 0.5245252910994841 0.36868051963887083 0.5917123637798691 0.41827477000753255 0.4585596413323899 0.48257613278528044 0.2555544815755925 0.5764654068491399 0.6010878697064811 0.40310098072785727 0.40394763356001634 0.5240340423687925 0.3395639220678855 0.13357445360136277 0.37404918801296494 0.45432174410695275 0.36904869771366955 0.5471460423968949 
0.2475283380131547 0.5182862793128071 0.18519465962645737 0.24998062822250738 0.4980687612551352 0.3633377408025436 0.4720840760443921 0.23390774828356276 0.18399015182471595 0.2997230663006242 0.5905234125667216 0.49501741527072435 0.5249632054994239 0.3686856234150349 0.5915468437833403 0.3776954735924499 0.35965738200818603 0.3824471207797947 0.25064345019766515 0.5777330289654233 0.29216469910564513 0.4485952098897997 0.2528030336822004 0.593028826768418 0.36370451277498655 0.1584144246632044 0.35435598449523176 0.4542317695644754 0.3698800700146898 0.5484475065378354 
0.24952431018845042 0.2566081107823485 0.2357559655607312 0.3765481395345158 0.24126807249214843 0.36419950566128423 0.47440111438422233 0.23674253024381045 0.48328805241454253 0.18910642614792533 0.5993488198113588 0.4937816925919888 0.5549241552892961 0.33866730286446284 0.45660987342743037 0.43626453505632545 0.4960431876084332 0.5129527090200283 0.41116879133074963 0.5801313677621739 0.6141891964575111 0.4527256294011623 0.22718239965555947 0.5953455191935036 0.6041651065229636 0.3406961599677198 0.3851551363563179 0.47407088326001867 0.43937677356748545 0.29950976704485444 
0.2555103861323691 0.2746007269137438 0.18670671755739565 0.39981368853188415 0.5732462359883196 0.30826923353276475 0.5144080048114192 0.31332918295502743 0.4706629297552782 0.39633888970793546 0.6133384232057534 0.49505993171413853 0.49702760133077584 0.37120632169181067 0.331039845723164 0.4530616967366403 0.32750711647613584 0.5062965987490248 0.28646010913559794 0.6374270373527366 0.5765685548525586 0.45196184118614974 0.5732065052370525 0.540096068576799 0.5113626932664973 0.15919835928240386 0.45247985743164826 0.44979674669447534 0.3682526753942834 0.5873032422267934 
0.2575917885362763 0.5491152141472437 0.20179282737006993 0.3997479851587589 0.49191096236709836 0.37707096843330157 0.48029913193076085 0.3175821030269316 0.48750862608388584 0.3941984421638687 0.22642650377498988 0.49725576439185704 0.42729042988317945 0.3584332470229513 0.3357466341698183 0.5688141744523676 0.34230164812765074 0.6315416806582081 0.28411472705862184 0.634118405835967 0.3036874065685492 0.44748337194154714 0.5851210970762695 0.5373317402823411 0.49269179743249064 0.3398540089883893 0.3899428290966324 0.5895324337367975 0.4160759576626098 0.682946097073314 
0.26223377642375995 0.2237243644093392 0.16134442066493948 0.3254832648466582 0.26947933301076754 0.36456594621272215 0.47283853879987525 0.3163551373994515 0.4797029710594517 0.49114781004393704 0.23400276098108638 0.440773240196898 0.5081057154921912 0.2510626272471429 0.3648885731079288 0.4376625249891043 0.28469947656308636 0.4841582734936658 0.31384413741447814 0.5825450890280723 0.6052617187825808 0.4508580746041343 0.4294243742385224 0.6032620467740697 0.4079275196480395 0.3211584910588521 0.3773444008037429 0.7282916559921748 0.3373466483750503 0.571995329553692 
0.26541171130203917 0.5346630554107582 0.16291595083113225 0.32950544475191973 0.5772301574660862 0.3637469085284908 0.47364126454927474 0.21889248562057845 0.4925087418243767 0.3914868078512506 0.6150222707967884 0.43956204572568597 0.4263166177571431 0.3690514740956751 0.3588874517054288 0.495777176648455 0.49245868106379387 0.5474103784067272 0.27707947250254755 0.6473151135390433 0.2762122050736703 0.45398700981596296 0.34674746483012336 0.5384544297502101 0.40664542978134716 0.303987489119089 0.4513694688876895 0.7039061847777289 0.4697535458457244 0.5887259692715063 
0.26833629151898175 0.5491616069466105 0.20102674407617177 0.41575790610266183 0.4919106516144229 0.3625037221133072 0.4798253672603832 0.3086630784153462 0.17580315463711446 0.22213170476435032 0.23003294208186675 0.4973235035792452 0.42848105224984545 0.3134072566202164 0.5290639093141676 0.42664756130405146 0.34233695137334696 0.3751613800976895 0.28937191259155304 0.6341190987492404 0.2680248509236363 0.45254669920937307 0.6079682742056488 0.6082023970895319 0.4060887790533115 0.3422237167766015 0.3852856506099733 0.4898438903939071 0.4465898437653992 0.6829433927697838 
0.26925903018738356 0.5489654691829505 0.19713100194393302 0.3284226262882904 0.4915879998637234 0.36207127879863554 0.2987072993059543 0.23095021690359346 0.1757160082265216 0.2249977471689857 0.2503603610332418 0.4398833909968387 0.3365706633445859 0.37017040801854156 0.34267137245370627 0.42502408371456357 0.4133246573969865 0.4854221849381082 0.4156303953249319 0.5789141779202289 0.27067846568583553 0.45028925000072906 0.41601582856537894 0.5852942093945432 0.4112183383250975 0.3045107144407231 0.39754007442392986 0.6980887245102332 0.3841533403100881 0.6697777391901998 
0.2715019039096522 0.5522626128546801 0.22482251728146277 0.4319462777043029 0.5632727109831481 0.4083941610316232 0.4645649041436368 0.13414004010437325 0.3053408836995147 0.399749303392543 0.2583932421415686 0.5521649647449622 0.4879461408746374 0.30881083441235246 0.3629241131916035 0.42798691293015795 0.2799565322143871 0.4293750376153874 0.3461376408326119 0.6470356587393041 0.486502407497072 0.45390347681914917 0.3532491402023579 0.6224247148411091 0.3539463933041211 0.4045791347968737 0.38564434803115943 0.6634979508438257 0.4238605162806995 0.677708216955974 
0.27885658399223345 0.5332426075777957 0.644556722569017 0.42339864479819317 0.5679634603271798 0.364291427072994 0.4751768176066566 0.21878802642526476 0.30348535966590034 0.3588624230536096 0.6507423422078706 0.5555424733997708 0.49946470371254065 0.3737543063599008 0.4557078277409327 0.4936587078991456 0.4148616922778603 0.5054942819945958 0.17759060380233535 0.6714587549302667 0.6165622183166928 0.4541299847729138 0.5495862471833997 0.44865087187856445 0.3538445312196047 0.4406442534314324 0.3857763506662307 0.656087366300119 0.4229475825261671 0.5846850747049775 
0.27962255105061373 0.5465977536286873 0.19051340926095917 0.4061764645266587 0.24108377437391001 0.3649995320360254 0.4825305764039279 0.3060513991846827 0.3055098996092758 0.33234414848538585 0.615428980626496 0.5562087202819397 0.5148395150317034 0.35078486037693407 0.462193682435996 0.4277900773835264 0.31877837389858804 0.4324125488266831 0.28907085363774865 0.6472809727471563 0.4766477321442251 0.45546725005346084 0.5495715625299222 0.6323011452043547 0.3555886409107463 0.35454536443237666 0.38487425764959304 0.6554098026431695 0.5271745997977257 0.6854974094412669 
0.28335591157189666 0.5522626128546801 0.20382073769768852 0.4319462777043029 0.5590528751900189 0.4053807072727845 0.5096693046889501 0.21822063664549968 0.3053408836995147 0.40843629113265784 0.2583110578876463 0.5535277191951029 0.5158849133976631 0.3089043402625616 0.3629241131916035 0.42798691293015795 0.3182210686529965 0.4293750376153874 0.2885832881065588 0.7039470583295698 0.486502407497072 0.45390347681914917 0.3532491402023579 0.6224247148411091 0.3539463933041211 0.4045791347968737 0.38564434803115943 0.7109873227480927 0.5245213607334842 0.5975353410909224 
0.2856342264671304 0.5460598295436941 0.19061279537427478 0.370499510012515 0.5863203749395423 0.40462362501871024 0.5092828867896395 0.30193542004173646 0.3055091309519626 0.40699199945600806 0.2691841769779633 0.5520898451411149 0.48548292989494896 0.37020777633639707 0.36806204707714213 0.428019646176178 0.29576787299648916 0.43407702526934794 0.2885821488549812 0.7103510996354758 0.4865030357543822 0.42497726497438826 0.2742746631074106 0.6061006422682186 0.3538403688671801 0.3556114371098321 0.388221431106827 0.7110434006107138 0.47010127688280584 0.6363472449432306 
0.28987320093425356 0.533706107922902 0.6000688589259124 0.4066337578368727 0.2388291805274226 0.3684047182290707 0.4823379184229093 0.22117109299033275 0.3158175629401365 0.331578981279263 0.6005951187904425 0.5860055079628274 0.5004262780269114 0.2941780024910319 0.4567913520487519 0.4948498887225609 0.28031420368482296 0.6054118378005187 0.29593503246027897 0.6472809727471563 0.6142023375751339 0.4553457861533495 0.6019164883003212 0.3475864945849304 0.3538510695536137 0.3359496841449162 0.3848650458260078 0.6554021674949997 0.4231331885966889 0.5700164337075005 
0.2940181258317325 0.5516654605636184 0.20382073769768852 0.6140261153826647 0.577660675882964 0.4053807072727845 0.509669292033567 0.3087345410672088 0.3053405214988512 0.40843964041796194 0.2716724215824777 0.5535193994073906 0.5158794178424159 0.37008792034455906 0.3640680643889017 0.42798691293015795 0.3019473138526761 0.43417296156458896 0.2885824176225317 0.704199363282355 0.4865030357543822 0.4248735299099956 0.5206040558605194 0.621999922257184 0.35562451865575506 0.4005374309174711 0.37325560844075323 0.7108378437963958 0.5245213607334842 0.6366849588636115 
0.30154581606437353 0.5336246637769005 0.2032815363983727 0.4066337578368727 0.24108377437391001 0.3664518971663376 0.4823379184229093 0.3060513991846827 0.30564161099974224 0.331578981279263 0.615428980626496 0.5852945303085895 0.5156635958561203 0.36727927687287143 0.3666166891089435 0.428331504397972 0.31877837389858804 0.4324125488266831 0.28907085363774865 0.6472809727471563 0.4862916680822633 0.4554626011205062 0.5260301914149232 0.6356822125017052 0.3555886409107463 0.33036927437116737 0.38487425764959304 0.6554021674949997 0.5261246454910177 0.6854772871546411 
0.30571573498290755 0.5467727460812729 0.608416034365247 0.3353033443876979 0.5787223711709238 0.2718382484966818 0.3793395185576003 0.30229084321951016 0.3131553298239174 0.39397276111885066 0.46235728113617475 0.5857505085139972 0.49801892614737386 0.3602985153433761 0.5045960026907359 0.39169623547489063 0.2803167480313952 0.6120075753478361 0.288839849922808 0.5719455295614582 0.2721545088233407 0.42641538958901465 0.2603021689380397 0.4571051762836503 0.502381487578658 0.31664578499621376 0.39841168597402893 0.707890861714062 0.5229280446937739 0.6781177094371945 
0.3069273050433837 0.5529870547114735 0.23537085610645264 0.4242167957717913 0.5239583918668955 0.3637174468519031 0.46693944158313627 0.3272059682511447 0.49687301620093943 0.3897235470306314 0.25477419110972344 0.5902541093133016 0.5022811911447618 0.37061747654849075 0.47358788494031434 0.4259794916743762 0.2990316872243845 0.5766489898413342 0.17478928291386 0.5756525826758501 0.6047139442610012 0.4244827370338626 0.3537641855211734 0.36783363268158953 0.2518127261842268 0.3928377298655678 0.3844426520878716 0.7123965640465135 0.518266218510659 0.6342019699722448 
0.3112008141495768 0.607665255229811 0.5996899863540057 0.4133386139982659 0.5089426501970186 0.365399366005226 0.3214462633943841 0.30878188358686937 0.28923509488139204 0.39010630435934407 0.24044083463900598 0.5811977009275134 0.5623749336021794 0.29419200123558675 0.369642192070236 0.4279023332391025 0.2786380294885896 0.43417296156458896 0.288863082478065 0.5691660925938052 0.4767365838585882 0.4248806094396763 0.2790278996907749 0.44241614445270283 0.3532038020777494 0.3556114371098321 0.3732635892378625 0.7086878253323387 0.39170793469034815 0.6366332240147804 
0.31357593497368164 0.533706107922902 0.2032815363983727 0.4066337578368727 0.24108377437391001 0.3664518971663376 0.4823379184229093 0.3060513991846827 0.3158175629401365 0.331578981279263 0.6005951187904425 0.5852945303085895 0.5004262780269114 0.36727927687287143 0.4567913520487519 0.49947748264396685 0.3063305987516796 0.4324125488266831 0.29593503246027897 0.6472809727471563 0.6135778295697003 0.4553457861533495 0.6019164883003212 0.6357716386537291 0.35382094000695097 0.33485602214938076 0.38487425764959304 0.6554021674949997 0.5261246454910177 0.5700164337075005 
0.31996268116847143 0.5516654605636184 0.20382073769768852 0.6138415628584146 0.5786194407216675 0.41498846023986224 0.5022891580103898 0.3087345410672088 0.30551148316848403 0.39400277648214144 0.6066702987040479 0.5528854710005464 0.5156666778403509 0.31295906581375965 0.3629346581992747 0.4278827569028872 0.31900991735910184 0.4274645656244184 0.28905031009025034 0.7039470583295698 0.4845276627681963 0.4417502103786603 0.5240537792686798 0.36951730198342336 0.3573298743637199 0.34396834463963893 0.37325560844075323 0.6535237121011492 0.5172942751277427 0.6856894236258039 
0.32138646530133774 0.5516401443188038 0.22841408028745108 0.42352959945865354 0.5210357206746209 0.3644422191766729 0.38658326999086967 0.30750443617909273 0.3131595345216391 0.3897277872823088 0.4624345385165933 0.533646030085717 0.49802239281948973 0.3704852481559765 0.5047706719010159 0.4329026742948889 0.3005274870136218 0.6137731791051931 0.28858937899205533 0.7088205764838391 0.5284550082103204 0.4947379863799171 0.25009668749313624 0.6085884110012696 0.4991259665361373 0.3537384112737565 0.38444243944267864 0.7101775348132483 0.5235460237348784 0.6361593352476926 
0.32601120290992486 0.5483942436380562 0.6109177142439668 0.33305312429755457 0.49605778402968714 0.3664518971663376 0.38429912162865665 0.30228144921481354 0.3056503600030883 0.39404176969531246 0.44802323599490695 0.5852945303085895 0.5160502152732842 0.36727927687287143 0.3666166891089435 0.4275543459457023 0.31877837389858804 0.4293114369604015 0.28907365016771547 0.6472809727471563 0.2689161915684335 0.45546032826354843 0.5260301914149232 0.6356822125017052 0.35559239398245746 0.3346835841406649 0.39827097349702756 0.70972800970047 0.5228501979821696 0.6803984351336976 
0.3275573894484198 0.5147854589878085 0.22199698564754813 0.4295921013594639 0.5220887431903429 0.36465093186089903 0.3825255322160134 0.30167492652025835 0.29516393710213573 0.39085930693620197 0.3242799267268104 0.5882041347042942 0.5451863585962324 0.39811372152930435 0.5013673005475495 0.4263551864009303 0.480898271981859 0.5232857502357987 0.288860544143856 0.6355332674977896 0.6089762203332598 0.4255923132831456 0.2853226240658571 0.48645701692477444 0.34972710669643364 0.26598058545904674 0.39652681860825495 0.7111714784072125 0.5325773521743844 0.5244260105854718 
0.3290702721504702 0.5067128284486668 0.22221568678937736 0.43372715930329964 0.5763017669421124 0.3637520538527958 0.5056057007384476 0.3396317411875596 0.49687301620093943 0.38967116529311113 0.6167699067316751 0.5881127490601342 0.36775559978424793 0.37061747654849075 0.4756171533756575 0.4258878254702088 0.2990316872243845 0.6051559174764679 0.2797330971480653 0.5756903568004178 0.6059258092131545 0.42872643805950145 0.3460773441471258 0.42931721498532327 0.2518127261842268 0.3432439332691299 0.38457244303940596 0.2891876680015263 0.38180218357583373 0.5906193866793759 
0.3324792089778322 0.558063717651404 0.6088481098449369 0.40669812150769585 0.5201592298455868 0.2908272411014563 0.30989403796819404 0.342243112343915 0.313654882029376 0.38769728293213535 0.37787025691001735 0.5850443408186674 0.4978110936641778 0.3727968091423958 0.5017697495471352 0.4329422602903199 0.3001629340391096 0.5785793613498865 0.28040819134570216 0.5827429567049643 0.5834483424851452 0.42641538958901465 0.26034192284557645 0.45760969260433926 0.4472755365768342 0.31664578499621376 0.38604535069490914 0.7101592468765975 0.5225937865711305 0.6335537086391438 
0.3367068761449328 0.5461470352926215 0.5996843081827734 0.33817123955840156 0.4883436045735329 0.2805797291773469 0.3823267477605602 0.33866356239003176 0.48885428998941693 0.32957480528041894 0.4673277518799164 0.5882160479538932 0.5457173136184749 0.39818627331903483 0.5004808856843658 0.5225322914712737 0.2739726270581463 0.61078758331715 0.2800905214056316 0.5763603253610011 0.6094612862321427 0.4255457728122294 0.2854947339899334 0.4830332424726467 0.36738465232433093 0.33486767107267545 0.39668823693242167 0.7034070494055249 0.5327462938217995 0.680526050449444 
0.3401278158287934 0.5461577421870621 0.5996841913306149 0.34020699396229315 0.5450426954634374 0.36433766201420814 0.382381723636982 0.23939359129897275 0.4816350974223709 0.3908051202338318 0.4669702886939722 0.5708841197252452 0.5408105857847111 0.39206532327659177 0.4756217274125925 0.5218918731739014 0.2709791920927386 0.4778865573374574 0.28009267312401676 0.7025905768104073 0.6000740707799735 0.4261059113370628 0.6926056959377191 0.4445853556792794 0.6107306230456019 0.23703254321361053 0.39668719549992204 0.5041927311106699 0.4426282124552883 0.6198259132697922 
0.3545037277801779 0.546090916472494 0.5996841913306149 0.33838779514249545 0.4889690950694611 0.27846169980955254 0.3823921596098194 0.2398747289267875 0.49072201762875217 0.37838751348550365 0.46697627517484314 0.5706656626151866 0.5304420750186608 0.41788030133795 0.503407263993272 0.5219293929727822 0.27374662699606384 0.4766346525739856 0.28009077885884065 0.5783684748444076 0.6000740707799735 0.4264347627356596 0.7121627689659332 0.44160988020577385 0.597572492365041 0.3921800156970769 0.3966882349494161 0.5042406139574384 0.44202080058515425 0.6283569944461358 
0.35639555856352595 0.5553150634383955 0.5994437371367529 0.3404655882792996 0.5179842643334988 0.22660693454608344 0.3748761895388403 0.2992206974236763 0.3818329259891354 0.3904690818468509 0.4669930379309583 0.5849569764088868 0.42700601592808995 0.39290844137677006 0.4791892784727114 0.4328108172258801 0.48525058667953913 0.4305657235169699 0.3025845567132207 0.6397100663919408 0.6005081298833252 0.42774210424845827 0.6879033136416258 0.4443849231051615 0.6063225383447651 0.3389018896065751 0.39680115399381655 0.6383846547609232 0.5542818926364521 0.5381482919913286 
0.3656538595257662 0.5467955149064896 0.6636773943697557 0.3413693741028581 0.5679573326910594 0.3637790738906998 0.3741494280991589 0.3373041689498424 0.48205163381222255 0.39154884101025095 0.6105590284917708 0.5851917380899513 0.4270705873103195 0.41300235614100084 0.456326756153914 0.415219065915208 0.4901142788826732 0.5185847577838857 0.2901480262583061 0.7031720032822658 0.6118418407493723 0.3753344578680259 0.68663881575871 0.3876103496202104 0.6013438289868364 0.33967041308480905 0.3849660871091927 0.4980536908300878 0.438088020727798 0.5629083088373392 
0.37274153064521043 0.5407531487521193 0.6008947489026212 0.3403771705788925 0.5681077258090064 0.3642055597159527 0.3749588581759763 0.299655490823227 0.46954283787921536 0.3904687855434707 0.6344102127238693 0.5386211701264809 0.4315117003955262 0.4215744266110461 0.4761499698615483 0.5506006892903862 0.4786097131592901 0.5042826666540026 0.2801616661196146 0.6394817213509555 0.600001875189212 0.3193746705549741 0.5587982371721311 0.44447251613247557 0.6016083695329226 0.40758744429804095 0.38503971458614505 0.6903428556101581 0.42745835821090405 0.5622590877411399 
0.37696247914401454 0.541524222446809 0.6388611364993644 0.4050085868312897 0.5828902875073273 0.3643176168404904 0.3399106611706259 0.3363397321550561 0.48189518588575225 0.39047294380645353 0.5822765331533709 0.5395816905891718 0.3841694334372818 0.41301392475251975 0.4982789240651839 0.4980919088212221 0.47437264914583194 0.478438006597488 0.7787652668349143 0.7041405157835937 0.6123555315949591 0.45409843307995784 0.6882873890298901 0.4443858518081779 0.590909650540886 0.33729630178808934 0.38495621582437817 0.6910669638249948 0.4281227879846934 0.5620682402224049 
0.38206134778384365 0.5415249283889322 0.6010072693117923 0.4050642300137129 0.5680773903513686 0.36431757885195204 0.37497983347633523 0.2996554906835879 0.4834362550483388 0.387970060860998 0.6371727876029135 0.5392605008735963 0.4314327795171353 0.4212743130621556 0.4563087083442643 0.43345340284663686 0.4979432082315644 0.507323418858292 0.44818458944316325 0.6373879215576133 0.6125428465771195 0.30743038718986154 0.5588798542049875 0.4446185530381456 0.6015590128715624 0.3436837212607245 0.3857754605236574 0.6523814755008308 0.4369659503266197 0.5846285320114305 
0.3853805308461566 0.5415249283856969 0.637861079264155 0.40420284596536576 0.5681164963440418 0.36431747572112566 0.3749561677852701 0.2996555455618381 0.4820518814383932 0.3904729423954689 0.6151900892244978 0.5397765786981417 0.4422543213893851 0.41707188986525673 0.4563087083442643 0.4334505918226923 0.4980292145664713 0.5070757404277567 0.4145254467012058 0.6373879215575534 0.6142011838906785 0.4540977585140601 0.6885387576435965 0.44446990540465114 0.5866896287315222 0.3436121743114912 0.384957305646981 0.6910398054893165 0.4274426980938791 0.5621123686696046 
