0.2623819209567323 0.9751275733916349 
0.2764688055814355 0.9678375635144164 
0.29047655898186386 0.9602104680700937 
0.30454698062885904 0.9521698714307025 
0.3186948368695755 0.9437016045477901 
0.3328733150073132 0.9348292986931341 
0.3469622004802918 0.9256305814447108 
0.3610734960548092 0.9160350370178099 
0.5643223282060329 0.7353996981787506 
0.5770029361187882 0.7215033961940832 
0.5893263485369816 0.7076964594863906 
0.6016135035464205 0.6936428360313337 
0.613762062703567 0.6794626399248891 
0.6257031503766369 0.6652483381508126 
0.6374932381401132 0.6509450768072123 
0.6491599829962877 0.6365286271707824 
0.6605773020110185 0.6221672703511043 
0.671887170864066 0.607694217029053 
0.6830379981495717 0.5931841395232922 
0.693986043386319 0.5787055821697167 
0.7047575738987409 0.5642357779975657 
0.7153860705580747 0.5497396746090868 
0.725845012270782 0.5352630102016569 
0.736138723391571 0.5208098890948758 
0.7463040766304496 0.5063372580996892 
0.7561924399016774 0.4920685395183978 
0.7660368238625554 0.4776767172097253 
0.7757158859143207 0.4633451003928548 
0.7851912236882759 0.4491408324471312 
0.7945347192246581 0.4349653374073544 
0.8037401618199416 0.42083530511980677 
0.8127753203705684 0.40680843305982783 
