0.9122042040430465 0.06637776258493262 0.999998365882734 0.999999967745583 0.26718982354092347 0.999999998287315 0.400462080067971 0.46664959577483245 0.5339721214674191 0.600053198464768 3.1001276881714436E-9 0.733109039968335 0.7995964586451707 0.8669313367481339 0.017690348287960768 
0.9153901121440089 0.06637099647055361 0.9998762581811463 0.9999999918251208 0.26514958353144896 0.9999999973662049 0.40049202207850065 0.4660463964093143 0.5332556842551935 0.600013535910497 1.5932877799520178E-9 0.7331097217307483 0.7995735068610512 0.8668302435184417 0.015283073941522908 
0.9184112924796604 0.06630581018382992 0.9999992988423491 0.9999999984508707 0.2671031135528824 0.9999999987286873 0.40056188941508253 0.46705200020869236 0.5333175475270372 0.600013270930281 9.217521357919247E-12 0.7330920721459975 0.799608218464965 0.8669315768910378 0.015358159499818334 
0.9213120726679294 0.06635722904962231 0.9999992756284973 0.9999999785531725 0.26709141348430426 0.9999999936455111 0.40056136771037126 0.46702634833627954 0.5324979133263884 0.6000132343773386 2.258521065490336E-10 0.7330917880622241 0.799573977540741 0.8669316724333902 0.015381087261673032 
0.9241053349678517 0.06637862790490648 0.9999997568155674 0.9999999670478698 0.2671280571505033 0.9999999982575323 0.4005011187021619 0.4670477789251826 0.5333067923114345 0.6000191305414799 4.939178315020455E-13 0.7331085278552328 0.7996186709626507 0.8669844159978726 0.016885253457607857 
0.9267908575842565 0.06638302074677405 0.9999984440383052 0.999999967293698 0.2671277222970979 0.9999999999389678 0.4005028051536607 0.46601437088051395 0.5333159846968133 0.6000162743428017 1.406350802739362E-12 0.7331076396637208 0.7996293883821467 0.8669307980478055 0.015268099883530012 
0.9293556701319344 0.06630671490465041 0.9999646544740344 0.9999999965327143 0.26698382878304566 0.9999999999753462 0.40056177507687185 0.466701583854026 0.5324957336403097 0.6000133264554162 8.740406719125205E-11 0.733139340057228 0.7995964772333606 0.8669987585593307 0.01822148906782825 
0.9318289158847417 0.06637886307216685 0.9999997757079873 0.9999999559472873 0.2671282369089257 0.9999999999858553 0.4004063433683555 0.4666963329434983 0.5333092344631651 0.6000159656367847 3.5884780146064297E-12 0.7331090345903545 0.7996186757285094 0.866995869810074 0.016873277986958785 
0.9599861288585454 0.06625887482459838 0.9999980428704356 0.9999999549193257 0.26686078525044415 0.9999999999198562 0.4002306733297506 0.4670621916218996 0.532394578597223 0.6004118607659525 1.0451423381822955E-9 0.7330530866792597 0.7994794357363233 0.8673528918017241 0.017058135820025966 
0.9614092083172399 0.06597537138994491 0.999998047959065 0.9999999991017481 0.2668608103721948 0.9999999999204264 0.4002306733297506 0.4670621916218996 0.5323927893073106 0.60532694439447 1.90995984581149E-9 0.7330535307445836 0.7994795457730878 0.867352891801813 0.016898092914100212 
0.962764791059133 0.06636035089206145 0.9999999429102614 0.9999999831370144 0.2671453217983955 0.999999998370034 0.4003397486852335 0.46704115104888017 0.5324022523670694 0.6004088196965072 1.7843634984208863E-9 0.7329960921496865 0.7994752983255883 0.8674291971601489 0.017048455995491565 
0.9640901533822286 0.06636090795690193 0.99999999205047 0.9999999843653825 0.26686147717829917 0.9999999986074488 0.4002480069876113 0.46708328753379963 0.5325468694723168 0.5999858929397618 2.937160533808349E-12 0.7341373534530171 0.7994778059250595 0.8674327208012945 0.016878111409446478 
0.9653759565217304 0.06625333582585038 0.99999999205047 0.9999999843653825 0.2669984422435742 0.9999999989626059 0.39885291284097546 0.46700804702870446 0.532545577369614 0.5999864470386957 2.937160533808349E-12 0.7341373534530171 0.7994778059250595 0.8669426162355507 0.016878070057549963 
0.9666168578754379 0.06623904785111095 0.9999993999226091 0.9999999845994946 0.2668614311738675 0.9999999981999698 0.4002301857138837 0.46708162482871585 0.5325488504517167 0.6003891412913728 2.4847159160779377E-10 0.7340884666985799 0.7994794160503871 0.8674334646863194 0.016868371594224885 
0.9678205686829485 0.06625289342705551 0.9999999954997116 0.9999999700311243 0.2669838058089311 0.9999999998928314 0.40045748249678437 0.46700467420187797 0.5324910562574545 0.6000484253306071 5.885690546827722E-9 0.7329154643831105 0.7996642176299886 0.8669420812384748 0.018019313176087577 
0.9689914051120458 0.0663582486792132 0.9999999813836709 0.9999999476743001 0.26711995396241994 0.9999999982372821 0.40024550536824804 0.46704345327371116 0.5325469824697553 0.599986346166184 5.448239773115838E-9 0.7329884808443055 0.7994791997466629 0.867370808572484 0.018040496251806544 
0.9701183483343725 0.06623917830340055 0.9999998361311306 0.9999999954331741 0.266816192911774 0.9999999999100356 0.40042116127995453 0.46666440594085157 0.5324902429205117 0.6000157348624879 9.844891351521929E-11 0.7331075393171748 0.7994752834914077 0.8661317860497931 0.015177147829000506 
0.9712169025432722 0.06623904563588291 0.9999999920500752 0.9999982485787257 0.26711323249766766 0.9999999981057197 0.40045077072192237 0.4670560472484136 0.5325493751959999 0.5999857570499676 5.508402861184684E-9 0.732989566616824 0.7994791374091736 0.8673698401701576 0.017939647295699856 
0.9722832407679175 0.06638374417009509 0.9999994063997572 0.9999999841417974 0.2671550669530941 0.9999999997809842 0.4004468058713195 0.46700586758891877 0.5325118842549067 0.6000458551085848 5.492677220742496E-9 0.7330059658125775 0.7995526141253719 0.8661217550835975 0.016119185598571777 
0.9733144955965186 0.06626111832974137 0.999999267391066 0.999999906287942 0.26679524123037085 0.9999999996589921 0.40042953775686524 0.46699966362951756 0.5325496401432103 0.6000497929510892 1.1398991339314122E-9 0.7329517783074591 0.7996613685056204 0.8669652065557606 0.016863991668015683 
0.9743144099182971 0.06624746105381471 0.9999993011266249 0.999999947383476 0.26718968008765714 0.9999999997987842 0.4004629116934075 0.4670446728545814 0.5339228529706739 0.6000495143133364 2.156735686177638E-9 0.7330071161780309 0.7994975607587278 0.867364799774708 0.016927845446934757 
0.9752871622131765 0.06624776167105045 0.9999992933742216 0.9999999980308425 0.2667963695732322 0.9999999999884563 0.40046244830002886 0.4670259035189164 0.5339289397219883 0.6000498026316576 2.1500936438405107E-9 0.7330078265270126 0.799497333886134 0.8672728148933913 0.016957887296260847 
0.9762313168453631 0.06638161224344229 0.9999999799753979 0.9999999918901501 0.2671201032870035 0.9999999999634761 0.40048494109363486 0.4669743001050736 0.5339284473224551 0.6000495194954616 2.155217609825295E-9 0.7330047836870652 0.7996571662418063 0.8660696914248855 0.016928410509712825 
0.9771482379144102 0.06638080638417038 0.9999983309099473 0.9999999928675164 0.26718960223419363 0.9999999999477477 0.4004875180528373 0.46697694690664565 0.5338972439025034 0.6000574176767818 2.76828567445639E-9 0.7331095250183768 0.7994560163887238 0.8669315212424145 0.01694467614669178 
0.9780420557909272 0.06638439155426719 0.9999999063032559 0.9999998165178837 0.2670853560637603 0.9999999959480441 0.4004847756581315 0.46697950696363133 0.5325511281923248 0.600058619800869 3.2516690575144643E-9 0.7330255841866568 0.7996670074285994 0.8660677590275853 0.01694468810001212 
0.9789006817367412 0.06635343474531602 0.9999992969330677 0.9999998169043297 0.267077406452248 0.9999999990785449 0.40048483702994003 0.46697345651638034 0.5325513089688986 0.6000587230301154 1.236393701330489E-8 0.7330250456753472 0.7996570290954542 0.8660534365957043 0.017562531380859763 
0.9797451419402716 0.0663875553001101 0.9999997121546171 0.9999998243914691 0.2668008618875984 0.999999995926771 0.4004571699425044 0.4669534718795392 0.532545350884927 0.6000584959331368 2.7184337471955898E-9 0.7329863052650105 0.799456018442401 0.8672562020818005 0.01695775699638828 
0.9805656029316467 0.06638080687797243 0.9999999698705035 0.9999999677117297 0.26713856944460257 0.9999999999635805 0.40045690377720194 0.46697970112366693 0.5325499952260081 0.6000575857249428 2.7608583600764357E-9 0.7331099887109178 0.7996674675684678 0.8669436923146164 0.016944690965362573 
0.9813595912468331 0.06638456427641252 0.9999999386116353 0.9999999675461623 0.2670758282755077 0.9999999949599607 0.4004900974047233 0.4667434468518034 0.5325099362892554 0.6000574789744682 5.586649164029592E-10 0.7338787510751914 0.7996535029248293 0.8669988135561733 0.01693274726420243 
0.9821338227528857 0.06639631308695898 0.9999998614266027 0.9999999433255516 0.26707667207966057 0.9999999998158156 0.40056271109264296 0.46674311102767 0.5325059483972002 0.6000909048713021 2.7080167521370378E-9 0.7338605232791571 0.7996538648342989 0.8673329397321431 0.01754052977610026 
0.982888348532594 0.0663973586228425 0.9999999766213464 0.9999999860576009 0.2670765751016573 0.9999999998152256 0.40048245216941253 0.4667408398677506 0.5325072398189804 0.6000911304319431 9.554263385532008E-9 0.7342250839609543 0.7994611400104441 0.8658881454636652 0.016928660552278554 
0.98362111187992 0.06819358981688216 0.9999998738980005 0.9999998153092599 0.26696933391287786 0.9999999999915082 0.40036436604035613 0.4666991771975975 0.5324818445222995 0.6001542960795685 9.532403913210581E-11 0.7338962786683559 0.7996534838760799 0.86693801830234 0.0091482456512525 
