0.01371160274483854 0.9705637693722405 
0.01896498944278412 0.9623137250762689 
0.029266766519320895 0.9404607451160303 
0.040857242908215394 0.9259177786713043 
0.05022679353597634 0.9050446376088969 
0.059676148038663245 0.89912084218277 
0.07073301273223637 0.8812180761097835 
0.07625465431863422 0.8717623909230809 
0.08527698522242276 0.8596868191426553 
0.09485464518570592 0.8493095795590923 
0.10389905912230037 0.8375223540605136 
0.11634292074472274 0.8283877418535684 
0.1235777435529059 0.8255066065221853 
0.1330933079621283 0.8144912636501768 
0.14069214355015805 0.8106965690070479 
0.15646231793267454 0.7998318847662551 
0.1638125963873106 0.79777126016912 
0.17407897192950975 0.7923272036634122 
0.1866889855584354 0.787306448352285 
0.19624260164015367 0.7826785948710308 
0.20666769313707192 0.7743200951297531 
0.2103837139593362 0.7728068438247565 
0.22990897550156608 0.765515999918325 
0.24123166606871216 0.7606234783268936 
0.25850882789511415 0.7566786652111459 
0.2639150874615336 0.7521378677819708 
0.2917141949591632 0.7449461581721464 
0.3040311822804268 0.73959151163548 
0.3172946784200207 0.7360186088281708 
0.3310284004870567 0.7337370363641197 
0.34445368607968785 0.7274695096022344 
0.3586679265448484 0.722968055420953 
0.3708986317753081 0.7212383609505051 
0.38749696740040374 0.7147140970242477 
0.3990892371677311 0.7089736235380214 
0.419664971794003 0.703596611412487 
0.42653135797956865 0.7003391478215168 
0.44684942772046826 0.6924713466883495 
0.4811850678039377 0.679650743662681 
0.49042743380189185 0.6734374648541257 
0.49670598260036125 0.6704760704819006 
0.5372845225309794 0.6505555614470917 
0.5502804214574846 0.6409422319735326 
0.5624995011639513 0.6303679566305289 
0.5805884664054273 0.6155805620932225 
0.5922353843936174 0.6038485501661485 
0.6033215303928811 0.5953860521245481 
0.6086553456570549 0.585537795620296 
0.6216993663274984 0.5693764713582766 
0.6354226533205708 0.5575776515663692 
0.6478768674528184 0.5455929748617193 
0.6492218323974979 0.5257650765040841 
0.6591386649960819 0.5198967051494713 
0.6651555564470354 0.49499086891764654 
0.6801277113264942 0.4672763849097723 
0.6859654163506672 0.4473967856875195 
0.6976101910188196 0.4431247482098046 
0.707964914815073 0.40337935612633896 
0.7105659082423587 0.3944547607803467 
0.7160793907659128 0.3820264084427037 
0.7256702862079547 0.3700346032250601 
0.7344346357183547 0.3563353440625398 
0.7407151156038225 0.3425111706108422 
0.746749580312145 0.33413226787024236 
0.7604150114097984 0.32100310408133303 
0.7680681332461058 0.3109939570675097 
0.7793119280375088 0.3001045564566289 
0.7900049281258137 0.29113175920322837 
0.804752458421318 0.27843981253545014 
0.8188912855323551 0.26812655262473417 
0.830957718448729 0.25974104389913505 
0.8486022841900323 0.24886398618924052 
0.8700961277067433 0.237168586489811 
0.9114198760553367 0.22355040424062186 
0.9250223451546515 0.21548865274556794 
0.9517787067710909 0.20495374412084938 
0.9769016151688983 0.20118550694107548 
0.993045207812275 0.19302222732887855 
1.0378387772840567 0.17763743063003332 
1.1026169786934674 0.15845727508138024 
1.1172001197472252 0.15162347690443786 
1.1591110317626605 0.1340662406569398 
1.173221492757774 0.13098114529215274 
1.2314714029662432 0.09798370166082002 
1.2459114664750934 0.08687745690999639 
1.2587976937412675 0.07468362539901292 
1.273231089081653 0.05914292610452489 
1.2845552843727779 0.04734288930457805 
1.2971669020153977 0.0344838872306211 
1.3116739991197817 0.01255372459469913 
1.31586651721923 0.00774413434714633 
