0.011742520456047041 0.9526958057488983 0.9574046277062144 0.9611871572472905 0.965435977956147 0.9692919215315204 0.9729116516059728 0.9764200274108781 0.9893401653581153 0.9853580626196238 0.9785891744488087 0.9889557802995753 0.9919784193078375 0.9948983796866987 0.9973946765877859 
0.016239265028390612 0.9526993402409571 0.9574055755022416 0.96118721631251 0.9653962887963764 0.9692919206074327 0.9727078155086576 0.9764546964047461 0.9893403810931755 0.9853577826913927 0.9785819286176773 0.988955668985959 0.9919782773383418 0.9948984627647469 0.9973950130033199 
0.02520030037946408 0.9526974055862633 0.9574112944638675 0.9611881652037824 0.9653226440465447 0.9692919206074327 0.9727089756277513 0.9764233976743945 0.9893402645298396 0.982988903093025 0.9785823744458207 0.9889548616680729 0.991978370001692 0.9948983812095936 0.9973781439549637 
0.03505158301185418 0.952699257513996 0.9574038901329612 0.9611883795073117 0.9653216585472864 0.969291920587273 0.9727089907498837 0.9764231733761235 0.9893569130507643 0.9853577857853034 0.9787573311868811 0.9889548323929138 0.9919766963384814 0.9948983796673789 0.9973946765877859 
0.0433714045237244 0.9527079517203575 0.9574113099382474 0.9613865842748535 0.9652433420493285 0.9692919214978516 0.972916239710173 0.9764200636365103 0.9893408225685769 0.9829710304266727 0.9788035999446221 0.9889554050638707 0.9919716987882424 0.9948983808109705 0.99739321430438 
0.05109396310228025 0.9525416327491125 0.9574125519715436 0.9611932438862918 0.967281301531634 0.9692919215268628 0.972706856666048 0.9764212821154384 0.98933971584173 0.985358933690634 0.9787395827708261 0.9889556648279321 0.9919767112637996 0.9948984969780889 0.997392791427047 
0.060654941704991375 0.9526985598735519 0.9574118242169763 0.9611882880837239 0.9653371492718916 0.9692919215130599 0.9729148371654467 0.9764200400813364 0.9894565345249059 0.9851978622210712 0.9788079203816155 0.9889522312515695 0.9919776350770535 0.9949404218446142 0.99739521136332 
0.06548713374867177 0.9525403789320109 0.9574116871735311 0.9613876072285199 0.9653585013317441 0.9692919214988037 0.9729122858485885 0.9764213382361092 0.9893408245217208 0.985333714042711 0.978803411994452 0.9889521494751439 0.9919767290726603 0.99489846326339 0.9973773892021591 
0.07318283977370893 0.9526992409256556 0.9574097180220242 0.9611956478840936 0.965321916560873 0.9692919215428473 0.9729057327707805 0.9764213159005816 0.9893408431408558 0.9853375638165156 0.978748732689744 0.9889547800530261 0.9919767110904649 0.9948983796673789 0.9973778115825644 
0.0811710264228806 0.9526985651276558 0.9574118242169763 0.9611882880837239 0.9672792238598258 0.9692919215226785 0.9727072048325274 0.9764200400813364 0.9894565345249059 0.9851978622210712 0.9788079203816155 0.9889522293973608 0.9919764877558939 0.9948984239819118 0.9973946916380272 
0.08889052582621997 0.9526985664484434 0.957411837237034 0.9611882880837239 0.9672792238598258 0.9692919215262615 0.9727072048325274 0.9764200256382992 0.9894565099862652 0.9852490368428547 0.9788079391251018 0.9889522296683532 0.9919764877558939 0.9948984247523103 0.9973946935536053 
0.09885474126909277 0.9525354045268764 0.9574118275507253 0.961185390381499 0.9653235849083487 0.9692919214978516 0.9729163589641714 0.9764236815593268 0.9896390393286087 0.9859499187161528 0.9786538176669045 0.9889522302089918 0.9919762138284781 0.9948984240032639 0.9973758379601926 
0.10436271635849526 0.95269907056386 0.9574025243498248 0.9611935610233368 0.9653231636500512 0.9692919211604215 0.9729199922707052 0.9764236815593268 0.9860045036737273 0.9938932829299494 0.9863244757715846 0.9889522324502266 0.9919766991153088 0.994898424577641 0.9973771471279425 
0.11238261190353535 0.9526990703980925 0.9574025243209889 0.9611878253678752 0.9653280633328044 0.969291947420404 0.9729199948012038 0.9764353290186002 0.9860197188654765 0.9938931041272652 0.9862528294656807 0.9889522451277881 0.9919764392285377 0.9948983815217709 0.9973921605569357 
0.11821887998194497 0.9526989985531119 0.957402523758501 0.9611939363098989 0.9653280917889964 0.9692919240494221 0.9729199949126274 0.9764353305158079 0.9864226437866247 0.9938931047888482 0.9863244757715846 0.9889522321781519 0.9919764404896593 0.9945244282546306 0.997382316550823 
0.1306883993160022 0.9527000035225535 0.9572540154419219 0.9612005633807679 0.9653279821344765 0.9692951338266267 0.9729338051219174 0.9768937990696994 0.9873007692446717 0.9935420099812025 0.9871810854172263 0.9889522829813391 0.9925239936016688 0.9948836375028753 0.9973880191878173 
0.13609065891451644 0.9526990460837401 0.9574026207527946 0.9611936902773014 0.9653234975330446 0.9692919228048646 0.9729198786572282 0.9764351100977129 0.9872523361996668 0.9938932093622059 0.9863761698822349 0.988949522692298 0.9925266918011835 0.9948970008079467 0.9973852667686633 
0.1439971158669527 0.9526990069132042 0.957382265013232 0.9612005322169453 0.9653279823530014 0.9692949801634505 0.9729338051218487 0.9764053881534794 0.9872549419647815 0.993909491059927 0.9880649733836054 0.988952459289919 0.9925110291125383 0.994886248703043 0.9973897696557682 
0.15347797542702288 0.9527007492365539 0.9572544331720723 0.9612005580034371 0.9653279821398257 0.9692949763682938 0.9729338051219174 0.9768937990696994 0.9880037103065393 0.9935283376621582 0.9887894502055742 0.9889524559657081 0.9919298838030662 0.9948852542279711 0.9973880256835774 
0.1608255866991102 0.9527528773869055 0.9572437729212785 0.9612049713925285 0.9653279278063818 0.9691176932958325 0.972933273708355 0.9847661495178838 0.9713666674943601 0.9834357594275467 0.9941878467346368 0.9889498641929654 0.992809395391118 0.9948804399044128 0.9973914885788435 
0.16951001484607214 0.9526848676186028 0.9572514256164795 0.9614429629721376 0.9653340942693602 0.9692804589226406 0.9729312334221657 0.9847581469359137 0.9872975606177198 0.9833732406011394 0.9941901459560996 0.9889462507724924 0.9930523273891696 0.9948904215790544 0.9973897725711743 
0.1723658340702391 0.9526565232743998 0.9572730200611123 0.9611921913414728 0.9653287468366483 0.96991261842618 0.972933273708355 0.9847664907977415 0.9713773692084976 0.9834356492415238 0.9941849113128152 0.9889498682259087 0.9928194649730686 0.9951181937258263 0.9974961851283721 
0.18739860819690213 0.9527166047107983 0.9572757692092829 0.9611922933342562 0.9652950468270657 0.9698696533962397 0.9729311264614962 0.985065580427065 0.9713565344471139 0.9836617340669377 0.9941877020336792 0.9889497019617717 0.9929804810433117 0.9951256171836537 0.9973897694771473 
0.19641188793178935 0.9527145449334724 0.9572747144806718 0.9603589402343954 0.965303382409201 0.9699398082490932 0.9729332641136031 0.9850275704702495 0.9711421413026152 0.9834356912406828 0.9940976339419262 0.9889463939495745 0.9930889765811556 0.9951161751670066 0.997487778742505 
0.2096104988284452 0.9526852593675253 0.9572796925843814 0.9614299525613129 0.9653052450365849 0.9698607805204482 0.9694323847375411 0.98506564881991 0.9714890746738836 0.9834397082368889 0.9941855365291948 0.9889459747115384 0.9920190131785837 0.9951049548182304 0.9973991599067649 
0.2146312325423236 0.9527145077351997 0.9572747194577247 0.9611921172111572 0.9654138841927293 0.9698560541287566 0.9729311264614962 0.9850428269926472 0.9711455741298087 0.9836617340669377 0.9941876893743926 0.9889496941055498 0.9930546596630151 0.9951257070708256 0.9974919311733689 
0.23704348219603905 0.9527134037798708 0.9572894684261686 0.9613529990125226 0.9653229233201197 0.9692904055276732 0.9727049845457475 0.9762276234698738 0.9620594263183689 0.9829346197065011 0.9859640718250549 0.9889496418952356 0.9920946673444093 0.9947463603375868 0.9974096560196167 
0.24799860436136179 0.9499133833078554 0.9572757015754347 0.9613523674072124 0.9654309970172802 0.9692889863863958 0.9729168367847405 0.9850656558081152 0.9714917410982193 0.9834443171986996 0.9940827159111334 0.9889496806618959 0.9927958247223838 0.9951437217272292 0.9973951744185434 
0.259421370690931 0.952685331532511 0.9571312499270521 0.9614307991770564 0.9653013775339592 0.9698690080697746 0.9727663466119874 0.9850655542159746 0.9714890746738836 0.9834397082368889 0.9941855365291948 0.9889459747115384 0.9920334589179318 0.9951012870899174 0.9973905524090194 
0.27104460928701835 0.9527133828321902 0.9572930788009756 0.9613535657071982 0.9653239724546265 0.9692722464625096 0.9727146090579423 0.9761148697590635 0.9625259774712646 0.9829517859309541 0.9858771972700421 0.9889701781885071 0.9920343436181269 0.9945838968271328 0.9976029711987193 
0.28418549081730726 0.9527133808484829 0.9572937108895366 0.9613948867261572 0.9653239702758813 0.9693024990269844 0.9729381864038462 0.9844167388636729 0.9712391570542963 0.9829518024697718 0.9940598548985333 0.9889496840711425 0.9920759396351944 0.9947055729042342 0.9974091366315233 
0.29765356542484134 0.9527133655219585 0.9572915724510953 0.9613523237797819 0.9653239806837018 0.9693019899592813 0.9727120653294257 0.984405648657194 0.971774414165415 0.9829513437718375 0.9940818056435914 0.988949685417769 0.9919324908375198 0.9947053299063273 0.9974096745064478 
0.3085432897615596 0.9527133829346489 0.9572932760283286 0.9613948602237711 0.9653239807722179 0.9693020536544907 0.9775835783145848 0.9757698999845796 0.9717666856724603 0.9829517995759666 0.9959093011630412 0.9889496854207952 0.9920303960939574 0.994705585451923 0.997600789796258 
0.31934826199150806 0.9527133824148485 0.957288073498328 0.9613531789178451 0.9653229451464419 0.9692903143982718 0.9729381864038462 0.9845629141865743 0.9712392476785477 0.982971892711744 0.9940053988850683 0.9889496839490328 0.9920759396351944 0.9947052333696053 0.9974091809526313 
0.32577584458535147 0.9527133652912567 0.9573931238423882 0.9612408379414511 0.9653239724546265 0.9697646082446902 0.972716493552385 0.9761286077658962 0.9624009858727628 0.9829517859309541 0.9858771972700421 0.9889496852994829 0.9928028463149414 0.9945803507927762 0.9973925033143759 
0.3357388089145571 0.9527134297678465 0.9572894446857676 0.9500603852505255 0.9654559703946745 0.9697492635455444 0.9727189391769763 0.9761664017496334 0.9660486453598258 0.9829518807224707 0.9859834694524319 0.9889624467390312 0.9930547876979187 0.9986669880252089 0.9974090947035458 
0.3393483464826885 0.9527133810995344 0.9572880130243162 0.9613947970378668 0.9653248713051921 0.9697503169411094 0.972899655775957 0.9761764693385421 0.9621114069211175 0.98297131878398 0.986422187928434 0.9889465594995076 0.9920314436230802 0.9988957456420425 0.9974017042997737 
0.349407362406689 0.9527134309019599 0.9572889081407852 0.9566676621637353 0.9628813066711222 0.9693016008758027 0.9727193200668606 0.9761577193991279 0.9607131808671814 0.9829521467629427 0.9859834726541405 0.9889631359658617 0.9930520296073608 0.994602196069563 0.9974094608451869 
0.36574515190187884 0.963341633615274 0.9572889140233185 0.9609130174942432 0.96532288009502 0.9697491351265185 0.972716501139096 0.9761689204386957 0.9623845529941306 0.9829518807224707 0.9859834694524319 0.988962704197003 0.9930547876979187 0.9986831557119876 0.99739252207974 
0.370779484414284 0.952718091338049 0.9572905043302883 0.9564771492842687 0.9628760690576154 0.969748555294023 0.972719321724293 0.9726575408795212 0.96242116297432 0.982953985359207 0.9860558929680175 0.9959396984893489 0.9930414857524887 0.9945990768616783 0.9974277541983466 
0.3738532119476445 0.9527091663537464 0.9572900745114553 0.9564737647743661 0.9629330581035229 0.9697503272422738 0.9727193217708794 0.97217678515922 0.9624211074702957 0.9829455016847063 0.9855298505717857 0.9960643929231507 0.9930412230904876 0.9945990834382941 0.997427840197692 
0.3937193963919059 0.9527276280238213 0.9572897178527467 0.9614432098774257 0.9654564599244301 0.9698507080628297 0.9727471314409214 0.9765443773943207 0.9616320318866547 0.983009401623475 0.9859832946792602 0.9798898344093925 0.9921228322740407 0.9991134497389818 0.9985507177130037 
0.40099287793059574 0.9533820625880859 0.9572482435609441 0.9614683747534802 0.965469707832416 0.9697670453364532 0.9728626146305946 0.9765020815588533 0.9972507018948418 0.9829911511015078 0.9859835927277673 0.9925155512775858 0.9921097653359079 0.9991823012497641 0.997406165664616 
0.40835037330234425 0.9526685445206446 0.9572905093922753 0.9614432098774257 0.9628873918051241 0.9698507080628297 0.9727193259591909 0.9765443773943207 0.9612299292755773 0.9830069783482004 0.9859892116836071 0.9798898344093925 0.9921228322740407 0.9991111294557963 0.9985315731703012 
0.41915394758111924 0.9542424322949391 0.9572891571914233 0.961448668459389 0.9653394793568996 0.9698235244212267 0.9761457389633638 0.9764846085713799 0.9612314777696248 0.9834792220077867 0.9859917348914009 0.9798372860160115 0.9930066164150514 0.99920090561618 0.9974195841818052 
0.426986304240259 0.9525758683281251 0.9572891571914233 0.961448668459389 0.9653423506831631 0.9698235244212267 0.9761457389633638 0.9764289710938989 0.9612314777696248 0.983007798949609 0.9859917348914009 0.9795941858670939 0.9930066164150514 0.9991118832074475 0.9974195841818052 
0.4336804351745027 0.9526720952411857 0.9572483858564351 0.9613046619854326 0.9653374667271563 0.9700402809430825 0.9658003089511449 0.9764289716494517 0.9626334629796499 0.9827366753669924 0.9859920517736659 0.9794992597793437 0.9930066164150514 0.9991118599148479 0.9974423578871388 
0.4390125894230007 0.9527277285784641 0.9594682034468514 0.9613103830067345 0.9653213800292835 0.9655386085569502 0.9727508674958844 0.976431314866124 0.9972523987843978 0.9834946097505477 0.9859636344898666 0.9925398734450863 0.9921392953713966 0.9991923207870748 0.9973547718001803 
0.44961966189715846 0.9527273281954214 0.9572564127463588 0.9613072396384986 0.9653374974172898 0.9655581946831536 0.9727182724800432 0.9764359497427819 0.9972523987843978 0.9827466559721542 0.9859920701856432 0.9923865216125463 0.9928223467137042 0.9991923207870748 0.9973944617550283 
0.45923679225340813 0.9527273291867141 0.9572080860547133 0.9613104860894252 0.9653367590445207 0.9654996691092088 0.9727191145611108 0.9764313683226727 0.9972523987843978 0.9834946097505477 0.9859636344898666 0.9925399025305344 0.9921394243533835 0.9991923202328733 0.9973944011875522 
0.4689048259389366 0.9527046548306519 0.9572897809289458 0.96130329706511 0.9653388557825716 0.9697838304416264 0.9667301863434129 0.9764361705077759 0.9976210041163837 0.9829869315897624 0.9859820385933427 0.9921872272949139 0.9919602099417101 0.9950924824213304 0.9973668012843272 
0.47854970220202164 0.9527238002881382 0.9572564930599784 0.9613285140981953 0.9627035461605624 0.9697850698236401 0.972718272456373 0.9764360933599172 0.9976266851764015 0.9827453541754265 0.9859820649423028 0.9921904046946689 0.9918016890962643 0.9950892093855769 0.997354520710656 
0.48535741042758235 0.9552984677653926 0.9572445351179449 0.9596383212449157 0.9655505595989542 0.9697467858185121 0.9727743256514048 0.9762779378199726 0.9941338245204878 0.9838374129526231 0.9860769425334515 0.9986666804475233 0.9921779912299618 0.9945174656613278 0.9973574337819039 
0.5014175506440911 0.955258937751562 0.9572484356239874 0.961226701480004 0.9765699775252943 0.9698496230935955 0.9727165120184177 0.9764055626833267 0.9938248018275284 0.982572044185259 0.9859788225192633 0.9889549801585048 0.9917980981054215 0.9950092692803894 0.9997308846907855 
0.5266723385872222 0.9526876855096277 0.9572564930599784 0.9611823075862713 0.9595892379293242 0.9698479702239826 0.9727730463834272 0.9763032376686683 0.9950870782238614 0.982691067081298 0.9859902886988045 0.9921904046946689 0.9917988176619456 0.9950892093855769 0.9973545172848 
0.5460301393010573 0.9553123476029404 0.9572563764265727 0.9596451042539769 0.9653309296446843 0.9698480096922796 0.9727743383965154 0.9763100786783606 0.9634169315787854 0.9827296462116047 0.9859915060989022 0.988952406886219 0.9858440515099223 0.9952741220973558 0.9974966246553937 
0.55707848561924 0.952673427270732 0.9572495052215473 0.9611762032364287 0.9655505595989542 0.9697467858185121 0.9727795983987917 0.9764229468204952 0.9950035267114486 0.9833479828115015 0.9860764767250395 0.9890073509354512 0.9921621481704574 0.9945233955852739 0.9973874101638546 
0.6142290201520112 0.9526234384459792 0.957385824000354 0.9596540200814817 0.9676057728343922 0.9698873210585907 0.9726773562879388 0.9763057437834518 0.9902392519597083 0.9867608049048748 0.9859975089925584 0.988964891514983 0.9919110746203041 0.9952837786383314 0.9996831187738998 
0.6264102578974894 0.9551857014755374 0.9572743190970533 0.9596533425345753 0.9655845704863323 0.969825694080293 0.9726566868391899 0.9763084778157374 0.989888305937791 0.9861115060282086 0.9859984633322849 0.9889651006661248 0.9936654816007903 0.9945282940148582 0.9973824363068966 
0.6327513951747614 0.9526168031670912 0.9572747043093798 0.9611621181021813 0.9672542146910984 0.9698267282350364 0.9726566352681153 0.97642690292198 0.9898926151214293 0.9861329610214999 0.9859984465547595 0.9889652133885317 0.9933577629671548 0.9937492809546291 0.9973828040455626 
0.6398253983370354 0.9552493353630264 0.9572722985115217 0.9596533844655157 0.9672532237394477 0.9698808255560226 0.9726773329119688 0.9763057241981664 0.9899279889787965 0.986139498979335 0.9859984564562516 0.9889648925257709 0.9919110848402447 0.9952866796862795 0.9973828354633294 
0.6474527399126272 0.9551305029246386 0.9572743190970533 0.9612240192252971 0.9655845704863323 0.9698245684418146 0.9726788384987374 0.9763130905375281 0.9898884587576348 0.9861104367556683 0.9859984633322849 0.9889652534204038 0.9936654816007903 0.9944909680179707 0.9985691465632429 
0.6546851838182332 0.9527076229213022 0.9572781842379364 0.9612946499266143 0.9673346117720503 0.9722271591354259 0.9727716071361113 0.9763628201717791 0.990078772780559 0.9833332469286516 0.9859805052958078 0.9889652036957652 0.993347019940257 0.9956143553499862 0.9973826961047395 
0.6595568239504491 0.9525493212760033 0.9572758349883658 0.9611003927628815 0.9672188491273697 0.9698748331926198 0.9726569752172687 0.9764268518661157 0.9898882080313829 0.9861321373767182 0.985988826993406 0.9889522932543638 0.9936631460194529 0.9941457072847162 0.9976687850874247 
0.6680479176952647 0.9526034077500086 0.9572781845244692 0.9611919459255888 0.9672237898875168 0.9698806591124751 0.9726564227733222 0.9763602208597321 0.9901820588334546 0.9864717657056431 0.985998446788277 0.9889651806408842 0.992828460181216 0.995285997043722 0.9973828009947021 
0.674031893719425 0.9525945416425734 0.9572769297911271 0.9611919459255888 0.9672180133834175 0.9698743593693078 0.9726730255979471 0.9763602208597321 0.9901799535037275 0.9864911293350024 0.9859930984127475 0.9889646308098451 0.992856189501957 0.9957360993885747 0.997382553674707 
0.681138371989258 0.9524450947375708 0.9572782217131522 0.9611389163190918 0.9673181908257469 0.9653279686275218 0.9727751678874751 0.9763657860895835 0.9898939936855569 0.9861264631661018 0.9860754293423336 0.9894553826528548 0.9936300557250354 0.9940992793441021 0.9973825525304558 
0.6872914041141803 0.9551782076511326 0.957278153232612 0.9612946499266143 0.9673337000547597 0.9652653488896713 0.9727723137257175 0.9763603396304064 0.989891377529319 0.9864180957871412 0.9859805052958078 0.9889652036957652 0.9936300557250354 0.9952668717757117 0.9973825572458799 
0.6960073443681885 0.952695306523807 0.9572915141229612 0.961123875544219 0.965344782201117 0.972298741061138 0.972657625940921 0.9764274687037436 0.96660024468589 0.9808219881212908 0.9860754156612419 0.9889423633682006 0.992932175512267 0.9951371456105249 0.9974159997453609 
0.7035438009735001 0.947650597637106 0.9573053204652976 0.9611761601508834 0.9660556447401029 0.9654934136082667 0.9727098322902983 0.9820676188112019 0.9892850580578013 0.98138922434522 0.9860766775536381 0.9889480273249581 0.9934063697188688 0.9957426507996614 0.997599307190333 
0.7098341705294904 0.9525643753807972 0.9572926016651075 0.9617089862308942 0.965240112046171 0.9699832197407082 0.9727200876786285 0.9763544136309714 0.9920805837821277 0.9814315613360782 0.9860591505935102 0.9889574553633215 0.9920073053808599 0.9953030804452822 0.9974233454779693 
0.7184281039151476 0.9527134003651323 0.9572905910221048 0.9617089862308942 0.9652900967713479 0.9697010978544441 0.9727159282443673 0.9761580463902498 0.9920805837821277 0.9806415812539734 0.985910121004637 0.9892689478250476 0.9929358630062282 0.996247524354346 0.9987419624467215 
0.7282398642375385 0.9527015500781294 0.9572912941967593 0.9616880316543264 0.9653386506514461 0.9696993185692961 0.9727242784301793 0.9761703887103941 0.9895229994385755 0.9813889051152783 0.9940658139224877 0.9892621290016922 0.9929531274388897 0.9962455693880441 0.997354161825796 
0.7424079187229778 0.9527009671905515 0.950821413326988 0.9613599736369508 0.9756640864985516 0.9698517840483882 0.9729107619143905 0.9764103964886317 0.9892778426966079 0.9834292488958739 0.9859912711130364 0.9891752826995666 0.993309544228588 0.9983168832852235 0.997393650922112 
0.7493762413185002 0.9527016523822204 0.950000865946268 0.9611820279476195 0.975632631648172 0.9696673557988937 0.9729113279909616 0.9764230051546865 0.9892856077906399 0.983429252829387 0.9859806427274133 0.9891756386579073 0.9930176568507972 0.9985334130152702 0.9973896767705541 
0.7601366508418448 0.9527202374155236 0.9573354208962085 0.9636027387219035 0.9652103792478383 0.969664087349037 0.9810334606242351 0.9764240259173852 0.9892782116863923 0.9834198550297644 0.9859807519614101 0.9892005487562708 0.9974910434230133 0.9999274766193137 0.9974647763464926 
0.7663427405892239 0.9526994651899081 0.9574001258669559 0.9616879312636745 0.965328089964381 0.9699427251840936 0.9728578197031723 0.976137422127663 0.9955534286098718 0.9831834227056482 0.9859806939944084 0.9892580917345867 0.99296099722477 0.9962434795148405 0.9973544448840979 
0.7745394866289206 0.9525641625594874 0.957258948312298 0.9611865804848156 0.9653374206456661 0.9696601889722715 0.9727986340560554 0.976458131473945 0.9959312257801224 0.9832162710886636 0.9859806939944084 0.9891801777319189 0.9925424630604452 0.9945157578996467 0.997386787624061 
0.7934881844545681 0.9528113860903304 0.9570874071111142 0.9636138048990031 0.9673200533647696 0.9698903941321612 0.9694246150477188 0.9764234807749791 0.9961643585608569 0.9834094615754794 0.9859808280408456 0.9891944314113172 0.993293485177933 0.994517804383691 0.9974757744785278 
0.8234397742735998 0.9526959702398967 0.9571419577882974 0.9636358653925617 0.9652629957578454 0.9699257427527725 0.9805464736240799 0.976432452029326 0.9959337288118456 0.9829724944328738 0.9859806939944084 0.9891836938297099 0.9920058371567586 0.9947717931615568 0.9973879965659337 
0.8351416181712261 0.9528103337255932 0.9572578959625351 0.9636139752699576 0.9652647058618871 0.9696701189114327 0.9804805778406497 0.9764584093071322 0.995931307211591 0.9829815586795051 0.98618065565345 0.9891951463008823 0.9920110606087488 0.9947934590943484 0.997390930394172 
0.8821269977424925 0.9526956767167594 0.9570874069361344 0.963590110314057 0.9673129708399958 0.9719693897331318 0.9694246204144399 0.9764234420394761 0.9961645617296593 0.9834106386422181 0.9859808286993269 0.9891954520849982 0.9932935333758475 0.9945192216262972 0.997964740636954 
0.9004409209642448 0.952690238858464 0.9571378564779345 0.9636140338353631 0.9650286171481383 0.9699452880296034 0.9694246203766219 0.9764139244106436 0.9961645492758363 0.9834115186080248 0.9859808356767875 0.989200304163405 0.9919427622754804 0.9947777112594406 0.9974638637159287 
0.952616439413127 0.9526906703064173 0.9571467056873574 0.9636140338353631 0.9650276699181533 0.9699472353247126 0.9730260855012702 0.976414549137988 0.9961645492758205 0.9834113395056269 0.985830037011114 0.9891766228391388 0.9919781498838117 0.9947757520322673 0.9974639327938619 
0.9582583399451786 0.952695418649133 0.9571351991042001 0.9612894245554562 0.9651216726775477 0.9699260850371078 0.9693917295060104 0.976460475277891 0.9961645493027361 0.9834108514160123 0.9858299747656516 0.9887271185610826 0.9918925935976377 0.9945192726007244 0.99746455332819 
0.9643334672851533 0.9526953125933568 0.9571378564779345 0.9636140338353631 0.9651731468504616 0.9699452880296034 0.9694246203766219 0.9764584429684472 0.9961645492758363 0.9834115186080248 0.9859808356767875 0.9891997515085942 0.9932565988596012 0.9947777112594406 0.9974638636095681 
0.9720349245005337 0.9526953109550756 0.9562905533774398 0.963614476076274 0.9673168740417982 0.9720402693913054 0.9717256060667133 0.9786019431086731 0.9961645474077251 0.9834288881369516 0.9859808286993269 0.9892036707012506 0.9932567400102268 0.9947746854197774 0.9974639002121508 
0.9779211712205034 0.9526953107023467 0.9571466209881173 0.9636140286495045 0.9672328344089411 0.9720402693913054 0.969424627889761 0.9764192707282836 0.9961645474080301 0.9834117178953512 0.9859808286993269 0.9887504768244703 0.9932568378604525 0.9947746368786496 0.9974639002121508 
0.9843828626153135 0.953362113865082 0.9562905533774398 0.9589905477980335 0.964995671909144 0.9720402693913054 0.9693837799137854 0.9786019431086731 0.9961645474344858 0.9834120337607107 0.9859817581052299 0.9891999180976278 0.9932568375661623 0.9945203763103704 0.9974639002121508 
0.9955165565725242 0.9526902537548166 0.9562905533774398 0.9589905477980335 0.964995671909144 0.9720402693913054 0.9693837799137854 0.9786019431086731 0.9961645474344858 0.9834120337607107 0.9859817581052299 0.9891999180976278 0.9932568375661623 0.9945203763103704 0.9974639002121508 
0.9980098708649868 0.9526954197217792 0.9571351657586225 0.9636144524614891 0.967314923506226 0.9720402693913054 0.9694246204359805 0.9786019431086731 0.996167487981337 0.9834286117262231 0.9859808286993269 0.9892036707012506 0.9932565813417114 0.9945057777671442 0.9974639002121508 
