5.352707611397736E-5 1.000052571546071 
0.0057135322593407055 1.0000175600010333 
0.006342540405149663 1.0000083723196282 
0.00976819453563399 0.9999535483294376 
0.012947405339030826 0.9998723018412432 
0.017062194104860692 0.9997641172468811 
0.020611828419375804 0.9996302167083049 
0.02404918557703624 0.9994832182632974 
0.02751068895431011 0.9992950340971009 
0.03104122630589712 0.9990972409237682 
0.0344513557292348 0.9988534572547184 
0.03820783577578248 0.9986198234811162 
0.04179394170986375 0.9983083002630494 
0.04541198458689764 0.9979920986201203 
0.04901638263815661 0.9976544427160889 
0.052733908887553194 0.9972871092272105 
0.056292843078989394 0.9968928391169772 
0.06010340272245383 0.9964498400922912 
0.06379394247969938 0.9959845357780909 
0.06763823058921259 0.9954812132986817 
0.07140493516464153 0.9949571704783615 
0.07516999765149655 0.9944308894689623 
0.07890959136560377 0.9938312506950399 
0.08275277313322352 0.9932088738670171 
0.08653432850776926 0.9925518909583538 
0.09054465484677478 0.9918738806265996 
0.09446135802533233 0.9911465935925045 
0.09839312600130294 0.9904031968853104 
0.10231273293433435 0.9895963083257663 
0.10626941812054694 0.9887796519971183 
0.11027766172338574 0.9878995269745422 
0.11418738898895991 0.9870242015046081 
0.11821242680264339 0.9860931725648376 
0.12230858343826619 0.9851077301858793 
0.1263100217361065 0.9841142117594639 
0.13032855663940374 0.9830658533584777 
0.134455399770982 0.9819901390980447 
0.1385756491920216 0.9808655845087213 
0.14272977793606134 0.9796955911566985 
0.1468389081950107 0.9785073416927034 
0.15096060669601946 0.9772894775679076 
0.15516242940402847 0.9759956727413202 
0.1593537018073234 0.9746751049656053 
0.16352902410489648 0.9733095122827292 
0.16775708357631802 0.9719259428137388 
0.17200845251498353 0.970499600660522 
0.17625444460486497 0.9690098005534137 
0.18053294281041643 0.9674643077985458 
0.18476212712824705 0.965920090101899 
0.18906058485748378 0.9643473561253777 
0.19333667099846874 0.9626744892123811 
0.19767493117795418 0.9609995196865079 
0.20200125953396358 0.9592817029240576 
0.2063466987049077 0.957474854179268 
0.21068319042962053 0.9556887852421447 
0.215079710361602 0.9538141965786868 
0.21941741124260816 0.95190746668252 
0.22379011032346324 0.9499952411815294 
0.22820405477095623 0.9479723713894365 
0.23251638894162258 0.9460100402403268 
0.23701379662142213 0.9439046167229435 
0.24148645726462992 0.9417699980127532 
0.24584731029133702 0.9396598052355309 
0.25030649536206245 0.9374295951175524 
0.2547197926292438 0.9351718784120667 
0.25921486916468073 0.9328934270568627 
0.26364302670949125 0.9305824947145929 
0.26809660275313507 0.9281995868921813 
0.2725450320886389 0.9257989303734029 
0.2770345857848066 0.9233297785726539 
0.2815508450286627 0.9208397714892709 
0.28599857036188187 0.9182836766577992 
0.2904514533066864 0.9157160720422255 
0.2949659880182554 0.9130781918654826 
0.29947846786201143 0.9103957661818759 
0.30397401398537965 0.9076822115764196 
0.3084448311599399 0.9049235267601217 
0.31293677868878583 0.9021575980725124 
0.3174137613914526 0.8993277687743586 
0.32199352253888164 0.8963998260414006 
0.32644747541501734 0.8935239619553551 
0.3309138006279398 0.8905805538269495 
0.33537737484190344 0.8876207327019605 
0.3399390196359005 0.8845537317740877 
0.34441266377720675 0.8814768839881331 
0.3489132815738063 0.8783463765600172 
0.35340257519926577 0.8751677844176937 
0.35789692456938793 0.8720044801129541 
0.36237762514511435 0.8687688988550556 
0.36682823662316155 0.8654997116017884 
0.37134955909644934 0.8621600730008163 
0.3757998002521836 0.8588727445449192 
0.3802707155007481 0.8554905580183984 
0.38469889615051855 0.8520944861378497 
0.3891699651774149 0.8486155332564108 
0.3935979133249823 0.8451704216645932 
0.39808751035967876 0.841613356968957 
0.40248079346115273 0.8381149226478171 
0.4069169335794611 0.8345320282362083 
0.411317383552633 0.8309058704918891 
0.4157372476453991 0.8272534994546585 
0.4201085025499935 0.823606054375178 
0.42452587122715696 0.8198700309551192 
0.4289198875691123 0.8161200498811855 
0.43322980730525246 0.8124094181896788 
0.437586094257014 0.8086111418126276 
0.4420052480105459 0.8047222964005906 
0.44634823058793266 0.8008685566181809 
0.4506911453136406 0.7969801808808714 
0.455064097787254 0.7930517894736657 
0.4592936648735582 0.7891584541844312 
0.463597077024107 0.785170908549847 
0.46788665590489376 0.7812008419689467 
0.4721388459650433 0.7771400722004338 
0.4764368261198754 0.7731350165025968 
0.48065439766715734 0.7690384601849487 
0.48488780231227313 0.7649786087991589 
0.4891195972326369 0.7608338016865682 
0.49331497814217595 0.7567118038469478 
0.49753987568066554 0.7525567475290711 
0.5017696026226458 0.7483319688997282 
0.5058777478204979 0.7441603369788036 
0.5100547096776922 0.7399441382242065 
0.5141573835324346 0.7357163811935084 
0.5183247712528718 0.7314359432036288 
0.522406195571299 0.7271623519635625 
0.526484752818732 0.722885013675758 
0.5305666382728795 0.7185689177372137 
0.5346589775714604 0.7142170905260483 
0.5386874385367384 0.7099159234914303 
0.5427400227103243 0.7055368116788131 
0.5467506586736016 0.7011398801508046 
0.5507421329328579 0.6967560621510422 
0.5547401668612424 0.692335196637883 
0.5587195294296982 0.6879089427854671 
0.5626172804959828 0.683536991802083 
0.5665985710900008 0.679038547503602 
0.5705111357011889 0.6746019964184872 
0.5744170864723347 0.6701183013586549 
0.5783044208762875 0.6656368828974448 
0.5815742664535197 0.6618420325829839 
0.8650197791839095 0.2518289464399165 
0.8650172561876425 0.25183428624520454 
0.8660100495642121 0.2501191769829878 
0.8683777758758207 0.24601160267831246 
0.8707549682631774 0.24187827960615493 
0.8730808632100113 0.23782054931981 
0.8754297897866878 0.23371776363054675 
0.8777745471755264 0.2296400891905831 
0.8800671903115529 0.22558347647930976 
0.8823677706123856 0.22155854773458872 
0.8846844692766693 0.21751274559211897 
0.8869206222061166 0.21346732900995813 
0.8892043769549375 0.20944821857427076 
0.8914121401238386 0.2054831659555767 
0.8936480713736981 0.2014878665219758 
0.8958872330478119 0.19748243912469388 
0.8980941893714628 0.19353110551217034 
0.9002983345445067 0.18959162400513763 
0.9024944111208115 0.1856014330831539 
0.9046518985761886 0.18170140532165835 
0.9068552731749343 0.17779514578131195 
0.9089825593288543 0.17388499267398982 
0.9111330247859846 0.16994367699815083 
0.9132613750508558 0.16604930543876928 
0.915380446798189 0.1622105015009474 
0.9174693632397855 0.15838610961018063 
0.91955416124882 0.15452260859875266 
0.9216752050954592 0.15067295962449245 
0.9237390769324664 0.14684270829241697 
0.9258198258510884 0.14300634405368196 
0.9278534121035326 0.13922040174192285 
0.9298991205938291 0.13542430528530536 
0.9319507110976406 0.13164934630389435 
0.9339263803846132 0.12789676318908838 
0.9359711257762703 0.12413333338334065 
0.9379478950850659 0.12039716754536156 
0.9399360486205108 0.11666599427152935 
0.941865446237137 0.11299369160002615 
0.9438738001322976 0.10924083049600652 
0.9458476808877171 0.10551434240896329 
0.9477767848828861 0.10183692152825641 
0.9497149682746074 0.09818504910435844 
0.9516229348407599 0.0945385442506691 
0.9535796268111022 0.0908449639078378 
0.9554690073165765 0.08722144307384405 
0.9573509799659414 0.08362874028849787 
0.9592493612787129 0.07998309108211954 
0.9611324129998602 0.07637551472052895 
0.9629827954895892 0.07281342814813241 
0.964849445128221 0.06918921507591902 
0.9667105748406821 0.06561156397154111 
0.968531022006485 0.06209816213562136 
0.9704083909053999 0.05854526617646649 
0.9721890251018719 0.05499110219949521 
0.9739963046154705 0.05147411399683033 
0.9757858763638999 0.0479812980460681 
0.9775741070956581 0.04450139569383904 
0.9793581561600903 0.041016538552195 
0.9811400361784758 0.03750629992498122 
0.9828682803134732 0.03407228342945723 
0.984647407323635 0.030581660105282626 
0.9863878660815034 0.0271564372347457 
0.9881344264039664 0.023736907922794592 
0.9898310435459375 0.02034235576732213 
0.991566800035407 0.016944236850684802 
0.9932981161839042 0.013534515082030851 
0.994987418902809 0.010144874689092531 
0.9967052232327672 0.006729227969199281 
0.998331561852989 0.0034362508791745405 
1.000034095813009 3.882821467837694E-5 
