0.00999798172241542 0.9000100919071556 
0.009656458227717641 0.9017327205236088 
0.009317375070082312 0.9034734488928008 
0.009227994193342588 0.9039375505945801 
0.012140899911659035 0.8898142481820647 
0.015012146363546076 0.8774759356111625 
0.01782517952518538 0.8664890284827187 
0.02061654628284513 0.8564153689247092 
0.02334716094826268 0.8472103945858673 
0.026077914590275746 0.8385136640101828 
0.02880765842827397 0.8302718101598345 
0.03149494465124851 0.8225318623466121 
0.03414367022104946 0.8152255873785463 
0.03681147666324565 0.8081368290456092 
0.039447044950633905 0.8013871984270818 
0.042047616424672876 0.7949448454395094 
0.04465722326634215 0.7886774426083369 
0.0472490153902011 0.7826316136395206 
0.04981833999737636 0.7768141662696688 
0.05238636478606975 0.771119322433543 
0.05494677226503225 0.7655929070327314 
0.05748440422042751 0.7602411353787876 
0.0600434060288615 0.7549624401934816 
0.06257399050293348 0.7498520629839251 
0.06507573122016351 0.7449065925844434 
0.06757992734614207 0.7400483990045326 
0.07009327806649879 0.7352486486062215 
0.07260248332002736 0.7305515205654041 
0.07507240218072397 0.726006565475372 
0.07755449618800478 0.7215191056043142 
0.08002897950727834 0.7171062528340457 
0.08252201070472509 0.7127335548226941 
0.08497256123938553 0.7085049995647364 
0.08743512491222556 0.7043115522247162 
0.08990031918265962 0.7001661807553717 
0.09234564519722387 0.6961158345273366 
0.09482947227733839 0.6920560568907297 
0.0972405534440132 0.68817310122175 
0.09967711336868842 0.6842885494770484 
0.10212235999255186 0.6804381050070487 
0.10455093548780059 0.6766566294116354 
0.10699093312563854 0.6729091102919722 
0.10941405144176493 0.6692283302364954 
0.11185224474163209 0.6655603315317143 
0.11428379706857603 0.661941134322954 
0.11670063217154283 0.6583852579969837 
0.1191240393848027 0.6548616008931031 
0.12156771467908134 0.6513343798501228 
0.1239649995699841 0.6479311964122612 
0.126381597931934 0.6444981041797317 
0.12880290102425554 0.6411087894303916 
0.13121227048381057 0.6377676568078896 
0.13363211290042668 0.6344427369170893 
0.1360428946526873 0.631160069297902 
0.13845451100085557 0.6279052396653 
0.14086532390482262 0.6246797187522208 
0.14327775288288266 0.6214796414924066 
0.14570817964237365 0.6182825922664164 
0.14810899889326903 0.6151506805686922 
0.15051695243404944 0.6120348566768055 
0.15293414076154704 0.6089611981188487 
0.15534951462643204 0.6058927440564384 
0.1577784083107881 0.6027872162539771 
0.16017946850816897 0.5997757272586773 
0.16259351455951981 0.5967711409372811 
0.16501655771951254 0.5937776993816237 
0.16742211675186566 0.5908275253501074 
0.16985037407563616 0.5878710132278402 
0.17225288608274605 0.5849703513343736 
0.17468393029750964 0.5820481097062999 
0.17710257217397854 0.5791915290860826 
0.1795286142734396 0.5762918289022678 
0.181946566846085 0.5734558909773264 
0.184371304676947 0.5706226616535086 
0.18681378775030433 0.5677805377208016 
0.1892507848688369 0.5649703633388228 
0.19168652478923368 0.5621798037258536 
0.19411788118532328 0.5594999686389408 
0.19654828345620534 0.5566623374863942 
0.19897042911673693 0.5539406375655038 
0.2014201469096113 0.5512014406670782 
0.20386762883953768 0.548482970111897 
0.20630300237387988 0.5457946040645935 
0.20875621553040222 0.5431200925417241 
0.21120616772851736 0.5404282812700443 
0.21365955089118463 0.5377667787393922 
0.21612922158425835 0.5351029993343868 
0.21858981603762184 0.5324641019572274 
0.2210385672251536 0.5298554462235414 
0.22350773514013594 0.5272339539418937 
0.22597581039541562 0.5246308695511672 
0.2284501982469142 0.5220541333450278 
0.23092901833328514 0.5194492555368309 
0.2334248792109628 0.5168593591850239 
0.23589750194087844 0.5143382734031372 
0.23838237370827065 0.5117558268697278 
0.24087085424665663 0.5092188550055521 
0.24337435752109332 0.5067074012840069 
0.24586496801100205 0.5041522734663115 
0.24837625904755797 0.5016263931015997 
0.2508757450952684 0.49913018116333796 
0.2533902364349774 0.49663160591159383 
0.2559054109412109 0.49412905704046084 
0.25842871401307027 0.49168083127927653 
0.2609473476960851 0.4891699445053401 
0.26347770592866243 0.4867019699813244 
0.26602485913221446 0.48422402234851913 
0.2685765927432959 0.4818645874621448 
0.27110190742996837 0.4793476750524406 
0.2736431175541749 0.4768916623297522 
0.27621033102972425 0.47444283930414877 
0.2787574573247912 0.47202513589064843 
0.28133040854515107 0.4695941096269176 
0.28391119648044305 0.4671668211562996 
0.2864628943900772 0.46478104327005787 
0.2890439694993041 0.46237190410221374 
0.2916330198526305 0.45996942693142717 
0.2942331735918152 0.45756735570966245 
0.29681593931334405 0.45519713340700985 
0.29944323207106543 0.45278593578834814 
0.3020315174272932 0.45042605827149085 
0.3046418842350222 0.4480562671481101 
0.3072568127415538 0.44569249261711297 
0.3098829869238607 0.4433286544793267 
0.31250357678571705 0.4409798064607793 
0.3151740368188066 0.43859636907275545 
0.31779689861339455 0.43626522316530647 
0.3204488668049496 0.43391796813133887 
0.3230944266915473 0.4315860428429287 
0.3257571262201241 0.4292486301203172 
0.32845949453726175 0.4268861417333918 
0.3311277742763999 0.42456297105904195 
0.3337980420062444 0.4222474214629228 
0.3364981825889643 0.41991536601272916 
0.3391973678874924 0.41759346854029755 
0.34191092179824506 0.41526850452693254 
0.3446183067177414 0.4129580025946753 
0.3473298526197585 0.4106530286673896 
0.3500531768513811 0.40834708075485215 
0.35280656686993395 0.40602477587885544 
0.35555780968653616 0.4037133158567967 
0.3582949786925998 0.4014225374439624 
0.3610543902761725 0.3991219838635274 
0.3638238440416838 0.39682188033579535 
0.3665833633542264 0.3945387185342486 
0.3693865823979938 0.3922281822938203 
0.3721646973804816 0.38994697166525694 
0.3749624324651947 0.3876582388362674 
0.3777832883156377 0.3853592201004269 
0.3805913994067964 0.383079098286923 
0.38341389899002337 0.3807957534141856 
0.38624997389689797 0.37850987626767285 
0.3891041170600826 0.37621789296263175 
0.3919499690988976 0.3739409220378187 
0.39480084133282023 0.3716682076062472 
0.39766827966131724 0.36939054902323354 
0.40055661814183974 0.36710457566693366 
0.40343858697513285 0.36483184354451914 
0.4063429995035845 0.3625496101628837 
0.4092502394524093 0.3602733087854928 
0.4121595002790427 0.35800350446519913 
0.41507853393646593 0.35573411239116826 
0.4180177535425532 0.3534570752514056 
0.42096135569082693 0.3511846520844274 
0.42393062607397913 0.34890044841542034 
0.4268754908854175 0.3466429070674224 
0.4298559707872143 0.3443659780127456 
0.43286410117517654 0.3420759153404165 
0.4358555204564894 0.33980645227594974 
0.4388681020795684 0.3375287915094285 
0.44189566672439967 0.33524766512384163 
0.4449125116983565 0.33298237527162533 
0.4479352275531447 0.3307203666978026 
0.4510028096570901 0.3284325725176892 
0.4540596648170234 0.3261605051520797 
0.4571312445003786 0.3238851839367095 
0.46024460846282655 0.32158669790257244 
0.4633227199698875 0.3193218675698525 
0.4664286868819886 0.31704415451520984 
0.46956834999650177 0.3147494254387414 
0.472706918975223 0.31246503289361494 
0.4758782637871136 0.3101922659884647 
0.4790203179237448 0.30790347164715237 
0.482224352021136 0.3056204195283696 
0.4853636990526015 0.3033195145623657 
0.4885807132811535 0.30103467561266284 
0.4917711270181744 0.298737535062112 
0.49501603529790283 0.29644150946753167 
0.49832192537500547 0.29417884109067605 
0.5015028559021397 0.2918462030836335 
0.5048051137009073 0.2895564371946615 
0.5080814472569638 0.2872554448845209 
0.5113528068781201 0.28493481052468217 
0.5146540866546065 0.2826265940927911 
0.5179637359000205 0.28030872594894873 
0.5213176681820108 0.27800442593994557 
0.5246985244273794 0.27570335712015515 
0.5280229650640622 0.2733594049779484 
0.5314178862973222 0.27104370961576973 
0.5347880687048379 0.2687080401687387 
0.5382200842205469 0.26638482193667934 
0.5416501967465347 0.26405715921447015 
0.5450570889960856 0.26172018245388706 
0.5485747255826503 0.25939601818885083 
0.5520152268462847 0.25703702710400955 
0.555518673122318 0.25469523560651874 
0.5589889234500842 0.25234439142979925 
0.5625169980786916 0.24998914929048754 
0.5660604618094287 0.24763010993063084 
0.5696521867206773 0.2452745814943521 
0.5732069982347551 0.24290574539388143 
0.5767892817530664 0.24053355514885655 
0.5804028357880268 0.23815831319037073 
0.5840291017246738 0.23578203320746538 
0.5876921914084702 0.23340504670222972 
0.5913380637967439 0.23101491325903922 
0.5950783897013517 0.22864203570078068 
0.5987267737342166 0.22622563136610208 
0.6024674228107916 0.22383084120913666 
0.6061955324782359 0.22141953217661026 
0.6099771324691804 0.21901346421178491 
0.613736007869392 0.21659348277595358 
0.617607738854986 0.2141846373296623 
0.621352342444622 0.21174144812731455 
0.625223381373002 0.20931586950175785 
0.6290713818708412 0.20687336800182443 
0.6329530574668208 0.20443086667173804 
0.6368568071768725 0.2019802493348939 
0.6407707297869485 0.19951954362743451 
0.6447386713026863 0.19706184402394222 
0.6486946993302573 0.19459044589367014 
0.6526937134345229 0.1921188945232627 
0.6567197208278819 0.1896393754230581 
0.6607312941668348 0.1871462037235302 
0.6647965197788136 0.18464953479813861 
0.6688910691535963 0.1821511396773211 
0.6730170710929171 0.17964182200575773 
0.6771200992865156 0.17712692401904273 
0.6812825539690467 0.1746017422839884 
0.6854689174390086 0.17206957056935834 
0.68969854409737 0.16953335782344758 
0.6939552542336407 0.16699585984852783 
0.6981988753288093 0.1644352249310368 
0.7024440569068522 0.16188064292897508 
0.7067964237477001 0.15930577117294176 
0.7111357201852596 0.1567248216756234 
0.7154867580969693 0.15413710835866068 
0.7199019210528894 0.1515436303242509 
0.7243197835345756 0.14894092476608878 
0.7287762014315983 0.14632925277741549 
0.7332537508045763 0.1437047007135056 
0.7377675295321671 0.14107576167725988 
0.7422751303319012 0.13844609555226906 
0.7468914778369764 0.13578721065481703 
0.7514720262116151 0.13312513834946782 
0.7561259641619346 0.13045850331146713 
0.7607655690302355 0.12778123799884478 
0.7654940420932774 0.12509043081908555 
0.7702089230584915 0.12238806953946912 
0.7749605700700869 0.11968155191448182 
0.7797720550350113 0.11695439242672923 
0.7846121603616982 0.11422633606458077 
0.7894602508036754 0.11148424280946312 
0.7943528744195819 0.10873581017992107 
0.7993276395870564 0.10596455934510063 
0.8042832640213572 0.10318175641701033 
0.8092954161085768 0.10039412012777449 
0.8143446646027929 0.09759210915666638 
0.8194342407722339 0.09477858691789764 
0.8245391636458039 0.09195861127181804 
0.8297251816875131 0.08911203684023428 
0.8349389873144194 0.08626068905518569 
0.8401857587022129 0.08339385320108383 
0.8454502381804614 0.08051631979164575 
0.8508056037591307 0.07762164658105342 
0.8561582451547 0.0747137594916012 
0.8615566750760295 0.0717992562879961 
0.8670226203169752 0.06885950562521492 
0.872522291312453 0.06591098327571165 
0.8780858456350494 0.06294069171496586 
0.8836759410795634 0.059959687417762364 
0.8893169389093925 0.05696398177048978 
0.8949913072886884 0.053960197832589984 
0.9007384364473128 0.05092759156923099 
0.9065399885341203 0.04787759537752545 
0.9123696084366111 0.04481959377754041 
0.9182693130332269 0.04173687898849787 
0.9242098603656802 0.038641658711887183 
0.9302539786153444 0.03552721733818287 
0.9362766601044323 0.03239491561860519 
0.9423682994062731 0.029243529464697327 
0.9485162389604486 0.02608201633767049 
0.954754968465709 0.02288661282453286 
0.96102573474689 0.019680799562442952 
0.9673647607946996 0.016452969711333254 
0.9737509567560392 0.013211797421940896 
0.9802524409072735 0.009934149748581422 
0.9867076028895257 0.0066684325517181176 
0.993349392594926 0.00333396501835892 
0.9999999999977994 2.598476989135179E-12 
