0.009997981720748754 0.49999999762349023 0.49999999837977643 0.5000000081879361 0.500000027723203 
0.00965645821766657 0.4999999966851894 0.49999999202139955 0.4999999686997783 0.5000000635210761 
0.009317375068882383 0.4999999983841816 0.4999999880091175 0.49999997893788656 0.49999999580912885 
0.009227994186989448 0.5000000514186815 0.499999991045561 0.4999999790062274 0.49999999276845425 
0.012140899905123818 0.4999999886315137 0.4999999941355969 0.49999998083304736 0.49999994729050223 
0.015012146356167978 0.499999988188103 0.5000000207837108 0.49999998243690486 0.4999999465580284 
0.017825179517531948 0.4999999886757143 0.49999999417816066 0.49999997890809644 0.49999994283201965 
0.020616546281432925 0.4999999902857981 0.4999999863924243 0.4999999807333998 0.4999999919782188 
0.02334524806394551 0.5000009084790953 0.49999999403445333 0.4999999675403266 0.4999688911313605 
0.026077855723711234 0.4999945418893378 0.4999999981282691 0.49999995428426575 0.5000001182560341 
0.0288076584268893 0.4999999857045646 0.49999999417816066 0.4999999810633128 0.49999998979211047 
0.031494941131461826 0.4999999971086415 0.49999866550639266 0.5000000343708227 0.49999998662290807 
0.03414214661043667 0.499972623571342 0.50000004378002 0.500004691025248 0.49999994502928846 
0.036811476450362604 0.5000000408559115 0.49999999811409085 0.49999989762753716 0.5000003092578357 
0.03944704494920927 0.4999999894884024 0.49999998629500075 0.4999999810096672 0.49999999210058205 
0.04204761641556283 0.5000000437899761 0.4999999977643014 0.4999999793460429 0.5000000475782062 
0.044657223263678505 0.4999999960948612 0.4999999980317929 0.5000000360891965 0.49999999477299467 
0.047249015389335125 0.49999999717075416 0.49999999194652606 0.49999998153546 0.4999999950230474 
0.04981389881542172 0.5000001226432816 0.5000474060617943 0.4999988386281852 0.5000003048800854 
0.05238636463324 0.49999999681193286 0.5000000164101511 0.5000000264027769 0.4999997235786705 
0.05494671301202131 0.49999452262870536 0.5000000240362859 0.5000000142998928 0.4999999813388359 
0.057484342676068126 0.49999444012318806 0.5000002967745381 0.5000002012121835 0.49999965048883166 
0.06004340581885304 0.5000000423102158 0.49999999804143797 0.5000000077513299 0.5000003232392539 
0.06257399042992433 0.49999998059848805 0.49999980903439495 0.5000000073697934 0.49999999165167286 
0.06507368861915429 0.500000051668653 0.4999999943554309 0.4999999699737317 0.4999678399853686 
0.06757657682039633 0.49997637249717436 0.5000050380375437 0.4999997622688781 0.499966640743739 
0.07009327806540899 0.4999999797120469 0.5000000000072085 0.5000000077659306 0.499999991059787 
0.07260248315730597 0.49999999564401887 0.5000000818419473 0.49999972567047124 0.49999997950836955 
0.0750724021690169 0.49999998248998145 0.49999996505326294 0.49999997086992437 0.49999994040638235 
0.07755264152389893 0.5000001223429372 0.4999999952687071 0.49999884470692135 0.49996937715474365 
0.08002891096561533 0.49999418728387107 0.4999998273128252 0.5000008771030335 0.4999996547019059 
0.08252201059045694 0.500000007303479 0.5000000107733004 0.5000000638078698 0.49999976844242755 
0.08497052335128992 0.49999994726244656 0.49999975708373934 0.5000000057345705 0.4999678780147055 
0.08743294644668871 0.4999999637970655 0.5000003945266683 0.5000000531415827 0.49996678998150546 
0.08990031917025754 0.499999979032637 0.5000000040613345 0.5000000008327239 0.5000000763090976 
0.09234560839328619 0.49999993018326183 0.5000023430922261 0.5000000062648717 0.4999963749955848 
0.09482947216615932 0.5000000028415266 0.499999763378307 0.5000000032738484 0.49999998306847765 
0.09723775812240879 0.49999993113167446 0.5000022439774904 0.5000000489207547 0.4999624451401779 
0.09967503336046143 0.4999998303973554 0.5000022980628723 0.4999994629596902 0.4999676331495884 
0.10212080107512826 0.4999719166296765 0.5000003491963244 0.4999992621954497 0.5000001229722477 
0.10455093537584481 0.49999997874014035 0.4999999783412452 0.5000000466809997 0.4999997685081748 
0.10698943208540998 0.49997246743383333 0.4999996625316854 0.49999945107999366 0.5000012623819351 
0.10941155140623833 0.49999993147526206 0.5000022947388081 0.5000000211012842 0.4999644947744563 
0.1118508348766913 0.5000267186028146 0.5000000169240234 0.49999998075811586 0.5000000062722094 
0.11428379682651366 0.5000001034722815 0.49999998668618223 0.5000000424862139 0.5000003314804335 
0.1167006320421752 0.49999998159480613 0.4999997467804131 0.5000000316245791 0.5000000067845316 
0.11912195402080433 0.49999997769443055 0.5000008997053733 0.4999999536404488 0.49996751752694224 
0.12156771467638128 0.4999999817192409 0.4999999934999422 0.5000000307404613 0.5000000067841094 
0.12395763100072445 0.5000000551519272 0.49994573617480015 0.49997195525231686 0.5000000052878483 
0.1263815979318585 0.49999999986452176 0.5000000044491419 0.500000003983443 0.4999999983184472 
0.12880290102417605 0.5000000010742517 0.49999999521567234 0.500000003992426 0.4999999995368639 
0.13121227046678285 0.4999999788231678 0.5000000769915652 0.5000000444007201 0.5000000165629115 
0.13363211272264622 0.49999995678231096 0.4999997132183853 0.4999999662403317 0.4999999309515467 
0.1360428945534982 0.49999978851910476 0.5000000730239528 0.5000000114401277 0.5000000060841293 
0.13845451081032709 0.49999998080588925 0.49999969214627865 0.49999996413071457 0.5000000066990745 
0.1408653179704745 0.5000000026555201 0.49999948261071575 0.4999998061337391 0.5000016430370227 
0.1432777010467686 0.5000001132893256 0.4999997165851678 0.4999961092340889 0.5000033190311236 
0.1457081794861293 0.49999998172653753 0.49999971964163925 0.5000000106186162 0.500000008170482 
0.1481089987652652 0.4999999866038559 0.4999997461181148 0.5000000106186162 0.5000000081481828 
0.15051695243390156 0.49999999999564004 0.499999995311007 0.5000000040018415 0.500000006080331 
0.15292134893855241 0.49996077049060117 0.49994801041689707 0.499952721428755 0.5000000473995049 
0.15533330562234243 0.4999999802205773 0.49999996151471626 0.4999990970533195 0.5000905904213109 
0.15777817829875646 0.4999987284794634 0.5000107139169161 0.5000002476608721 0.5000000185028399 
0.16017946849881112 0.5000000553235989 0.49999999879630247 0.500000037263189 0.4999999830382946 
0.16259351357499757 0.5000000398269581 0.49999934443061433 0.5000002370707409 0.49999989534727113 
0.1650165576092603 0.49999978905154635 0.500000086398046 0.49999997454779943 0.5000000566964465 
0.16742211524458914 0.5000000016487751 0.5000000355623994 0.49999912845515687 0.5000000484846806 
0.16985033442236971 0.4999987336695095 0.49999570195716486 0.4999999646888916 0.5000000198923397 
0.17225109553528598 0.49999956778422 0.5000300358574962 0.4999994351235587 0.4999980039374103 
0.1746838498480723 0.50000009322785 0.5000026853462136 0.5000001881805587 0.5000057862195803 
0.17709019021373565 0.49998683345288336 0.5000125211012292 0.5000770679746751 0.5000000328760564 
0.17952861426345026 0.5000000506256715 0.5000000074212546 0.5000000337144048 0.4999999638964368 
0.1819429567151477 0.4999587311221852 0.5000111738369227 0.49999997912914135 0.5000001150853424 
0.18436785829446717 0.4999587311221852 0.499993523831264 0.5000000191918156 0.5000001150853424 
0.18681372114722128 0.4999999630311787 0.5000026754962799 0.49999916936486244 0.500005086730719 
0.1892507848178861 0.4999999772216261 0.5000001456732192 0.500000040073024 0.5000000495320676 
0.19168652451002147 0.5000000613561305 0.4999998770456452 0.4999999796106098 0.4999996505991245 
0.19407662554916486 0.5000195404042846 0.5000260975850733 0.5000620356156016 0.5001264061969646 
0.19654828321600637 0.4999999800226956 0.499999986554221 0.5000000155503034 0.5000003475673404 
0.19896964993695224 0.5000198339473674 0.4999994477413865 0.5000004038632636 0.5000008268634363 
0.2014201468831014 0.5000000019550755 0.4999999888794502 0.500000017425646 0.5000001139825789 
0.20386762854497464 0.5000000152099993 0.49999989254176214 0.49999999006882806 0.49999962949428167 
0.2063027609808925 0.5000006236421071 0.5000110374128112 0.499999963199374 0.5000001201396088 
0.2087473504614433 0.49996539317663163 0.5000123383763166 0.5000018393229465 0.49994400379311615 
0.21120616612774495 0.49999958355641444 0.4999994493376334 0.5000004536536438 0.500000357902335 
0.21365955086300717 0.4999999782533574 0.49999999095707 0.5000000395822365 0.5000001102106741 
0.2161292213995883 0.5000002904327171 0.5000000131479313 0.49999999007421914 0.5000000942610325 
0.21858981599681715 0.5000001170885991 0.5000000083227139 0.4999999988918245 0.5000000829533143 
0.22103719331773422 0.4999752967839001 0.5000000157586647 0.5000018341094749 0.5000090589308867 
0.22350773471109114 0.5000000700360968 0.4999998760454675 0.49999996223209264 0.49999955778921656 
0.225975810286874 0.5000000000404239 0.4999999909335772 0.500000204146056 0.5000001149006037 
0.22844102252934134 0.49996069450155606 0.5000261382105297 0.5000017888812638 0.4999508594507893 
0.23092901816543096 0.500000290669956 0.4999999880276462 0.5000000177985304 0.49999999336869116 
0.23342487900557155 0.5000000362017356 0.49999989641329334 0.500000000359717 0.500000303246811 
0.23588218785060966 0.5000018407506385 0.4999996655839388 0.5000696596690165 0.4999461639412841 
0.23838237314534938 0.5000000713367744 0.5000005091024611 0.4999999983796877 0.5000001440761461 
0.24086847129915065 0.4999758362629615 0.5000025002796128 0.49999865090312434 0.4999752079322244 
0.24335584876013566 0.4999636251105422 0.5000266374801686 0.5000717302886937 0.4999531599662674 
0.2458649679596014 0.5000000272942762 0.49999984114307305 0.5000000011467837 0.49999999329847056 
0.24837625554454232 0.4999995348220745 0.49999957871521244 0.5000000755851604 0.5000011722480008 
0.2508731625080874 0.4999778730420684 0.5000285993795557 0.4999996101834976 0.5000001141468203 
0.25338500593312974 0.5000023769054647 0.4999998152004876 0.5000071306147775 0.4999490889581985 
0.2559054109360226 0.49999999908122555 0.5000000444764081 0.49999997718832256 0.500000011300296 
0.2584087122490834 0.49996028253743924 0.500028415501659 0.5000675330875861 0.4999435885039886 
0.26094734665762775 0.5000000333323988 0.49999931404056297 0.5000000558099973 0.49999977404417106 
0.2634763054001093 0.49997350488572184 0.5000000032363533 0.5000026053226687 0.4999993850565476 
0.26602485912735435 0.5000000052392576 0.5000000033730267 0.49999995079492743 0.4999999991050216 
0.26852145077715694 0.49999948355861523 0.5000138608848756 0.5000697700126401 0.500151198662498 
0.2710906088572576 0.5000017085525355 0.5000285700529531 0.5000695735805898 0.5000078347449379 
0.273642734108029 0.4999988651966254 0.5000020741463777 0.4999885968968069 0.5000076509546987 
0.27621033011751794 0.49999997130476614 0.5000000007523974 0.5000006778100102 0.4999999594433011 
0.2787574572306727 0.49999998993918676 0.49999999796676675 0.5000000001435372 0.4999997819372122 
0.28133040854384633 0.4999999820016078 0.5000000179982724 0.5000000013026783 0.49999999663063893 
0.28391119647862273 0.4999999998486521 0.4999999697305343 0.5000000021390131 0.4999999990353047 
0.28646117362172896 0.4999932729845048 0.500028738002743 0.4999995845698369 0.49999988990048994 
0.289043969499003 0.4999999998219539 0.5000000115890513 0.500000000211595 0.5000000042486328 
0.2916330198507751 0.5000000305500336 0.500000000875005 0.49999999997347533 0.5000000023391165 
0.29423317359181167 0.5000000007390532 0.4999999995287423 0.5000000001648953 0.49999999900453773 
0.2968131752236056 0.4999999869806154 0.5000001300192395 0.49996273598558066 0.4999966876042321 
0.29944323207105034 0.5000000021890312 0.5000000004898164 0.4999999994142707 0.4999999985380866 
0.3020315174271586 0.4999999998442718 0.5000000001874192 0.500000000884853 0.5000000081938489 
0.30464188423476374 0.5000000019539221 0.5000000111674716 0.4999999998095835 0.4999999985018198 
0.3072568127413051 0.5000000027196044 0.5000000108278766 0.5000000006563861 0.49999999900645664 
0.3098829869238305 0.50000000062992 0.4999999991559644 0.5000000000495703 0.5000000037782337 
0.3125035767852028 0.5000000001876371 0.5000000113036195 0.5000000002303596 0.5000000115038755 
0.31517403681856504 0.5000000024352409 0.5000000106624756 0.5000000007284833 0.49999999851473054 
0.3177968986131441 0.5000000016421909 0.5000000110349615 0.4999999998167154 0.4999999985280425 
0.3204488668047631 0.5000000009256019 0.5000000043511788 0.5000000001982564 0.5000000086351083 
0.32309442669127286 0.5000000016425932 0.50000001137899 0.5000000008258085 0.49999999750875734 
0.32575712621984876 0.5000000015998494 0.5000000110294915 0.5000000003432321 0.5000000038926 
0.32845949453725065 0.5000000002035434 0.5000000001386724 0.5000000002182418 0.5000000023754011 
0.33112777427639856 0.49999999978936877 0.5000000001631054 0.5000000000866085 0.4999999992173647 
0.3337980420062431 0.4999999997956337 0.49999999996870526 0.49999999980891113 0.49999999920450106 
0.3364981825885855 0.5000000021876235 0.5000000006341072 0.4999999924995007 0.500000011418989 
0.3391973678872286 0.5000000017766618 0.5000000111616619 0.5000000008821004 0.49999999775299797 
0.3419109217982104 0.49999999988664706 0.49999999918136057 0.5000000009897819 0.5000000039849892 
0.34461830671769167 0.5000000025569091 0.5000000012150844 0.5000000000661042 0.5000000041484635 
0.34732985261937394 0.5000000021876235 0.5000000006341072 0.49999999231427955 0.500000011418989 
0.35005317685134646 0.5000000009276954 0.4999999999948827 0.5000000013482105 0.5000000038609019 
0.35280656686985623 0.4999999952273717 0.5000000001335072 0.5000000002044697 0.5000000040845944 
0.35555780968651796 0.5000000017147054 0.500000000303759 0.5000000002475045 0.5000000024696942 
0.3582949786868764 0.5000000105625643 0.499999947460397 0.4999999985404282 0.500000004879219 
0.36105439027614095 0.4999999998096826 0.5000000001234672 0.5000000002218743 0.5000000039903447 
0.36382384404166646 0.5000000008689639 0.5000000004936407 0.5000000013538819 0.5000000024674779 
0.3665833633541918 0.5000000017153092 0.500000000196543 0.5000000002347642 0.5000000038193834 
0.36938658239793964 0.49999999984424226 0.5000000001788265 0.4999999966191473 0.5000000039857727 
0.3721646973804407 0.5000000015955034 0.500000001228297 0.4999999999357614 0.5000000040819668 
0.37496243246515293 0.5000000017310571 0.4999999992798271 0.5000000008810482 0.5000000041209416 
0.3777832883156008 0.4999999999886246 0.5000000001733022 0.5000000015698874 0.5000000040252777 
0.38059139921147356 0.5000000007601216 0.5000000007218132 0.5000003143656122 0.500000008632729 
0.38341389898997097 0.5000000006363461 0.5000000001873521 0.5000000040761966 0.5000000030729803 
0.38624997389686466 0.4999999999886861 0.5000000001862015 0.5000000015668576 0.5000000037976096 
0.3891041170600364 0.5000000006698452 0.5000000002291457 0.5000000016236026 0.5000000045132688 
0.3919499690988794 0.5000000017102787 0.5000000003042806 0.5000000002269755 0.5000000024708767 
0.39480084133278737 0.5000000017182431 0.500000000164187 0.500000002329815 0.5000000029000586 
0.3976682796612737 0.49999999984751503 0.5000000015209634 0.5000000006403859 0.5000000044017799 
0.4005566181417922 0.5000000016685682 0.500000000464988 0.500000002055673 0.5000000041124426 
0.4034385869750982 0.5000000017153092 0.500000000196543 0.5000000002347642 0.5000000038193834 
0.40634299950354363 0.5000000016670202 0.5000000001782174 0.5000000015562298 0.5000000039537562 
0.40925023945234446 0.5000000017633585 0.5000000001699332 0.5000000015268155 0.5000000052329056 
0.41215950027900894 0.500000001765767 0.5000000000684331 0.5000000020506994 0.5000000031143981 
0.4150785339364353 0.5000000017535031 0.5000000017481014 0.4999999971855899 0.4999999987593423 
0.41801775354251547 0.4999999999963422 0.5000000026850848 0.5000000015738887 0.5000000030874073 
0.4209613556908176 0.5000000007068324 0.5000000008317277 0.5000000018000107 0.4999999996180931 
0.42393062607383214 0.5000000017193826 0.5000000006025902 0.5000000015076553 0.5000000082983602 
0.4268754908853704 0.5000000006830913 0.5000000008289206 0.5000000016566294 0.5000000044591991 
0.429855970787201 0.49999999936109546 0.5000000006057327 0.5000000020527119 0.49999999867781747 
0.43286410117516544 0.5000000017680596 0.5000000007888901 0.5000000000245604 0.4999999986852721 
0.4358555204564801 0.4999999989275296 0.5000000006207597 0.5000000010233531 0.49999999856262056 
0.43886810207930593 0.49999999983404636 0.5000000110510971 0.5000000015039713 0.5000000029338773 
0.4418956667239294 0.4999999852794969 0.5000000014918088 0.5000000005251836 0.5000000043409796 
0.44491251169832496 0.49999999983284155 0.500000000788208 0.4999999997462842 0.5000000039019812 
0.4479352275531358 0.49999999978073656 0.5000000002115127 0.5000000020606241 0.4999999996358539 
0.4510028096562872 0.4999999853741689 0.500000011050701 0.4999999928282435 0.5000000043846811 
0.454059664816971 0.5000000000179152 0.4999999995781845 0.500000002159947 0.5000000046516143 
0.457131244500344 0.4999999989291556 0.5000000026720705 0.5000000009875333 0.5000000028845893 
0.4602446084627879 0.5000000003926712 0.5000000027145065 0.5000000015748114 0.5000000031113899 
0.4633227199693395 0.5000000157448935 0.49999999962235814 0.5000000043690201 0.500000003207832 
0.46642868688192773 0.4999999993609067 0.5000000022764756 0.5000000020355041 0.500000004579181 
0.46956834997120467 0.5000001131284983 0.5000000022734472 0.5000000020017852 0.49999999853272215 
0.47270582933149485 0.5000188378653697 0.5000124646277355 0.4999951933700624 0.5000042900685753 
0.47585996101904937 0.5000186971208741 0.5000143518295278 0.49997429669960164 0.4999102704055262 
0.47901079131478974 0.5000171744361684 0.5000628704100245 0.49999899446493706 0.499976017982262 
0.48219866940457723 0.5000179985056293 0.5000007670556592 0.5000966988143406 0.4999423006533465 
0.48536369894272097 0.5000000292652558 0.5000002124114957 0.5000000976694784 0.5000000111124352 
0.4885689579590866 0.5000184936944626 0.5000277123016509 0.49999612641201335 0.4999305211177954 
0.4917702603105558 0.5000204605600429 0.49999994813218157 0.49999612211933403 0.4999977236491819 
0.4950071094259675 0.500017287971048 0.500031751591323 0.49999621825285756 0.4999434467109008 
0.4982645314091531 0.500018405480419 0.5000139638754485 0.5000967186334957 0.5001384677009417 
0.5014941418877514 0.5000175244259832 0.5000284701892707 0.4999960229989152 0.4999427386167963 
0.504774109856353 0.5000173338448454 0.5000126566793653 0.5000945644132944 0.49992065432942306 
0.5080498472752036 0.5000018587093967 0.5000329707073521 0.5000945829586484 0.4999227716907442 
0.5113385765814471 0.5000008384198226 0.5000327152308657 0.4999869231951731 0.49992277615562597 
0.5146419773852073 0.499999219135542 0.5000125807790868 0.4999922938506221 0.49992310226079417 
0.5179603719571714 0.5000171260240511 0.5000282337010115 0.5000031154958491 0.4999754402380241 
0.5213012773898117 0.5000186943156609 0.5000643182177056 0.49997744663453664 0.49994251511280685 
0.5246605858683007 0.50001821096374 0.5000283836518825 0.5001076378747431 0.49991945782579655 
0.528016275783852 0.5000183853647329 0.5000296651032133 0.4999989731006115 0.49995343799465314 
0.5314013630353138 0.5000189822240733 0.5000277346287394 0.5000007338268503 0.49991493244876184 
0.5347880125885827 0.4999988397605619 0.5000001817969937 0.4999960214391613 0.49999665242173386 
0.53820838908279 0.5000179761420563 0.5000297355012406 0.49998461329696736 0.49993308407868836 
0.5416346897176795 0.5000196321801855 0.5000329882233826 0.4999990090493502 0.4999201416179564 
0.5450570889960195 0.5000000011429327 0.5000000003098748 0.500000003130959 0.5000000047274051 
0.5485422951465209 0.49999456102754114 0.5000272300211777 0.5000950136250608 0.49991862108498336 
0.5520066796573316 0.500017313736081 0.500028938744081 0.4999438821540053 0.5000064372744755 
0.5555028211620029 0.5000193065004911 0.5000340252356126 0.4999814503604823 0.49992156469674387 
0.5589889176698004 0.5000000946293369 0.5000008277145411 0.49999851676648394 0.5000001810947109 
0.5625167093225575 0.49999953933064684 0.5000120640354462 0.4999994879415145 0.5000004428661659 
0.5660604576866715 0.500000689309422 0.4999995006781189 0.4999989777520339 0.5000005639990028 
0.5696355579407785 0.5000175819673516 0.5000210233940746 0.499947212791061 0.4999301259340918 
0.573200917608688 0.49999876709253976 0.5000297285458986 0.4999994799284801 0.49995316682570523 
0.5767892813964743 0.5000000107635956 0.49999999950273205 0.49999992379522845 0.5000004178959008 
0.5804028040775969 0.499999939915197 0.5000039793945851 0.49999954514032563 0.5000001023154453 
0.5840291013465119 0.5000000059073981 0.500000083421462 0.4999999226058257 0.5000004224905165 
0.587682571563446 0.5000007701933653 0.5000042681097102 0.49999992150765 0.49993034230577194 
0.5913380637310454 0.5000000177090373 0.5000000999085997 0.49999989580672155 0.500000110067433 
0.595044850961255 0.49999449054636314 0.5000298529777653 0.49998326860649495 0.49987437791132067 
0.5987267736637845 0.5000000181998411 0.5000001425127842 0.4999999460815634 0.5000001100670425 
0.6024561156793564 0.4999954112473468 0.5000512457691583 0.49994455208587935 0.4999980744117154 
0.6061924088608369 0.5000179503180741 0.5000311534272424 0.49998300373186205 0.5000001381458609 
0.6099626267834256 0.500000031952371 0.5000138780277898 0.5000002268594402 0.49991542866945676 
0.6137320198016053 0.4999670306330693 0.5000292984157474 0.49999151200320213 0.49999860933578205 
0.617568093553848 0.49997278773865583 0.5000510033886155 0.4999503745222109 0.4998805432928526 
0.6213520327846932 0.4999954584327708 0.5000051165547823 0.4999913249931752 0.49999410632438707 
0.6252071160119866 0.4999998772188246 0.5000296650479807 0.49998362968488147 0.49991581000533136 
0.6290630580855855 0.4999724271848618 0.5000280421553974 0.4999826990960742 0.49995132965959005 
0.6329442538128714 0.5000001397518206 0.5000288405834502 0.4999992172986948 0.4999397893860978 
0.6368486082808074 0.5000000538143314 0.5000505981389685 0.5000042186307363 0.4999603321584529 
0.6407700497490261 0.4999955447351131 0.5000044533127694 0.4999826749652498 0.49999787900640097 
0.6447275468849353 0.4999602194194687 0.5000222030121806 0.4999829963833232 0.4999428313428193 
0.6486908118646891 0.4999667901107228 0.5000292907804316 0.500002408888204 0.49999867064376374 
0.6526853668124751 0.49999629861837935 0.5000228744965773 0.4999839196496082 0.49994142704934447 
0.6567062211926491 0.4999695300688665 0.5000067688235516 0.5000765502514402 0.5000011700793902 
0.6607312941494048 0.500000004185047 0.49999996634054295 0.49999997153286735 0.5000000828545336 
0.6647964670651366 0.4999999920044786 0.5000019612199865 0.5000043536676061 0.4999980275220358 
0.668885639550308 0.5000000880160694 0.4999999940519817 0.5000000967416982 0.49994756659744055 
0.6730058882312058 0.4999601116189208 0.500022240249439 0.49998259718681437 0.4999427822560498 
0.6771200992441255 0.5000000644389072 0.4999999646693947 0.49999988588038585 0.49999994485888855 
0.6812824520644277 0.49999901677904907 0.5000063507026925 0.4999987571500366 0.5000029591416174 
0.6854688717055134 0.5000000018620181 0.4999995459627972 0.500004787105784 0.5000001859913802 
0.6896896373539423 0.4999664572723084 0.5000012374054669 0.4999790043913869 0.4999457554964001 
0.6939329901510809 0.4999672203159683 0.5000068092526522 0.5000854095114899 0.49994654191250637 
0.6981875011656247 0.4999654838869778 0.5000317458428659 0.49999974454010593 0.4999403335957234 
0.7024440568284944 0.5000000827578926 0.49999996350636533 0.4999998411983341 0.5000000792324223 
0.7067853708014827 0.49996577644458484 0.5000317704554651 0.49997786296456875 0.499945907538169 
0.7111272730196073 0.49999286674367954 0.5000308671892463 0.4999997132468203 0.49994278573494555 
0.7154857451259928 0.5000000716544395 0.5000221767446223 0.5000042635778934 0.5000017105821959 
0.7198931296181861 0.499967251362435 0.5000219579561793 0.5000023955511455 0.49994623033279795 
0.7243130355131997 0.5000003308164805 0.5000217286116182 0.49999857956243715 0.49994575426430754 
0.7287679066895881 0.4999659854264013 0.5000315525802003 0.500002406240868 0.49995481490029 
0.7332492859935203 0.4999662168495784 0.5000317488979192 0.500004940876685 0.5000093300120231 
0.7377613914724719 0.49999188112686166 0.5000303528627719 0.5000068649453157 0.4999544624915398 
0.7422751303088498 0.5000000704421165 0.5000000007602162 0.5000000054370578 0.5000000817290223 
0.7468813135627155 0.49996503365323675 0.5000132178830378 0.49998761663958335 0.49994003356382766 
0.7514720260470112 0.49999975839949135 0.5000001570193197 0.5000000080070476 0.5000000160341105 
0.756117366530998 0.49996225703793107 0.5000158619902054 0.4999997333157253 0.4999482583025046 
0.7607655689415442 0.5000001983003544 0.5000000017074433 0.4999999870765919 0.5000000735925778 
0.7654841186222796 0.5000000535170751 0.5000061717091343 0.5000459941826642 0.49994641651319943 
0.7702066645970941 0.4999914136710139 0.5000322013998517 0.5000057366121144 0.5000000837247742 
0.7749605700590779 0.5000000739819481 0.5000000017303339 0.4999999908422683 0.5000000037470507 
0.7797711476246818 0.4999920495579503 0.49999548959556034 0.500005617547705 0.49998144315230575 
0.7846059628843758 0.4999918257452895 0.5000142380284763 0.5000004631374663 0.4999464431400822 
0.7894602507936639 0.5000000703094921 0.5000000018095332 0.4999999895704451 0.5000000036927073 
0.7943525084345254 0.5000000703094921 0.5000136129077939 0.4999999895704451 0.5000000036927073 
0.7993174998386622 0.4999650069068688 0.5000324356112211 0.5000004576991638 0.4999465447466326 
0.8042831559192228 0.49999447828850674 0.5000003494617572 0.5000049100239898 0.5000001330195761 
0.8092937452792486 0.499991354156267 0.5000277718019464 0.49999999544124124 0.5000000022417109 
0.814343002053778 0.49999476611992344 0.5000128829196094 0.4999842571963098 0.49997998421148415 
0.8194312398000059 0.4999913124698412 0.5000281875357335 0.4999839383288394 0.4999802122984442 
0.8245391636449522 0.5000000018041291 0.500000000856515 0.500000018653884 0.5000000088929497 
0.8297222401890629 0.4999956757334116 0.5000321470122346 0.5000049953676903 0.4999796937693482 
0.8349321052460629 0.5000004070241499 0.50000089648887 0.5000044554837477 0.49994114497113556 
0.8401790771315957 0.5000001375737682 0.49999991363345453 0.49998423638226963 0.4999440116575911 
0.8454502381766 0.5000000018533163 0.5000000030413903 0.4999999958842521 0.5000000438837895 
0.8507972456336825 0.5000000739246931 0.5000301895484873 0.4999842320529182 0.49994457353760957 
0.8561569758381166 0.49999999935041645 0.5000000274341095 0.4999849697280211 0.4999795841254443 
0.8615566560141041 0.5000000549643532 0.5000001414955043 0.4999999176081773 0.4999968980386996 
0.8670226202986485 0.49999998911827986 0.5000000344696777 0.5000000030349717 0.49999991075938716 
0.8725222912610248 0.5000000052397703 0.5000001608097715 0.4999999889962133 0.49999999431460496 
0.8780838629794071 0.4999999979474599 0.5000312823406855 0.5000049978179628 0.5000005947940726 
0.8836758883727578 0.4999996025462234 0.49999858308039524 0.5000042173133518 0.49999740448522817 
0.8893169364038336 0.49999999825755276 0.499998910250033 0.499999715335236 0.5000000097947198 
0.8949913072873965 0.500000001997199 0.49999998484863734 0.5000000142461386 0.5000000147471374 
0.90073843644637 0.5000000214279997 0.5000000011680187 0.4999999960087318 0.5000000009651756 
0.90653898477954 0.5000000030461412 0.49999998819481806 0.5000001689398259 0.49997745622206047 
0.9123696084347872 0.5000000013318772 0.49999997791313 0.5000000208210164 0.5000000007309149 
0.9182689345204733 0.4999996241805925 0.5000132370516025 0.500004037138154 0.5000000213452814 
0.9242098603651846 0.5000000017292091 0.499999984543262 0.5000000024676452 0.5000000016932163 
0.9302381948222501 0.500000133335983 0.49999884496720726 0.4999999486245691 0.5000893911663331 
0.936270847658665 0.5000000225736619 0.4999999844713503 0.4999998864272069 0.4999457494920078 
0.9423682401442147 0.5000000218775751 0.5000000328192437 0.5000047546222514 0.49999727983098097 
0.948516238940247 0.4999999978987997 0.499999994879729 0.4999999002952694 0.500000016042663 
0.9547534800674528 0.5000000024204211 0.5000124299312395 0.49999913787691236 0.4999755377181183 
0.9610257347467688 0.4999999971326509 0.49999999472123197 0.5000000049963534 0.5000000007299333 
0.9673647607929996 0.5000000011418121 0.5000000165616687 0.500000016366911 0.5000000178102775 
0.9737509567530789 0.5000000030443517 0.5000000382558645 0.5000000039639018 0.5000000032574894 
0.9802450408925543 0.5000020696571087 0.500005279387323 0.5000047910352353 0.49993923909106014 
0.9867076028894369 0.4999999987316431 0.4999999947224287 0.5000000038432416 0.5000000007318678 
0.9933473188842735 0.499999995132911 0.5000324005666005 0.49999994477025644 0.5000004719260149 
0.9999999999968007 0.5000000017287888 0.4999999916173369 0.500000013365057 0.5000000159349988 
