0.0015493585104883502 0.9730104097567327 
0.0033951467955746256 0.9684465492079161 
0.004106337918393917 0.9681801944653704 
0.004095763117331543 0.9681804811156173 
0.1508360139014035 0.9608185362444106 
0.15086589843437415 0.9605677153076322 
0.15083439500066223 0.9608289227594431 
0.15177498383123955 0.954288494045046 
0.15377359263815693 0.9401691982745357 
0.15572313483350106 0.9260752088043471 
0.15760618740507526 0.9122298752952593 
0.159391985735219 0.8988726770921187 
0.16114589836785134 0.8855481592188207 
0.16284624407591958 0.8722969183520692 
0.16451398096058772 0.8592233788190649 
0.1660865175740983 0.8467445311823026 
0.1676687408863974 0.8340832463636333 
0.16917018273093334 0.8218800551089622 
0.17061505263726803 0.8099720711373968 
0.17209387608211163 0.7977509947951464 
0.17345724101547141 0.7863765729464507 
0.1747968409041299 0.7750665979716969 
0.1761369513598591 0.7637354218781488 
0.1774180065565888 0.7528310931773788 
0.1786834398812329 0.7419478610555841 
0.17991367265075475 0.7313682695859933 
0.18112750648799233 0.7208882999777781 
0.18228525698634898 0.7107281755419734 
0.18342981347791892 0.7007468937205305 
0.1845561908934335 0.6908668487055138 
0.18565527000170762 0.6812047605097602 
0.18672542153611682 0.671749518516428 
0.18778510690719533 0.6623693008126702 
0.188802010282126 0.6533388283608965 
0.189821841097684 0.644271652633375 
0.19082598552651153 0.6355820685062535 
0.19176778550345275 0.6269436141140541 
0.19273562325304575 0.6182680311364248 
0.1936520676731823 0.6100597026133114 
0.19455933440312514 0.6019284387501034 
0.19545902462680598 0.5938813000716664 
0.19634228328315648 0.585964730427285 
0.19719504700169005 0.5782985372781387 
0.19805272485265699 0.5706213271044832 
0.19888607730363614 0.5631291341385721 
0.19970339276434995 0.5557948951494163 
0.20003316843019528 0.552820052004943 
0.3782500004927139 0.5528115610309728 
0.37868308860957545 0.549254601030991 
0.379468361764066 0.542806902542785 
0.3802321356659186 0.5364597378731426 
0.3809901115254116 0.5302018640037394 
0.3817375073719939 0.5239627907748715 
0.38247085855932816 0.5178669283737818 
0.3831922509351195 0.5117907152541836 
0.3839038840743204 0.5058401973994205 
0.38461353483167227 0.4998454192202091 
0.3853111326175643 0.4939643697236632 
0.3859998025255885 0.4881497102551015 
0.38666533052773056 0.48249353366456144 
0.3873299711958961 0.47683065811969455 
0.3879881004062151 0.47124121051917833 
0.38863878452873224 0.46568490110659966 
0.3892886738673694 0.460150576934601 
0.3899289327281745 0.4547046203897866 
0.39055122906472917 0.44939303505719574 
0.3911644754523655 0.44413687629389087 
0.3917736232244552 0.43884881546573024 
0.39237427328175456 0.43369679062917665 
0.3929696805935153 0.42858115417449116 
0.3935591420098358 0.42352654965801845 
0.39413913104644765 0.4185010793300639 
0.3947152790707098 0.41354290444938724 
0.395281686185992 0.40863535055650657 
0.39585105078473454 0.4037441454145967 
0.39640632361682626 0.39898336267403517 
0.3969541140504286 0.39425699337723596 
0.3975063190099954 0.38944151952754075 
0.398041363854907 0.38491863948338495 
0.3985725473502329 0.3802292997947143 
0.39910408582078427 0.37567960091762714 
0.3996210446209809 0.37116448770675803 
0.4000323545913602 0.3675789336128409 
0.5834837639765351 0.36471075335568204 
0.5834948882659476 0.36462629933475266 
0.5840825364302735 0.35986520654636744 
0.5846487176911113 0.35512011076580674 
0.5852184035955299 0.35039126780597285 
0.5857685641660727 0.3458201866919342 
0.5863237864221714 0.34119523398835533 
0.5868719826946521 0.3366382718994861 
0.5874109018333328 0.33212682261913135 
0.5879475917029534 0.3276506854563938 
0.5884866806080707 0.32314561330529923 
0.5890108598188749 0.31874664478801 
0.5895311746809059 0.3143756624308758 
0.5900486329935248 0.3100433480947774 
0.5905641394154152 0.30571842826071977 
0.5910580883402649 0.3015346772803175 
0.5915711606833095 0.2972071150006783 
0.5920614969223708 0.2930554378167892 
0.5925590819078822 0.28887379941507213 
0.593049467286076 0.2847448188872259 
0.5935286102717333 0.2806733595164617 
0.5940118891076546 0.2765970660375593 
0.5944800460340558 0.2726329141920675 
0.5949478993900381 0.2686502933311306 
0.5954242067163408 0.2646156737806904 
0.5958872061300351 0.2606882792576986 
0.5963462632997305 0.25679597149320166 
0.5968052782797961 0.2528758579947013 
0.5972561700865067 0.2491191623130104 
0.5977088621870601 0.24527279442859917 
0.5981489727464342 0.24146840219204008 
0.5985890559546714 0.2377779673742535 
0.5990248294720619 0.23403068707974026 
0.5994586963971864 0.23033546838714647 
0.5998914271947168 0.22666111800650676 
0.6000341384900667 0.22543967678942647 
0.7860190319208546 0.22266887383280093 
0.785873154695657 0.2238753615334581 
0.7865170070549741 0.21858504457222455 
0.7870367368812214 0.2142950045718361 
0.7875201232056519 0.2102928859852911 
0.7880189655489661 0.2062046897296867 
0.7885161345260469 0.20213337054487945 
0.7890004174138558 0.198067577937708 
0.7894785307232982 0.1940565804055186 
0.7899550332317884 0.19011398065429883 
0.7904201905127397 0.18625684153215086 
0.7909013940536668 0.18227203970160255 
0.7913569145540581 0.17846415121045822 
0.7918185643420111 0.17460524233500585 
0.7922842736239234 0.17069466400202357 
0.792739309457453 0.16687578204919504 
0.7931939407069949 0.16315402412245678 
0.7936439865282542 0.1593885523331559 
0.7940846526827932 0.15564464308533088 
0.7945286102821971 0.15196779712446917 
0.7949610128099693 0.14827617462651252 
0.7953988152722723 0.14460751036605182 
0.7958399535882867 0.1409237592854308 
0.7962515963858372 0.137412477049946 
0.796678071387555 0.13383924578892037 
0.7971074796642793 0.13030744074888007 
0.7975319331354593 0.12675426832804862 
0.797934428807812 0.12326914511536588 
0.7983512046569803 0.1197723490936328 
0.7987756514434758 0.1161935719860354 
0.7991717445794442 0.11287328363433576 
0.7995784759540323 0.10946919137306986 
0.7999819083812447 0.10607034917154085 
0.8000334928159957 0.10560693424602866 
0.8000334099291316 0.10560749041740716 
0.9901426519660018 0.08248645403309854 
0.9905841647749055 0.07871999367551281 
0.9910623364389906 0.07482126065389266 
0.9915116261461214 0.0710541676750373 
0.9919566731040069 0.06738262521186268 
0.9924135212597825 0.06364688749720088 
0.9928570026160977 0.059915045576195744 
0.9933004224960614 0.05620768008560574 
0.9937452314681603 0.05253837042188381 
0.9941886016933333 0.04889062260302164 
0.9946188724684824 0.04522623904042771 
0.9950548803175855 0.041593196458003634 
0.9954780401676812 0.03809017930903798 
0.9959085780250597 0.03449298961192675 
0.9963481152269498 0.030928928507445625 
0.996751675811306 0.027506117012764463 
0.9971752333386135 0.02397916263188113 
0.9975910999297348 0.020467531642187477 
0.9980123904425526 0.016959399799185558 
0.9984148434638396 0.01357284916997675 
0.9988292227715889 0.010166497003140557 
0.9992340124440644 0.00677294088504248 
0.9996288769086356 0.003453240006121441 
1.0000443957838252 4.887629472898757E-5 
