0.24751350827656446 3.5392474938963487 
0.6530201310156737 3.1432081323174357 
0.6538551579295865 3.1372877622171367 
0.7722516491082714 3.0448637640208345 
0.8211898096881382 2.9480253644519605 
0.8415950703971417 2.9291435647061688 
0.905945976450506 2.296251939091891 
0.9379189749657176 2.268292470586414 
1.1944830733192622 2.181783255363304 
1.2084737764896762 2.1142405190813083 
1.2249517354332495 2.0348724327776915 
1.247176390739686 1.933930471749019 
1.2551167821376126 1.8616742707597833 
1.2641349718073385 1.7935039855338955 
1.268502964404017 1.7314483518225088 
1.2790408855883237 1.6705768481805219 
1.2977974474663396 1.5072796068484673 
1.306787109312138 1.4620918266226899 
1.3101608117504797 1.4046112455701087 
1.3159316236287304 1.3558118324231199 
1.3225371744752985 1.2999958840639325 
1.3359423194127271 1.2275636499967244 
1.4333633407548947 1.1347369416144009 
1.4354625251736086 1.1168727234116593 
1.4402613853583672 1.0760971600706104 
1.4449480101429908 1.0363909984643755 
1.4495821788780676 0.9979145639054527 
1.4539667515482884 0.9604403773950551 
1.4583510640683082 0.9237970924433818 
1.4626046576730665 0.8884732052239895 
1.4667770621945553 0.854024655321829 
1.470878587866017 0.8204192493991794 
1.4749184320240785 0.787578198839835 
1.4788701666054875 0.755722467583274 
1.482757945454781 0.7246610789895593 
1.48659930195595 0.6942597197175612 
1.4903620319230064 0.66477605847415 
1.4940919861416508 0.6358530705998635 
1.497769413610827 0.6076481209287904 
1.501396480632978 0.580145244589561 
1.5049899475676105 0.5532191976683263 
1.5085512708383915 0.5268620767939802 
1.5120532636485502 0.5012843426188963 
1.5155352143393896 0.4761730471963244 
1.518987418076752 0.4516137342769197 
1.522405152898433 0.42764783053690325 
1.525793392159695 0.40423322913427573 
1.5291882774729189 0.3811267678465592 
1.5325532558717805 0.35857600284006375 
1.5358930236400157 0.33655334589811126 
1.5392281457832497 0.31492335907055813 
1.5425479083565088 0.2937586774685055 
1.5458597383009587 0.2730139357926015 
1.5491691386698316 0.25265846937706027 
1.552473085741252 0.2327147806770687 
1.5557784612069694 0.21314531374896742 
1.559113631101716 0.1939417491390059 
1.5624118820901682 0.175052750671111 
1.5657302376028113 0.15658087866827589 
1.5690769668243916 0.13836547945336305 
1.5724393517296482 0.12047917224371407 
1.5758108558547672 0.10296405169333153 
1.5792221777676325 0.085672067583718 
1.5826536358739038 0.06871624041409806 
1.5861235244757184 0.052018903205538126 
1.5896163387853746 0.035667759460518526 
1.5931819838160748 0.01944862670859988 
