0.2330369388758791 0.06639280784211916 1.050095753861846 1.116553816883402 1.1814663808492623 1.2510862404852523 1.3170756969798862 0.4669047973911657 0.5331621717540138 0.5996615233741585 1.4999999985848453 2.779694039227465E-11 1.499999999912566 2.713093727484151E-9 0.9334660143406684 
0.5985862147610166 0.06728430244328878 1.0501489515940623 1.1154280334868996 1.1863044965269451 1.2502686172353061 1.3170502884060369 0.466503043505845 0.586645369654054 0.601333254627065 1.499999997979082 0.08367981126626889 1.4999999999483595 2.0825675776423675E-6 0.9325974174042001 
0.6018326298811767 0.0728909193305257 1.0501435555006142 1.1176937439328574 1.1861419167131162 1.241908171548526 1.3181509479811924 0.49035472613198033 0.586645369654054 0.5996829586805882 1.4999999990717994 0.001026517963210705 1.4999999985245123 0.09695807203100065 0.9331743351724585 
0.7069026508615353 0.06745739818756308 1.031899172611038 1.1150060227102363 1.18518784042515 1.223939445787519 1.3274192591624212 0.4095908343961879 0.5325064775678957 0.6004979340882429 1.499430515922557 4.532005578713001E-6 1.499999996956107 4.108405253765775E-6 0.932660963951952 
0.7324352644848733 0.06745794611049555 1.050081300086681 1.115081818138958 1.1895953401554347 1.2740840015815018 1.3161827142125697 0.4242879338139521 0.5329035605176782 0.6004907050031936 1.2312631741508442 6.454534385295437E-8 1.499999999162484 0.07990942398908635 0.9326608530644785 
0.7410667725883857 0.0673965109100142 1.0500048144607603 1.1150273720801203 1.1851606370058025 1.224407895343157 1.3167845519534593 0.426867314224815 0.5324944116424251 0.6004865815114824 1.218289404989832 4.558500782545969E-6 1.499999998346071 6.063450957584371E-4 0.9331703624598005 
0.8529590089313734 0.06744111253705996 1.05007978172216 1.1150803563443301 1.1839843734192304 1.25071796171277 1.3162609095015667 0.46618149370091694 0.5328739346667262 0.6004651542172197 1.4999999981852654 1.2205669615328031E-8 1.4999999992316972 2.7505632017960375E-6 0.9326592660439549 
0.8830619490347039 0.06744102759161759 1.0500797825632333 1.1101043956521732 1.183981451461561 1.2471151377003158 1.3161314042531678 0.4661816233573884 0.5328354573919685 0.6004650184465877 1.4999999979324086 9.244817426233715E-8 1.4999999992223296 7.587204006951853E-8 0.9326592381745406 
1.0497159345553946 1.072540587237573 1.0587068889615363 0.9864263358030401 1.2092955496614288 1.2471908929420863 1.341746198299171 0.44895159211025865 0.5328403010440383 0.6425030776258401 1.4991159199734556 6.831763745596131E-5 1.3617299747491738 4.5722859810605215E-5 0.9738984045987463 
1.0589834373006455 0.048423510842064796 1.0436962755230368 1.1063545341869934 1.15940476517421 1.2851403385097644 1.3881673771994927 0.4655227086402641 0.5331859017417805 0.6466472841283352 1.499836343914312 4.8170105623538545E-4 1.3604808708435456 6.707217826636409E-4 0.8880960397364159 
1.0700841256129106 1.0204838641490863 1.0232367916871508 1.1109229675446826 1.2016860561071767 1.2481176276733525 1.333673778107771 0.4774371602642904 0.5343297254183383 0.6426134168550452 1.4999807496710802 7.211265017036746E-5 1.3605585419201525 4.62216477356076E-5 0.9798424643336742 
1.0848774157711378 0.06348080621099345 0.9623299243670046 1.1111451377330532 1.2093417934748991 1.2522026156370256 1.3399939829032703 0.4649569995966864 0.5331833812726683 0.6425969324542941 1.4999898531890465 7.181518522291952E-4 1.3551000959536175 5.780063862999968E-5 0.8832881135370059 
1.0945184651996849 0.9779245335767451 1.0236203804011113 1.111086587036418 1.2016860561071767 1.2076402812816085 1.3314532588304606 0.4955371262830557 0.5343297254183383 0.6426122799582601 1.4999807496710802 3.1682193861380317E-4 1.3605585419201525 1.4719233795991416E-5 0.9798424643336742 
1.1043096691554748 0.9779245335767451 1.0232367916871508 1.1110877211383103 1.1771210213160794 1.2481176276733525 1.333673778107771 0.4774371602642904 0.5343297254183383 0.6426134168550452 1.4999807496710802 3.2448294386775323E-4 1.3605585419201525 1.4719233795991416E-5 0.9798424643336742 
1.1129905078324585 0.06348080621099345 0.9623299243670046 1.1111658015537482 1.2073751256478602 1.2844023630700168 1.3399939829032703 0.46501768091811024 0.5352236113064996 0.6426043071595072 1.4999693673541443 0.02850112676550743 1.3605603594716333 0.0010906049186082277 0.8860384395811417 
1.1231464265558497 0.06348080621099345 0.9623299243670046 1.1111658015537482 1.2072868724936108 1.2844023630700168 1.3396268211531324 0.46432419533917185 0.5352236113064996 0.6426043071595072 1.4999693673541443 0.0287691961148147 1.3605585966821803 0.0010798594251837312 0.886832597922554 
1.1524642183089386 0.9595973218706533 1.0459243251885488 1.189671040186862 1.1907376816418362 1.2997982890074478 1.35923070704028 0.46677547834349986 0.5353581650209461 0.6017189178496851 1.4999994656505704 8.902742945285408E-7 1.3596191660387928 2.2462216667862365E-5 0.9005371187748501 
1.162902903439377 0.866822908757397 0.9843265815480362 1.2463435029579846 1.1907330363774962 1.2969275499158162 1.3161118638350964 0.46648618699049105 0.5352501031814701 0.5830806611399659 1.4998650518662127 0.024679110479129254 1.3595611964999685 4.208944102839197E-4 0.932576107723483 
1.1759414985850738 0.06746081938227598 1.0516126375829928 1.188830837639356 1.1907376816418362 1.2997982890074478 1.2819049948149386 0.46677547834349986 0.5353602238576669 0.6017189178496851 1.4999994656505704 8.902742945285408E-7 1.3611883139995509 1.2340535155511384E-5 0.932215660627447 
1.189665256719548 0.06761787852804471 1.0460135213312216 1.1066681666013618 1.190746794730501 1.2500799447856799 1.3159869026761977 0.46677223482659547 0.5337722661112764 0.6000366935713575 1.4999998193231237 1.9546185208291597E-9 1.36834970243103 1.3168241190486714E-4 0.9327938254696911 
1.2092983406833733 0.009128413847745792 0.945430021313936 1.1066681666013618 1.4080610245256069 1.293486478577461 1.2868756857556394 0.4667356593907913 0.5329508398077824 0.6000353136699609 1.4999998193231237 1.1697510829607877E-4 1.4962296692478343 0.00979717996454232 0.9327938593695035 
1.2577243864863843 0.06746076356837086 1.0502202098342255 1.1923799688296113 1.2022233542319385 1.299911864390737 1.342739514778963 0.46668649785450267 0.5455959300045112 0.6017295636990989 1.499999978433457 2.2684726589130612E-8 1.499999885361079 4.656454627448323E-7 0.9326497100855872 
1.3495287863335925 0.06762000539408944 1.0500864834844195 1.115571521928825 1.1830707877474593 1.248186099667163 1.3160559505824667 0.4667382577185623 0.5331006202500305 0.5998482334499432 1.4999999511747115 1.897202268617895E-9 1.499999990215268 1.1351908567984135E-6 0.9329177185511944 
1.351505193115376 0.06746798602612321 1.0502700572884875 1.1155599328900645 1.1830711826306612 1.2476651115735753 1.3160059969703195 0.4666809440760315 0.5331951338246181 0.6000375582158095 1.499999978433457 1.239202753916872E-9 1.499999990187785 1.1133089974708257E-6 0.9326492189186151 
1.3560233797995698 0.06746380654375955 1.0500911328704607 1.1155714912325625 1.183071760295713 1.2481504597611106 1.3160705069052079 0.4668018624116536 0.533156548181954 0.5998291892405996 1.4999999510462048 1.897120571557356E-9 1.4999999902014085 4.4300862617321277E-7 0.9329211446063408 
1.3604358917548807 0.06752183253396347 1.0502699717572013 1.1155714633317217 1.183065801774406 1.2481562174177556 1.3152592591350007 0.46668298655643764 0.5331027068716417 0.5998517529710984 1.499999978389132 1.2391995362740479E-9 1.4999999902063657 1.1348259796452337E-6 0.9329423250667876 
1.3647332309605265 0.05526469106376816 1.0498696445010574 1.1155712262538857 1.1832369153894227 1.2481678019361295 1.4310819996899902 0.46671346401274066 0.5331618607572878 0.5998545424205656 1.4999999766571384 5.283843504522419E-10 1.4999999898948462 9.34572496031961E-5 0.9329555676564226 
1.3689270783492968 0.06752206632775817 1.0500839672941493 1.1155009845291228 1.1839784913299454 1.2475565487476843 1.3162357851141846 0.4666517209789572 0.5338362655382548 0.6000071678502906 1.499999956847553 1.891318260010811E-9 1.4999999903275216 2.7948004866133573E-4 0.9329189061456866 
1.3730550288148975 0.06754559181577577 1.0508316178570027 1.1166320626946287 1.1847305964200856 1.2505747071111195 1.317037363396337 0.466662089520275 0.5332290391582137 0.6000373723624616 1.4999998725212693 6.616575271202236E-11 1.4999999994928885 1.758368583992089E-8 0.9329358381179862 
1.3770583648698445 0.06760603761627712 1.049914988146955 1.1149399752359772 1.1831893921195036 1.2481155141434859 1.4213590023125031 0.46592697209191397 0.5339176595633173 0.6003708056762549 1.4999998925557914 1.2183645680953792E-9 1.4999999927622842 3.03425605627351E-6 0.9329380952758792 
1.3809882045895732 0.06752686806544386 1.0502826035640922 1.115464287996208 1.1834823055885753 1.2475120334112004 1.316524760265955 0.46672672718838754 0.5337967734019016 0.5998526935748222 1.4999999620563842 3.0023824682307427E-9 1.4999999899200662 2.894030415604107E-6 0.9330817294554243 
1.3848498441113868 0.06721110202179195 1.0498709495900078 1.115492604607406 1.1814585086489597 1.2504130953617576 1.3160399631237203 0.4666332618354925 0.5338409594009418 0.6003787957864776 1.4999998986906056 1.1283887186844786E-9 1.4999999900303709 3.0870910744319803E-9 0.9331420548442365 
1.3886534044573144 0.06723285749478386 1.0499141920790003 1.1154628796837904 1.1838638639775028 1.2481175043759343 1.3160323064722987 0.46719390660666593 0.5339355270958873 0.6003581626931248 1.4999999011666203 2.0745710438053868E-8 1.499999988743383 1.702680509544645E-7 0.9329399489600322 
1.392374011831872 0.0672352686268383 1.049869476454034 1.11494989189542 1.1837072548053877 1.2504131046238216 1.3156728112849396 0.4666061515834517 0.5336612823168659 0.600375249545692 1.4999998808639161 1.9756149790870745E-9 1.4999999891443914 4.06559300887027E-7 0.933173329691335 
1.3960343940166187 0.06720741867611177 1.049872044618723 1.1152482789302751 1.183176142833625 1.2476136864556955 1.317623303590879 0.4660587190644183 0.5338524659737142 0.600348007343612 1.4999998917447064 1.0737307908553302E-9 1.4999999230861754 1.581824296033883E-7 0.9326020649810948 
1.399651086537263 0.06721156944462268 1.0496427162255095 1.1170263754225997 1.1838253709800555 1.250413103534678 1.315670171853989 0.4671910899333933 0.5336612823168659 0.6003595013722287 1.4999998812707656 2.3663298667862636E-9 1.4999999890964628 3.5400675620991495E-7 0.933173329691335 
1.4031937344530143 0.06724033485938945 1.050282782894996 1.1154923879746217 1.1838967847056225 1.2480458663756084 1.3160527908390387 0.466101640110849 0.5338410508115915 0.6003610559346244 1.499999898958078 6.269723062486569E-9 1.4999999691302734 1.5881714461943207E-5 0.9331700533913411 
1.4067055319191308 0.06723148284379249 1.0499103849622269 1.1154163675770612 1.1838975691351357 1.2471581074139828 1.3160346461353052 0.4671068974216298 0.5339289745763208 0.600769544792996 1.4999999984367824 5.423830940723055E-9 1.4999999888303992 8.073410965991275E-7 0.9329386505570001 
1.4101678758578906 0.06746800879304798 1.0496449960811878 1.1170077446231252 1.1837717910689438 1.250294512764331 1.3183857181313583 0.4661159129664055 0.533658161294773 0.5996617141078805 1.4999999580375487 3.7145447220048176E-9 1.4999999978682057 9.83282246213385E-6 0.9331792113968957 
1.4135828010703742 0.06746758013758937 1.0497076705046293 1.1170093508312262 1.1839844051224475 1.2504219428081638 1.3165829994293434 0.46588586397887644 0.5339402933131826 0.6003424100039807 1.4999998877867362 2.0336409450863265E-8 1.4999999278582739 7.539215598421308E-7 0.9331525203759142 
1.4169660861579219 0.06741937605871427 1.0542940469948634 1.117009454719935 1.1837721230122924 1.2502134889074412 1.31525929480214 0.466115453153382 0.5339415659222322 0.6003171731063336 1.4999998875121505 3.921436645660958E-9 1.4999999981675678 4.6744874378968147E-7 0.9330760863215605 
1.4203191261526906 0.06746625861454365 1.0499834057598048 1.1155072699480433 1.1841506821467678 1.2494138185196182 1.316524525316367 0.4660961228959018 0.5339454638810878 0.600340041106871 1.4999997771620872 3.9487119564448614E-9 1.4999999869657372 1.2336913134486436E-6 0.9330695248464815 
1.4236150029216534 0.06737996164437686 1.0408647387367966 1.1155096115938572 1.183775522445768 1.2301618923337467 1.3186270757402934 0.4664614510913116 0.5336680208390376 0.6003449592572186 1.4991047274795783 3.255610873203595E-9 1.4999999866847145 1.0376559901825475E-5 0.932928415124769 
1.4268938209761302 0.06741936419649418 1.0496462117367624 1.117004689989085 1.184967660347555 1.2506892680549018 1.3674433048785026 0.46609959199809353 0.5339426645194948 0.6003431607027582 1.4999998878229506 3.9488720723975364E-9 1.4999999424776163 3.3887840066480296E-7 0.9330783303448602 
1.4301448822194944 0.06746655736885468 1.0501022055837823 1.1155113382310524 1.1839787626794274 1.2506646677822406 1.3165356251798994 0.466416082714663 0.5336680208390376 0.6003400662540744 1.499999873063232 3.012853698209671E-9 1.4999999966981967 1.0376559901825475E-5 0.9326302175660824 
1.4333627085348624 0.06639122060867651 1.0462045161646238 1.1155120972877806 1.1844729470500792 1.247587413928441 1.318387692197477 0.46689463762861383 0.5336534315947913 0.5996435906075861 1.499998177531254 3.6378003482641355E-9 1.4999999988987407 9.01268695848219E-7 0.9329193783490375 
1.436552776629978 0.06636527943625314 1.0462279934953376 1.115240727962649 1.1832400947072998 1.2477386586654247 1.3183883691764036 0.46643005218615924 0.5336880199133999 0.5997043489464978 1.4999968663432521 3.6395003618479563E-9 1.4999999980570546 9.052730005245458E-7 0.9331865625511849 
1.4397488638571005 0.06739295740977108 1.0499637590425615 1.1001003988523115 1.1816669533615587 1.2477639982803566 1.318604905869676 0.4659983871358567 0.5339425837905416 0.6003397245783639 1.4999998827704764 1.3187961895562133E-10 1.4999999424668091 1.5937277720906165E-7 0.9328900187304108 
1.4429172751101909 0.06630658009294119 1.0500855242405136 1.1151352493265239 1.1816706011935847 1.2477817526567268 1.3187813691135621 0.4664302056329174 0.5336880125310121 0.5996853487648767 1.4999997659041677 3.683314289545949E-9 1.4999999370494637 3.6341691759272533E-7 0.9331908991347101 
1.4460617083485814 0.06625355499724174 1.0499131258294028 1.115595508383591 1.1813700370362505 1.2506393028816665 1.315283536555362 0.46673796963726105 0.5339037197234598 0.5997531550393239 1.4999997119582733 1.8618604363922017E-8 1.4999999346378463 5.039027277793546E-6 0.9326031259763515 
1.4492017696071893 0.06631345917270212 1.048936023972139 1.1155936951425705 1.1814788068007218 1.250538958285106 1.3187502559351838 0.4668891790922955 0.5332226726771122 0.599646081342806 1.4999998136801587 3.104693081815039E-10 1.4999999893941542 8.853838440932624E-7 0.9329610422834413 
1.4523273614082044 0.06756453027599159 1.0475888298063016 1.116551836641259 1.1827082629643955 1.2483949231069529 1.3187537622368917 0.46613412686489597 0.5336880458801758 0.5996105993691153 1.4999999448046535 3.750413184810341E-9 1.4999999978174847 2.5620924145988136E-6 0.9329464014729162 
1.4554454897360505 0.06625355499724174 1.0490606483595948 1.1155955098819907 1.1813700370362505 1.2506393028816665 1.3152924615968924 0.46673796963726105 0.5339037197234598 0.5997531550393239 1.4999997119582733 1.8618604363922017E-8 1.4999999346378463 3.7977629458076434E-6 0.9326031259763515 
1.4585613354796212 0.06631501156168855 1.049030775390157 1.1156534423882318 1.1814002311445506 1.2506420619080045 1.3152428679465775 0.4667382291445824 0.5338481381363149 0.599646102992155 1.499999813643721 1.8380849350497078E-8 1.4999999893221956 5.341301701056064E-7 0.9331664222951755 
1.4616720381676394 0.0671998589100306 1.047406136576762 1.1166743005634938 1.183684639221474 1.2492848494348958 1.3183832962555435 0.4660935207428622 0.533844022755883 0.5995670681328635 1.499999938350627 1.7825184886433566E-10 1.4999999972065519 2.5950001823132114E-6 0.9327793396641101 
1.4647840930481422 0.06627875600032787 1.0508951311174393 1.1167519359567764 1.181422191853743 1.250636749569704 1.3163264867491333 0.46613130196778013 0.5331943644418659 0.5996397137718422 1.499999999435414 1.6748168962867396E-9 1.499999997747424 3.08697812359299E-6 0.9327855480817172 
1.4679001894669237 0.06719276737748271 1.0490796137052438 1.1151302953290665 1.1836089329851662 1.2521196127421677 1.3164484283407751 0.4661315705433009 0.533838896874692 0.600973126346888 1.4823705423665565 1.8366934362878742E-8 1.499999997681655 4.1008461828391295E-7 0.9327796905839062 
1.471028285939132 0.06719080299648271 1.1279107801019874 1.116746173539826 1.1832390693012214 1.2476014753066325 1.3163474132979558 0.46617106202243397 0.5338520723021871 0.6008835462164069 1.4999997883304352 6.102633100376808E-9 1.4999999962066326 2.574960139084397E-6 0.9327909874126803 
1.474153807390765 0.06716971377044408 1.0508344988512655 1.1166039716484992 1.1836546951406122 1.2476119707956426 1.3160559969647292 0.46605840864892784 0.5338523512838559 0.600363742403773 1.4999997874666378 4.941007475221433E-10 1.499999994649041 3.13424433456395E-6 0.9326619550701166 
1.4773047904387193 0.06627609037515135 1.0493423156354247 1.1155113772418543 1.18343103195856 1.2485346844526204 1.3163554408310847 0.4661362711985861 0.533848552858557 0.6008576757846937 1.4999997874720232 4.496430339337785E-8 1.4999999583485506 2.317206271762074E-6 0.9326012883955082 
1.4804705213232636 0.0671915222954557 1.0505118466783463 1.1165772492489106 1.1832604159344955 1.2482670296249596 1.3163585550714232 0.46692579470183726 0.5326571712558723 0.6004438358248524 1.4999997889353323 5.972161059659006E-9 1.4999999971033444 2.5579441888158235E-6 0.9326594163201274 
1.483644830500554 0.06717043897248749 1.049044682530976 1.1154277421126353 1.1836393543284425 1.250713958076278 1.3157351204096266 0.466131684789918 0.5338115256607104 0.6007476025431692 1.4999986283731968 1.9284165647175463E-8 1.4999999979637564 2.6585650398182874E-6 0.9326614636945068 
1.4868566269893566 0.06757802164801242 1.0491718035422288 1.1155421362522466 1.183230338329803 1.2476004123615618 1.3163545705124755 0.46616943122261595 0.533852080078649 0.6003595532794163 1.499999077358473 6.103024755609379E-9 1.499999996195412 9.431377787849013E-6 0.9327915413921397 
1.4900873844305322 0.06711761366316264 1.0464784156801985 1.1166495494618576 1.1833031269970675 1.2505644856030107 1.3163597869978536 0.4671178575916053 0.53305499514179 0.6007498423964486 1.4999990778536298 3.44861321543389E-8 1.499999996194492 2.66037678996343E-6 0.9327628141767654 
1.4933543341090156 0.06718515391026694 1.0508472260977957 1.1166046404308554 1.1832433888867135 1.2507089519400123 1.3163829019894941 0.4669522779948624 0.5330781379823168 0.6007436225584776 1.4999996460525369 3.664148299994425E-8 1.4999999973019138 2.7872599503103865E-6 0.932765797401074 
1.4966428584965539 0.0671847387703001 1.0491655383950604 1.1165768130869156 1.1834336092609328 1.248253946477954 1.3147720888324013 0.46693112192552255 0.533090634641503 0.6007170892733315 1.4999997869766106 1.7082419403426743E-9 1.4999999962714274 3.3224559099969866E-6 0.9326576305900682 
1.499999958542553 0.06716997172263776 1.0509166006187871 1.1154016752011655 1.1832254142569147 1.2505136734866222 1.3163588872205132 0.46687106094364805 0.5337118244360427 0.6007476025103596 1.4999997889079006 7.664712456310972E-11 1.4999999972355251 3.0999305868967957E-6 0.9327656395417651 
