3.5356129829363764E-11 0.5001022512290327 
0.006332251245736031 0.49384277709657254 
0.01267252335051029 0.48751345374312605 
0.018996241283618154 0.48118622185573506 
0.02532690304267703 0.4748586045402623 
0.03165750026695695 0.4685023683447696 
0.037974143362116464 0.4621875414137181 
0.04431850051859533 0.4558302093866835 
0.05065060630827951 0.4495066992201015 
0.056983158628189395 0.44317229836069233 
0.06330960946599694 0.436841513644562 
0.06965564017198801 0.4305263869749675 
0.07600068497567249 0.4241344403238105 
0.08231200999422657 0.4178433332647408 
0.0886249736888299 0.41148596332758774 
0.09496393979399544 0.40514899264420556 
0.10129695421139219 0.39883521629856666 
0.10762235603352019 0.39249167946756625 
0.11394945794998922 0.3861612631491 
0.12030831052254319 0.37982450635477527 
0.12662577304894737 0.3735333578216665 
0.13294680336657652 0.3671782457913409 
0.13927984032445584 0.36084488597225717 
0.14563971181265678 0.3545587580499766 
0.15193981584505653 0.34818553546409825 
0.15827089374106315 0.3418690130180925 
0.1646058761694038 0.3355206805542303 
0.17093345995216744 0.3292078533782033 
0.17725077767567107 0.3228740601120361 
0.18357599829208734 0.3165101102279603 
0.18993631032436012 0.3102596410264297 
0.19628012662868002 0.3039123780004906 
0.20261085560445474 0.29758087495084423 
0.20893731868803384 0.29125464147981633 
0.21527362605243297 0.28492035867522586 
0.22160383405080078 0.278592307860623 
0.2279940925062485 0.2723265122702119 
0.23426770206493017 0.26592717371023117 
0.24060169859406527 0.25959212003543614 
0.24690083684625636 0.25317903815138193 
0.25321683658170147 0.24686998972648622 
0.25964652814163064 0.2406689428867364 
0.26587391170571245 0.23422052993581693 
0.2721983852273728 0.22788843121919228 
0.2785318859851386 0.22155540104051322 
0.2849152943221959 0.2152775190005787 
0.2911808264744261 0.20890316007138077 
0.297583648851185 0.20261198677260478 
0.3039163638587176 0.19627465977166275 
0.3102444266971454 0.1899477581841526 
0.3165763316033176 0.18361573802093206 
0.322912900420025 0.17727930850590595 
0.32924992221524574 0.17094227929430658 
0.33557584272143376 0.1646164713748585 
0.34190008548477646 0.15829161291331226 
0.3482235624335156 0.15196222876388896 
0.3545688140234516 0.14562275957504428 
0.3608845382845471 0.13928998161798228 
0.36722788768480263 0.132965270428124 
0.373551475865551 0.1266227472399026 
0.3798772825712496 0.1202971121323619 
0.38620908535088794 0.11396513969123866 
0.39255870009909055 0.1076321579913525 
0.39889083690353866 0.10130568396936959 
0.40518340485709736 0.09497304420918241 
0.4115539155631896 0.08864267142310006 
0.4178804950937981 0.0823174696713159 
0.4242152305183814 0.07598096868627924 
0.4305347419792935 0.0696599602482471 
0.4368796678864566 0.06331331389574224 
0.44320875756725286 0.056985955755190505 
0.4494720996082446 0.05064117442608558 
0.45586688698650446 0.04432724140987579 
0.462203125525275 0.03799084126246767 
0.46853980308655924 0.03165346906781034 
0.47486499658192766 0.025326069519323955 
0.4811963865198233 0.01899622329938176 
0.48752193523921594 0.012669447930762526 
0.49385944917969893 0.006336514431639083 
0.5001924009660972 3.939421901472774E-9 
