7.069780177948459E-11 0.4999987380557692 0.500013505007078 0.49999342715050027 0.49998096015702215 0.5000211140179556 
0.012660070749078623 0.49999824144324906 0.5000135048860312 0.4999934224431403 0.49998084109372337 0.4999656968220718 
0.02533562300995487 0.49999851228611447 0.5000136374364695 0.49999342183039247 0.4999808340905443 0.49996415880829526 
0.037978623169612626 0.4999982077926582 0.5000134555210731 0.4999934245850335 0.4999809625390088 0.4999645334166404 
0.050635019725111474 0.49999922078903425 0.5000134552655623 0.49999336142673045 0.4999801604155514 0.49996451334704883 
0.0632947628421836 0.49999921612810766 0.5000135906423198 0.4999933613153974 0.49998007749651174 0.4999684930229396 
0.07592373529998793 0.4999982346237839 0.5000135274998507 0.4999933668673228 0.49998014080531955 0.5000318258434655 
0.08861064647550253 0.4999982129204246 0.5000135234821899 0.49999336671154954 0.49998015830056447 0.5000297020532015 
0.10126935215865877 0.4999992162836784 0.5000135235280275 0.49999336142131434 0.499980140929389 0.499968837873425 
0.11393089454876448 0.499999209851047 0.5000135935261844 0.49999363359147236 0.4999809788579349 0.4999685903177521 
0.12658096031507318 0.49999825101402806 0.5000134667868036 0.4999925506636283 0.4999801515438234 0.5000299425303875 
0.13926058193115146 0.4999992162972507 0.5000134671352132 0.4999936343532161 0.49998098990275724 0.49996451050680907 
0.15196030258855137 0.49999921769934935 0.5000135955458277 0.4999933604542967 0.49998096563730127 0.5000278670261247 
0.16457288941049572 0.49999915224289176 0.5000134670391948 0.4999936318252406 0.4999809793757435 0.49996855573093407 
0.17721062894075545 0.49999921491396804 0.5000134665374236 0.49999363439158434 0.4999809672665461 0.5000232105165261 
0.18988499123791433 0.4999991539953473 0.5000134246440474 0.49999363382915424 0.4999809674791068 0.5000236635548104 
0.202540368695149 0.4999992192670495 0.5000134709488855 0.49999360889370537 0.4999809792330253 0.5000274550101474 
0.21519563218354504 0.49999910342232196 0.500013425146521 0.4999936341793221 0.49998096748017323 0.5000238963891709 
0.22784846063600364 0.4999992162429406 0.5000134271176578 0.4999936590919514 0.4999809674287331 0.500023193183061 
0.2405527221223209 0.4999991752214361 0.5000134548244834 0.49999366083529295 0.4999809790991 0.5000275924432129 
0.2531709714636884 0.4999983233192762 0.5000136885340154 0.49999366069856965 0.4999809814664478 0.5000319286427287 
0.26582712381718315 0.49999921194227015 0.5000134557219325 0.4999933050835757 0.49998096200189507 0.5000260274231982 
0.2784902105436478 0.4999990857842597 0.5000134592655533 0.4999936603789446 0.49998094455206665 0.5000260348497495 
0.29116384912703347 0.49999908518492614 0.5000134593995903 0.49999366998903094 0.4999806304902711 0.49996241458586793 
0.30380346736539304 0.49999921190365837 0.5000136885291669 0.499993664349076 0.49998094387100095 0.5000260414660688 
0.3164532395877762 0.4999990851853269 0.50001346468921 0.49999367006439915 0.49998094455082126 0.5000288361124219 
0.3291284455033722 0.4999990858032283 0.5000134486556177 0.4999936699902221 0.49998094452501973 0.5000263961434396 
0.3417703264982162 0.4999990858719121 0.5000136885363078 0.49999366134272766 0.4999809318499645 0.5000289671211229 
0.35441306706488834 0.4999991182218435 0.500013679521153 0.49999366736397066 0.49998094366065987 0.5000259437429708 
0.3670887776414371 0.49999911812255826 0.5000137184154155 0.4999933230926947 0.49998093127417775 0.500016578600727 
0.37972380586334825 0.49999913869836754 0.50001369080608 0.499993293048222 0.4999809368401744 0.499962746404401 
0.3924091720930462 0.49999911277900233 0.5000136878204416 0.4999935739848007 0.4999809433578426 0.49996316387840456 
0.40506638400343364 0.4999991221563232 0.5000136865501628 0.4999937943827688 0.49998091928222366 0.49996324434816014 
0.4177142683739267 0.49999912213062125 0.5000136908167067 0.49999356920574844 0.4999809367378924 0.4999632439559619 
0.43038027770294607 0.4999984862261666 0.5000136126110297 0.4999937439970422 0.49998091937742106 0.4999629368207194 
0.4430338730802187 0.499998477138934 0.5000136879447232 0.49999374090381604 0.4999809149836379 0.499962673944745 
0.4556959883915127 0.4999990219982706 0.500013716514531 0.49999373667920977 0.499980830103217 0.4999485126258754 
0.4683528628754566 0.4999985179802108 0.5000133591051398 0.49999328607712573 0.4999809229514082 0.4999628000981286 
0.4810169371010987 0.49999905237553194 0.5000134911633944 0.49999355865263423 0.4999807799044044 0.4999630001744603 
0.4937228014773088 0.49999910630786876 0.5000133656914256 0.4999935784693657 0.49998077999852747 0.5000147921704675 
0.5063457449000105 0.4999991254034972 0.500013361008604 0.49999355865536316 0.4999809992757766 0.5000172478737811 
0.5189656190482047 0.49999905839025444 0.5000133609026685 0.4999935472609762 0.4999809854849422 0.49994889047412866 
0.531647404104308 0.49999912481919845 0.5000133622685635 0.4999935719389346 0.49998098102165556 0.5000193404187941 
0.5443022616783131 0.49999912465860513 0.5000133657514334 0.49999357192966754 0.4999809834378831 0.5000172287531912 
0.5569665400649375 0.4999991248183821 0.500013379104879 0.4999933320042535 0.4999809528898592 0.5000172317665947 
0.5696109314916126 0.49999875334821736 0.5000133450019538 0.499993545963474 0.49998098354549575 0.49996299060221855 
0.58226384829012 0.4999991248152593 0.5000133790957777 0.49999357781451953 0.49998094939702475 0.5000163277287066 
0.594934516931702 0.4999991246723571 0.5000133478732472 0.4999937438502469 0.4999809486648533 0.49996258107953223 
0.6076005955742595 0.49999875310784103 0.500013345515958 0.4999937387906778 0.4999809457566759 0.4999632226945528 
0.6202504478768903 0.49999852475913414 0.5000133353954046 0.4999936797539575 0.4999809488433276 0.4999630763834383 
0.6329095378124119 0.4999985094490411 0.5000133477937914 0.4999937402287725 0.4999809474912609 0.49996308768128606 
0.6455776292745942 0.49999851443875304 0.5000133472701619 0.4999936560947099 0.499980990174301 0.4999630605491797 
0.658246812368501 0.4999985246353528 0.5000133472725528 0.4999936583067963 0.4999809909793213 0.4999630603638834 
0.670893640834377 0.49999873280394574 0.5000133401962162 0.4999936723949777 0.4999809473492 0.4999630547093892 
0.6835381046501648 0.4999985092229316 0.5000133409758399 0.4999936560802254 0.49998094891511324 0.49996314983275164 
0.6961884335016723 0.4999987322832023 0.5000133264421251 0.49999361422754274 0.4999779044220493 0.4999657463586903 
0.7088660280152265 0.4999987320640397 0.500013336613355 0.4999936699444431 0.4999809016682827 0.49996317914461014 
0.72151723833288 0.49999873151043733 0.5000136872875931 0.49999364790608175 0.49998090164812925 0.4999657463226217 
0.7341721527544266 0.4999985488840354 0.5000136386647777 0.49999361422754274 0.4999808813410274 0.49996309891022656 
0.7468427172161444 0.49999873206257156 0.5000135273087604 0.4999936722380905 0.4999809004623903 0.49996572278967927 
0.7594896631930821 0.49999912025188403 0.5000135256302697 0.4999935716414698 0.4999809004703078 0.4999657033366425 
0.7721491152775014 0.4999991104890927 0.5000135620367945 0.4999936517243735 0.499980983868893 0.49996568176142225 
0.7848178225362712 0.49999913386671085 0.5000135050505214 0.4999936722911031 0.4999809624364967 0.4999632956005753 
0.7974682354995634 0.4999991249518378 0.5000135274490981 0.499993583139843 0.49998086839189093 0.49996259394295073 
0.8101133267670877 0.49999921065518477 0.5000135324231528 0.4999935682962801 0.49998083049320374 0.4999685075906499 
0.8227843337413061 0.49999913951447617 0.5000135295596145 0.4999936632162606 0.4999808250641543 0.49996259395324477 
0.8354302186935706 0.49999903451382527 0.5000135377895032 0.4999927207323806 0.4999807814156141 0.49996260692759353 
0.8480976688605528 0.4999991202862073 0.5000135389807219 0.4999935745346111 0.4999808953934164 0.49996262946095404 
0.8607343101835603 0.4999990345527731 0.5000135399990121 0.49999272073012496 0.49998078148069436 0.4999630521330766 
0.8734222266171039 0.4999990091614787 0.500013538722896 0.49999366196265665 0.49998090209098756 0.49996305212819786 
0.8860724549112631 0.49999904999639694 0.5000135397535593 0.49999272214468815 0.49998071222083884 0.49996308594974576 
0.89874059127131 0.4999992171083882 0.5000136086535082 0.4999936634995544 0.4999809660835323 0.5000236405447692 
0.9113799245265259 0.4999990502840088 0.5000135309266321 0.49999266175739077 0.4999808819652336 0.4999630865931154 
0.9240477818906019 0.4999985294611676 0.5000135414513586 0.4999927447197909 0.499980932889062 0.49996308695633496 
0.936717523345573 0.4999986302776479 0.5000136951120574 0.49999369527996396 0.49998088237164656 0.4999630865877092 
0.9493672093811502 0.49999923763267967 0.5000136050807813 0.499993668781517 0.4999809081796895 0.49996333034767404 
0.962022183202091 0.49999863133301964 0.5000136920102943 0.49999278444388534 0.4999809080017649 0.4999633305995263 
0.9746707993039194 0.4999985008858042 0.5000136903144611 0.4999937226341706 0.49998090797393696 0.4999633318547461 
0.9873319360958245 0.4999985100066844 0.5000135358057908 0.49999371148187305 0.49998077965191234 0.4999627157343183 
0.9999999921241869 0.4999985110883865 0.5000136202756618 0.49999272060170263 0.49998093333712723 0.4999633363016818 
