1.0040828830167028E-12 0.500034879000816 
0.0063302274258418695 0.49370465295842797 
0.012664547815039257 0.48737033099213656 
0.01898832667728594 0.4810465488894153 
0.02531925692293307 0.4747156188262888 
0.031649339519808826 0.4683855362427802 
0.03333486456771366 0.466700010709397 
0.16668144425813014 0.3333534300432721 
0.17089416871184754 0.32914071158835617 
0.17722868173596767 0.32280628440841225 
0.18355534677994026 0.31647952968213366 
0.18988514431557874 0.31014973808916374 
0.19621478601356374 0.30382009359439366 
0.20254602185820916 0.2974888579665971 
0.20887559016965024 0.2911592895150458 
0.21520565157350688 0.28482922783478803 
0.2215357019536449 0.2784991783958083 
0.227868544734041 0.27216633537724716 
0.23333766391995994 0.2666972155434909 
0.36669295252599116 0.1333419268380281 
0.36711455688203865 0.13292032765717418 
0.37344190871137883 0.12659297768652503 
0.37976899256472624 0.12026589530120328 
0.3861064699412814 0.11392841745031645 
0.3924344108454142 0.10760047407900165 
0.39876054808680456 0.101274402225573 
0.4050949038288347 0.09494004657711244 
0.4114231744990304 0.088611701111236 
0.4177436083468646 0.08229126758216904 
0.4240786860149876 0.07595626836813371 
0.4304101641638361 0.069624786237759 
0.4333631743575769 0.06667170126801061 
