2.008025690170001E-12 0.5000107323236883 0.5000129171702038 0.49999996825089205 0.4999916336829318 0.5000010894585372 
0.01265957171023185 0.5000107322369021 0.5000129162442057 0.49999996933166313 0.4999916313616083 0.500001089919526 
0.025327328856039617 0.5000107322361405 0.5000129171700933 0.4999999680038501 0.49999163368719923 0.5000010894432245 
0.03797400462470948 0.5000107322351277 0.5000129162403752 0.4999999693299874 0.49999163420873083 0.5000010894583177 
0.050634981979999355 0.500010732234369 0.5000129162586961 0.49999996970359595 0.49999163412515907 0.5000010894654527 
0.06329426416815691 0.5000107322368027 0.5000129162419876 0.4999999489803712 0.49999163419694775 0.5000010894796522 
0.06666507920920527 0.5000107322330818 0.5000129162550295 0.4999999679930154 0.4999916344097732 0.5000010894639819 
0.3333396385422126 0.5000107317482985 0.5000129162529372 0.49999996913604794 0.4999916344118141 0.5000010897782119 
0.3417644957272752 0.5000107317056994 0.5000129173827558 0.49999996907973376 0.49999163418828446 0.5000011028824043 
0.35443257719060134 0.5000107467983826 0.5000129162525818 0.4999999699020178 0.4999915995515756 0.5000011000194935 
0.36708508830156045 0.5000107321835267 0.5000129162791699 0.49999996913594535 0.499991633713661 0.5000010898605256 
0.379743795877585 0.5000107323216288 0.5000129161398835 0.4999999695326508 0.49999163178388006 0.500001102879036 
0.3924021983574468 0.5000107322305503 0.5000129160999575 0.49999996941165314 0.49999163161269744 0.5000010900152249 
0.4050637866085938 0.5000107327080148 0.5000129161035368 0.49999996943676356 0.49999163210018427 0.5000010900220786 
0.41772204031318705 0.5000107323274842 0.5000129161076474 0.49999994864549563 0.49999163179921324 0.5000010899774342 
0.43038128025822053 0.5000107322326508 0.5000129161111838 0.49999996819866355 0.49999163168513444 0.5000010894550706 
0.44304049709256876 0.500010732234819 0.5000129164070677 0.4999999488617059 0.499991631669827 0.5000010894464317 
0.4557052993649691 0.5000107322326327 0.5000129163891925 0.4999999494020773 0.4999916317811105 0.5000010894531073 
0.4666427753406657 0.5000107322356377 0.500012916258517 0.49999996942245706 0.49999163187956386 0.5000010894638943 
0.7333347485526969 0.5000107322178424 0.5000129162243823 0.4999999694264935 0.4999916318600672 0.5000010894320487 
0.7341778908492322 0.5000107321877156 0.5000129162237579 0.4999999489343705 0.4999916287894865 0.500001089431907 
0.7468317088864308 0.5000107322428962 0.5000129162248624 0.4999999489287353 0.4999916287844471 0.5000010974455661 
0.759484991508334 0.5000107321958879 0.5000129162592416 0.4999999683750673 0.49999162852665663 0.5000011030260215 
0.7721590626513737 0.5000107321871355 0.5000129162484217 0.4999999489224454 0.499991628881739 0.5000011030259923 
0.7848140653321292 0.5000107322432505 0.5000129162852522 0.4999999489348633 0.49999162878172937 0.5000010898862532 
0.7974653528472245 0.5000107336586668 0.500012916218621 0.4999999484358823 0.4999915910039494 0.5000010896802025 
0.8101331786907364 0.5000107322879054 0.5000129180555577 0.49999994949150633 0.4999915919952513 0.5000010895401042 
0.822788958463967 0.5000107322349387 0.5000129162550501 0.49999996890485443 0.49999163420618065 0.5000010894568355 
0.8354289439726039 0.5000107322866599 0.5000129162890887 0.499999949495675 0.4999916342065528 0.5000010893012811 
0.8480980825393721 0.5000107341619482 0.500012918056576 0.4999999492391556 0.49999159199528737 0.5000010895384382 
0.860760160501099 0.500010732262971 0.5000129180566613 0.499999949238029 0.4999915919692016 0.5000010895395797 
0.8666658976844396 0.5000107322363688 0.5000129162759568 0.49999996996727925 0.49999163420629533 0.5000010892969174 
