0.30000016845463506 0.4522776102993463 
0.3000574449674594 0.4522258747490579 
0.3003420272680519 0.4519764522520433 
0.3005517939667397 0.4518047788886883 
0.30065493775596586 0.45171884782970234 
0.30084930489727796 0.4516060693475521 
0.300946375463472 0.4514872477995568 
0.30122153783662303 0.4512899516705245 
0.30129286403392647 0.45121952946320637 
0.3013181195184237 0.4512102469386667 
0.3017481121557595 0.45091870182763316 
0.3018107110503856 0.45088385365340866 
0.3019088028693273 0.45079865724429535 
0.3022632359419756 0.45055523820434146 
0.3024401843765153 0.45037126299609137 
0.3026192602284583 0.45021049811788 
0.302723600019361 0.45007358149277776 
0.3028008932835081 0.4500045665381442 
0.303109979541071 0.4496693000090681 
0.3033402464615833 0.449364825072103 
0.3034460697231064 0.4492834489608579 
0.30370665967508476 0.44899445434449703 
0.30402891816397953 0.4486614636350699 
0.3041437569103812 0.44857172472487344 
0.30450524797303713 0.44823855330074347 
0.3046295044950482 0.44816594667534215 
0.3046529789520825 0.4481061212650959 
0.3048593079303012 0.4479705685611129 
0.3051073660111166 0.4477363677813562 
0.3051407714474808 0.44769591852939367 
0.3052815510274985 0.4475925256477515 
0.3054521080172748 0.4474906647234533 
0.3057000105401543 0.44730224484373293 
0.30574377698711575 0.44724788056656395 
0.30596387406832376 0.447077891096495 
0.30605364214147646 0.4470604391283315 
0.30650274230485397 0.4466986675206164 
0.3065520236153169 0.4466082727949774 
0.3068474137546817 0.44626589242990916 
0.30685700169626406 0.44624808505115643 
0.307067904289431 0.4460811530066392 
0.3073187427907433 0.4458548047518434 
0.30734199728582107 0.4458456671888776 
0.30755887422816114 0.44551969241303674 
0.30774478328024324 0.44537502001463214 
0.30796048859756125 0.44512887110110944 
0.3080917979571234 0.44499470965646937 
0.3083424937656775 0.4447721013347964 
0.30856979033569853 0.44457196300059737 
0.3086407350131354 0.4445049631599947 
0.3089020483054041 0.44428593800469046 
0.3092452451375813 0.4440093564496065 
0.30929983571060393 0.44399208195316486 
0.3097737649110823 0.4436332379178446 
0.30989033623811996 0.44353794464374846 
0.3102954094501983 0.4433841816291809 
0.3103514855237947 0.44327395869706643 
0.3103851977250473 0.4432251257792704 
0.31094461478765706 0.4426660713000117 
0.31106064611330947 0.44251973315252086 
0.3112767481601411 0.4423273024291165 
0.3113572514018476 0.4422294000556197 
0.3117182931623471 0.44178891447999885 
0.31172190066140554 0.4417726505408879 
0.3119966550357702 0.44150328857433147 
0.3121037922534247 0.441472732904226 
0.3122502200814535 0.44125681372052217 
0.31233541643545804 0.44116139986531333 
0.3125225353549268 0.44100651306909133 
0.31291387172986324 0.4406555371682049 
0.3129680561262105 0.4406122049805066 
0.31337328500998873 0.44037195911080035 
0.3135261084027736 0.44016627762756655 
0.3136363877430271 0.44007694264130676 
0.31419529626551573 0.43969231537615266 
0.314193566505629 0.4396927472001915 
0.31423606781285957 0.4396595951891385 
0.31443351469695713 0.4394990440781757 
0.31456436330927795 0.43946557343471043 
0.31484549353951813 0.4392059629865126 
0.3149855966092844 0.43909398934880267 
0.31541321122027904 0.43878984001741145 
0.3155255376817799 0.4386675665565552 
0.31563433738931074 0.43856933219225847 
0.3158025915852597 0.4383896412902533 
0.3159974026050104 0.4382563647700125 
0.31606204274032845 0.4382132583368655 
0.3162634630542305 0.4378126953735876 
0.3164069097822002 0.43769203779246896 
0.3168316654707986 0.4372267173113555 
0.31678452958995956 0.4372764595081598 
0.3168966720739486 0.4371549570576182 
0.3172389869259645 0.4368404722944014 
0.31729027124939374 0.43676531691627113 
0.3176788933586127 0.4364198860848369 
0.3177424980791793 0.4363581644493724 
0.31841308774704746 0.4358440490654694 
0.31847629126836174 0.4357783489054294 
0.3190207476006784 0.43536498261187045 
0.3190289344260485 0.43535933335483695 
0.31926174190217516 0.4352225091408175 
0.31939361250909964 0.43515034946903824 
0.31970735300107783 0.4349524745944427 
0.3198100318287311 0.4348427625635166 
0.32018272535361675 0.4344755660020445 
0.3204508017126714 0.43422751224367523 
0.3206917976863706 0.433891243574848 
0.32107150178275223 0.4334871318198891 
0.32113469634020236 0.4333964436616385 
0.3213704455201917 0.43332031042540076 
0.3218508946356207 0.4327218122696371 
0.3218922620490728 0.4326868955438598 
0.32212945968489864 0.43248817190362415 
0.32228030119251005 0.43237082456057646 
0.3229160740861547 0.4318800608139968 
0.3229405643390168 0.4318608974114605 
0.3230717023011475 0.43180549691029146 
0.32355081742973346 0.4314707577420791 
0.3238689104968115 0.4312181816836254 
0.3239927572374553 0.4310755357164342 
0.32426160540206217 0.43084376453656076 
0.3244430777818527 0.4307573269931225 
0.3248083927917279 0.43027558539520167 
0.3248605369394854 0.4302306099576702 
0.3250887175658412 0.4301570346883613 
0.32516995605567606 0.4299457443299746 
0.32562214385024846 0.4295731270592563 
0.32601109596855765 0.4293012864669324 
0.3260199818089947 0.4292048019637094 
0.32635082062330967 0.4288809223491748 
0.32687551585169117 0.4285735592435156 
0.3272180894251176 0.42807363792876146 
0.3274384208848322 0.42788620767543006 
0.3278386536114609 0.42754104427042217 
0.3278951583299415 0.4274929286457364 
0.3287166122272037 0.4268660071110392 
0.3290027636207669 0.426664447010214 
0.3297193190789979 0.42614562366883096 
0.3297660327108455 0.42612424870163995 
0.3303192547503615 0.4256659496953293 
0.33035178438353285 0.4256598241597565 
0.3305190659024401 0.42547276403184187 
0.3308260115691763 0.4251471741521576 
0.3309338662656531 0.4250237861345928 
0.3311213062237938 0.42485867225488266 
0.3313077077276435 0.42462817702818145 
0.331446710239109 0.4244680315385142 
0.3316218460215516 0.424315365136708 
0.3318647296539018 0.4240661216036063 
0.33230711394056595 0.42367128717542035 
0.3324488802604032 0.42356816192843655 
0.33279060399878135 0.4232596365885223 
0.33283686768813137 0.42323283831522385 
0.3330154512486207 0.4231161760423217 
0.3332185955268119 0.422953618797541 
0.33365949509794607 0.4225971627444884 
0.33436302635656523 0.42205829399176353 
0.33452564850172517 0.42194668945604996 
0.33540775211580015 0.42135189358320246 
0.33624201918096597 0.4208305791615062 
0.3363282611880675 0.4207994708414554 
0.339758085027085 0.4195486684782326 
0.3398943066913072 0.41942998123227915 
0.3403301474692351 0.41894206765389735 
0.34050284261180325 0.41887538448146006 
