0.3000000003398675 0.4540094099779543 0.4540534806420841 0.45398837619268684 0.45402862219849993 0.4540084023757499 0.45402626512480637 0.4541496810608631 0.4540313198750171 0.45405316289477865 0.45398173369668154 0.45415496152418444 0.45399106754911767 0.4539740814436244 0.453964445066644 0.45402835107873574 0.45388562101453617 0.4538891299846483 0.45407191940465536 0.45400803781742144 0.45380506256332465 0.45404558159436 0.454053929447947 0.4539932848298214 0.45394054683275015 0.45397730298799815 0.4539144141642099 0.45389662785030116 0.4539936087016594 0.45387495191404065 
0.3000569903500018 0.4540094099779543 0.45405426967072754 0.45398837619268684 0.45403308498310885 0.45400805211689504 0.45402626512480637 0.45414103501931086 0.4540313198750171 0.45405316289477865 0.45421404796566167 0.45415496152418444 0.45399106754911767 0.4539189560879708 0.45368864347896126 0.45402835107873574 0.45388562101453617 0.45391823323657154 0.45407191940465536 0.45401564843938524 0.4538771236660763 0.45404558159436 0.454053929447947 0.45400917588372913 0.45394054683275015 0.45397730298769895 0.45391441416432465 0.453898008341243 0.4539936087016594 0.45387495191404065 
0.30033619803461475 0.4540094099779543 0.4540534806420841 0.45398950232128654 0.45402862219864626 0.4540084023757499 0.45402099329311696 0.45414964414252945 0.4540313198750171 0.4540509607089129 0.45421404798863746 0.45415496152418444 0.4539910675538046 0.4539740814436244 0.4539644450031547 0.454028351078734 0.45391104791213377 0.4538891299846483 0.4540718684412533 0.45400803781742144 0.45376831848219173 0.45404248423727506 0.45420844491647566 0.4539932848298214 0.45394054683275015 0.4542189147510177 0.4539144147105733 0.45424117697229666 0.45400000763761034 0.45387495191404065 
0.3005356742321076 0.45385497861478413 0.4540534807848246 0.45398837619268684 0.45402862219849993 0.4540084023757499 0.45402626512480637 0.4541496810608631 0.4542089803255447 0.45405316289477865 0.4539798825863667 0.4541548693171681 0.45399106754911767 0.45397412941949283 0.453964445066644 0.45402835107873574 0.453938783363482 0.4538891299846483 0.45407191940465536 0.45413092736479066 0.45380506145784677 0.45403476820595845 0.45406407947821303 0.4539932848298214 0.45394054683275015 0.4539899913803321 0.4539144141642091 0.45389662785030116 0.4539936087016594 0.45387495191404065 
0.3006345636818993 0.4538488455003878 0.4540535404230182 0.4540089711061246 0.4540298378079785 0.45400988922310404 0.4540277093652681 0.45414968106006903 0.4542209968373821 0.45405316289477865 0.45420667286527505 0.454268209112043 0.45399819092113897 0.4539533249222447 0.4539650117334649 0.4540300225546349 0.4552473877913595 0.4538891299846483 0.45407191940465536 0.454136843574063 0.453807293376399 0.45403848564429355 0.45406305491038385 0.4539932848298214 0.45394054683275015 0.4539689094107488 0.4540992708012272 0.45415270008070674 0.45412747796346464 0.45387495191404387 
0.3007952227471235 0.4538519975899715 0.4540534905206731 0.45631961686127537 0.4540286086098147 0.45395177107217444 0.454178089633872 0.45411461028087835 0.45427545346931814 0.4540530150997935 0.4547608466991385 0.4541540441414452 0.4542146344251601 0.4555673030615365 0.4539644612947515 0.454027630812974 0.45382740960840845 0.4537987461280457 0.4540702712740333 0.45400521396175114 0.46018862724118464 0.4548638109309893 0.45435488138276475 0.45402380483619226 0.45394118871777916 0.4542053993033294 0.4541102806551347 0.45415525665089373 0.455854185375933 0.4538749382639473 
0.3009081619670087 0.4538528433661953 0.4540528518967364 0.4539886237833066 0.45402975981288324 0.45400773309341674 0.454156136756573 0.4541139548197507 0.45422100429680995 0.45405597074303017 0.454760013300049 0.45426972277151906 0.4539980492950372 0.45578881119755715 0.45396446194301016 0.454029985212463 0.4552380157509535 0.4537986484475831 0.4540329807657536 0.4541376562063412 0.4537951693108558 0.4548741470091163 0.45406381394820466 0.4539932694858863 0.45394054392351557 0.4542166428067409 0.45410432362331105 0.45424356758368634 0.4541167207250094 0.45387478318807456 
0.3011553535186865 0.4540100514493343 0.4540528518967364 0.45396365028278385 0.4540297552311832 0.45391231239467794 0.4541534184001254 0.4541139548197507 0.45422430430486704 0.4540560140104028 0.4547557922142418 0.45426911557892835 0.4545201476793611 0.4571755496856889 0.45396446064057855 0.4540300323917257 0.45502411333829734 0.45389192768245296 0.45403079390163037 0.4541417502429132 0.4537951313388287 0.4548830209079129 0.4542061655180354 0.45399328477511447 0.45394054682589424 0.4542189151495284 0.4539633874985943 0.45424352651100586 0.45775902517318995 0.4538770857240849 
0.30122952609840037 0.4538528417512347 0.4540854432133876 0.4563280713654735 0.454029791063116 0.4560234144893232 0.45415601105983144 0.45411579966319005 0.4542229818063873 0.4546538432751721 0.4548206050981787 0.45465274449417065 0.4540016613398657 0.4571857175727633 0.4540088783618288 0.4540299484351732 0.45507141477947777 0.4543958569930626 0.45407276265080376 0.45414084702281415 0.4537952062504534 0.45512941477052526 0.4543655344032512 0.45399373032641827 0.4539376858163587 0.4542164712566367 0.4542635573701485 0.45415346127675055 0.4576857357022269 0.4539532329187243 
0.3012475994357328 0.4538528433661953 0.4540864327187575 0.4540077041251963 0.45402979158526047 0.45391527738804827 0.454156136756573 0.4541138993536832 0.4542209807785052 0.4546492946969404 0.4548202995317864 0.45464530182128815 0.4539981659230171 0.45569859421209313 0.4539592383024174 0.4540300323917257 0.45506692095615614 0.45379857868630974 0.4540329807657536 0.4541376562063412 0.4537952065111652 0.45512863677647747 0.454064487334837 0.4539932694858863 0.45394054392351557 0.45421646911192015 0.45426492241598304 0.4542436510755495 0.4541167207250094 0.4539550091408523 
0.30162523080531944 0.4538528433661953 0.4558551761951275 0.454004053702922 0.4540286439083703 0.4539139000864075 0.4541552829833517 0.4541139548197507 0.45421529356056045 0.45405598875322284 0.4547619951332782 0.4542676037307375 0.453997943403289 0.45578881119755715 0.4539644612947515 0.4540300323917257 0.45387627438592987 0.45379857868630974 0.45403313661098926 0.4541376562063412 0.4536443674219495 0.4548830209079129 0.454064487334837 0.45661205213498285 0.4552499584213148 0.4539761311587906 0.45410432362331105 0.45424356758368634 0.45390535496328566 0.45387468311013407 
0.30167624033879437 0.4540093367872769 0.45405348052972727 0.45386354625514963 0.4540286221548939 0.45400893348498744 0.4540271593272972 0.45414970431812834 0.4540313198744916 0.45405316272147006 0.45421404796566095 0.45464249991792605 0.45399106154796043 0.45397408277158846 0.4539650134817934 0.45402835107873574 0.4539102198637017 0.45609970807869993 0.4540737125901491 0.4537774501364598 0.45364676417104477 0.45404558107567056 0.45431298419766414 0.4564449640513152 0.45523262098276435 0.4539820135156942 0.4540831277289042 0.4541553460343871 0.4558317455069712 0.4538746846898965 
0.3017721897571276 0.45385267284271097 0.45408369716361885 0.4564425229806892 0.4540297910628444 0.4539496430455633 0.45417866655513695 0.4541146104714909 0.4542871319741548 0.4590405913351449 0.4547635159163143 0.45465279899556776 0.45421003450963443 0.45557870685157303 0.45400930460567746 0.45402998537667577 0.45507141458547196 0.4594194891156451 0.45413707300637274 0.4537854771166974 0.4600581731740483 0.4551467573874767 0.45436554379182886 0.4566345084687568 0.4552366899639245 0.4542963583831657 0.4542653708065423 0.4541542355951025 0.4558774409531945 0.45395360001141205 
0.30208520942859873 0.4540345225807 0.45974737562416335 0.4564481103067007 0.4541096278470003 0.4589598660888805 0.4586121476948044 0.45884626220994207 0.46038233393390504 0.45903853976426495 0.45959254181440684 0.45485388709311614 0.46106827678764933 0.457106936168623 0.45989177733542835 0.4539108955283414 0.4550334892069757 0.45934472748590516 0.4603107595249234 0.454053763488518 0.4595408401815837 0.45994328311588656 0.4576433338153315 0.4606013847273901 0.45826075725794874 0.459532186230836 0.45936906726125315 0.4576498742326003 0.45599347639216214 0.4588480726121109 
0.3022742169832147 0.4602165415092 0.459744051585467 0.45640942190837874 0.4608216310996949 0.4587562862064787 0.4585960274473417 0.4588473559921483 0.45405074955870134 0.4590405891686575 0.4597143427062958 0.4546526988250515 0.45475270307049664 0.45708366410849427 0.459405687131153 0.4540338182660333 0.4531153773347089 0.4593517375795161 0.45379823912859574 0.4608597838339653 0.46012849051033283 0.4548407640335466 0.4576436482787914 0.4566345903820123 0.45818348809226367 0.4543037391839802 0.45439772595440014 0.45765229942380137 0.4559684566175561 0.45877861382608354 
0.3024522096234869 0.4596335274996976 0.45995344649310205 0.46223033530016894 0.46044115171815264 0.4587669581203912 0.45845618819306816 0.45902909843765366 0.46035511583205424 0.45917340448071464 0.4597512537466338 0.4548443696915082 0.4604982229016729 0.4573239465306606 0.45935611493827994 0.4612219580823728 0.45522991116665323 0.45944865621760594 0.46032103166660654 0.46086529768363416 0.4601406897548346 0.45993048449812046 0.4576085412848202 0.46071310336542254 0.4586618705056479 0.45952671381558885 0.4591948528860003 0.45763266539267766 0.458631174233653 0.4588462043964766 
0.30257858356295025 0.45403453286175377 0.4599532902078192 0.4563384037636144 0.4607259190363199 0.45877681510300133 0.45861283358095745 0.4590351712876676 0.46035551905631283 0.45896018854746373 0.45980206352292946 0.4548443696915082 0.4601992940884525 0.4570900906832259 0.45935611493827994 0.46138697271651546 0.45522991116665323 0.4586637690267373 0.460278065499529 0.4608657806432889 0.45953189894248736 0.45994329884704294 0.4610687949025821 0.46071310336542254 0.4581985792627149 0.4595267150570701 0.4591948528860003 0.45763266539267766 0.4582016202049464 0.4589332338099791 
0.3026552282517549 0.4601120939959941 0.459747212878865 0.4618898551038436 0.4607259190363199 0.45877692150295807 0.45861283358095745 0.4590351712876676 0.4603551257371196 0.45896018854746373 0.45980206352292946 0.4548443696915082 0.46043676832267516 0.4570900906832259 0.45935611493827994 0.46138697271651546 0.45522991116665323 0.458652236122166 0.460278065499529 0.46085858514878203 0.45953189894248736 0.45993007599299596 0.4610687949025821 0.46071310336542254 0.45819968612173995 0.45952551209970255 0.4591948528860003 0.4576325201823967 0.45823210832098854 0.4589332338099791 
0.30299283240583413 0.45963896528457887 0.4599532890886874 0.4621523721224028 0.4607271156825624 0.45895711194617583 0.4585494739108888 0.45903205597859187 0.46035511583205424 0.4590412670594301 0.4597494209421155 0.461345317691667 0.46049308235197345 0.4570990591613988 0.4593655928648958 0.45455876484106716 0.45522991116665323 0.458656139078603 0.4602894350333822 0.4608718188592982 0.4595321503691963 0.4599304871940431 0.46106703646895064 0.4606031885024746 0.4586500901238567 0.4595265927444855 0.4593830708722779 0.457532186219431 0.4560341408124577 0.4589331555729727 
0.30327307467587356 0.4602033921633399 0.45974604545680137 0.45562556989044517 0.45806792253463086 0.45876377097235005 0.45849735482274134 0.45910447486579087 0.4602281047637407 0.4590450708434475 0.4597467119489133 0.46126707669703326 0.460578676069424 0.45998902902963973 0.4594053046644519 0.46114249091759074 0.46014463476324186 0.45935257675449803 0.4603209171143266 0.46086001770969576 0.46012848168228343 0.4598799848303546 0.4610700508063011 0.460716143826095 0.45820035930703024 0.45952543632793164 0.45844670791613124 0.4576523052207685 0.4586129053215944 0.4591313124416935 
0.30337119485401975 0.46010105256098066 0.4599596706491323 0.4614867681178832 0.4608063672557017 0.4589595461796072 0.4605704601235594 0.45910456132413247 0.4603551153415613 0.45929644195798214 0.4597509641239804 0.46098047575076795 0.460507753798894 0.4599893029901306 0.4599417339616654 0.4611780741771125 0.46006801506834943 0.45934688497730325 0.4603206640097871 0.4608659249504153 0.4601256749933205 0.45993298660041837 0.46121527868289625 0.46062618721428217 0.45868274396210357 0.45952545070938183 0.4607750349787999 0.4610185370603631 0.45862081268537697 0.4587871110697109 
0.30365930212800024 0.46010105256098066 0.4599596706491323 0.4614867681178832 0.4608454126984051 0.4589595461796072 0.4605704601235594 0.4591045613232247 0.460354974188459 0.45929644195798214 0.45980120095759003 0.46119539172628704 0.460507753798894 0.4599902925428064 0.45936270550439534 0.46117807292674984 0.46007204228932175 0.45934688497730325 0.4603206640097871 0.4608659249504153 0.4601260684455088 0.45993298660041837 0.46122182072321954 0.4606262355822975 0.45868274396210357 0.45952545070938183 0.4607745571041098 0.4610185370603631 0.45861926913036705 0.45893012772205244 
0.3040028866796266 0.4601183267550159 0.4599473792040638 0.4614867681178832 0.4608063672557017 0.4589595461796072 0.458664335951734 0.45910457028311624 0.4603551153415613 0.45917469083494483 0.459801723195253 0.4609800476809767 0.4605095068557788 0.4599893029901306 0.45994172798866667 0.46117357818624066 0.46006801506834943 0.45934688497730325 0.46032104556256354 0.4608659249504153 0.46012558138907655 0.459932662244113 0.46121527868289625 0.46062618721428217 0.45820040967291986 0.45952545070938183 0.460705965294011 0.4610184026495721 0.45887234172300295 0.45911819657991104 
0.30411017734458784 0.4601013544134203 0.45973245871301166 0.45635353253124444 0.46082758257364964 0.45895199285930777 0.4585984237160017 0.45910455991036897 0.4603551364244906 0.45929645499818217 0.4597494580910369 0.4612701035240629 0.46044935462701725 0.4600021901280998 0.4599389749475652 0.46081688568351775 0.46014656363983564 0.45934698718914413 0.4603202046269359 0.4608585632615196 0.46012567785245906 0.4599300617132427 0.46119949773222585 0.46062646412234337 0.45868214822034664 0.45952545081263185 0.4607755984366399 0.45765175917209816 0.45862115466902187 0.4587772800123093 
0.304474559945905 0.4600798885954042 0.45972819167503515 0.46168470039666804 0.4608061248025475 0.4587596333168236 0.4605992856971042 0.4591078419602384 0.46035512820596836 0.45917274345029024 0.45980039846166204 0.46127790136912744 0.4604485761218106 0.4619032088215797 0.45937517274628986 0.46081760112291187 0.46014690772222283 0.4593337957361414 0.4603486479032642 0.460865869195668 0.4601650796339488 0.45993073464830914 0.46150624094342907 0.4606316805901843 0.4582333828179409 0.45952550099790945 0.4607664147165935 0.45770609852557914 0.45881918334129024 0.4589325419084388 
0.3045778426302155 0.46010143978604057 0.4597324749196817 0.45606704174947554 0.4608063174200171 0.45926689413095007 0.45854086950397827 0.45910455982337933 0.460355137155038 0.4591726880940348 0.45980097114052004 0.46119053779286473 0.46049425218922335 0.4619236615207918 0.4599479376490109 0.46115886945531714 0.4601543941013493 0.4593307873217974 0.46032070017961796 0.4608582088832834 0.46012558138907655 0.458904131505163 0.4611827294179344 0.4606162570457169 0.4586745204559409 0.45952553063292084 0.461006295113567 0.4576534325307595 0.4588154534037643 0.458947374301248 
0.3046215477495431 0.46020405166665707 0.4597264838111864 0.4614090394947338 0.46082515242060834 0.45876837569256973 0.4584572251507023 0.45910455878036266 0.4603551156650259 0.4591733719126368 0.45978405260596933 0.4609604197075538 0.46043760414274787 0.4618790479552636 0.4599407399907996 0.46091496633839957 0.46014397006025437 0.45934388752895156 0.46034739407273906 0.46085855024640526 0.46017972721099554 0.4599330530158234 0.46121388670177066 0.4606263880884454 0.4582341975266139 0.45952543885630426 0.46077609298079636 0.4611124569657189 0.45825101590927414 0.45877718248522975 
0.30480093915040984 0.4601034288381326 0.459956369912488 0.4622237125915462 0.4607303717690272 0.4587638693064101 0.4584547479937902 0.4591048948186596 0.4603551049265479 0.45917666434911125 0.45975095919949627 0.4567787235742302 0.46049877761054664 0.4624322816427733 0.45945768423661704 0.4608212844038926 0.46040828554604646 0.4586552716557328 0.46035438162966913 0.4608657874039614 0.4595236832987541 0.4599301132702047 0.4612134415331191 0.46071469758810746 0.45865484425518016 0.45952671420078645 0.4606780492534625 0.46132653128168305 0.45861961547452634 0.4587780713988577 
0.30505403161287625 0.4601183267550159 0.45972815187272764 0.4614347741076469 0.46080626389061946 0.4589595461796072 0.458664335951734 0.45910457028311624 0.4603626543730368 0.459333407206842 0.459801723195253 0.4609800476809767 0.4605095068557788 0.4599893029901306 0.45994226507084 0.46114923963192794 0.46006801506834943 0.45934688497730325 0.4603202151290223 0.46086588640297743 0.4601651875842859 0.459932662244113 0.46107172831080695 0.46062618721428217 0.4582006087845207 0.45952545070938183 0.460705965294011 0.46092632669067873 0.45820456686055966 0.45911819657991104 
0.3050927954211261 0.46043603740708006 0.4597335880287501 0.4614407451101231 0.46080626389061946 0.4589595461796072 0.458664335951734 0.45910457028311624 0.4603626543730368 0.4593326223191483 0.4598035682367156 0.46097987754424885 0.46050736200207515 0.4600420010847505 0.4599432930210763 0.4611596284569412 0.46014534242704336 0.45934688409364066 0.4603202151290223 0.46086588640297743 0.46016446425573243 0.45993271414889714 0.4610717631322457 0.4606261866810201 0.4586850118370845 0.45952545071109757 0.4606458012563877 0.46098961020323687 0.46284421298561074 0.45912109171245574 
0.3052209615508501 0.46044876115149025 0.45997287404482606 0.4616793697187205 0.4608059718716883 0.4589641076127694 0.4584519983538247 0.4591074001526884 0.46035515265385174 0.45917297291974074 0.45992679281055143 0.4609799056180899 0.4605091134757718 0.46004502888161686 0.4599433155898454 0.46091312561754155 0.4600680209086821 0.4593440779635565 0.460321039417436 0.4608657790735184 0.460165718018185 0.4599331582194868 0.46105760912381427 0.46062619544507466 0.458668157918418 0.4595254985200232 0.46064723962992826 0.46099100476378657 0.46260665879769375 0.4587637946003247 
0.3053639688080514 0.46044876115149025 0.45997287404482606 0.4616787832149111 0.4608059718716883 0.45896075895516186 0.4584519983538247 0.4591074001526884 0.4603551452209702 0.45929998235598374 0.45992679281055143 0.460976387275647 0.4605091134757718 0.4618491975585116 0.4594937129463063 0.4608177767103263 0.46014744528296603 0.4593440779635565 0.46034806652215327 0.4608657195378155 0.4601255364046855 0.45993319906086355 0.461078105114102 0.46062619544507466 0.4586681672543631 0.4595254975956426 0.46064723962992826 0.4576451658497595 0.46260665879769375 0.4587637946003247 
0.30559305175540685 0.46019775004845914 0.45997287404482606 0.4616787832149111 0.46080576429733033 0.45875301243844263 0.45849712667170106 0.45910782751013646 0.4603551452209702 0.45929998235598374 0.4599373714835737 0.46096524767872266 0.4605758867647726 0.4619681668005705 0.4594937129463063 0.46109818708739636 0.4601478581392552 0.4592976452639844 0.46034806652215327 0.46086575663645657 0.46016503049925683 0.4598808323849367 0.46107822072586524 0.46062619544507466 0.46281235362822254 0.45952526317711834 0.4626324811988645 0.4575957543107368 0.46260665879769375 0.45910787113320584 
0.3056445790824617 0.4603395453352465 0.45997316407698935 0.4616936040409429 0.46081244884768513 0.458964812868137 0.4605988395497204 0.4591562972718608 0.4603548445099215 0.45917832793537566 0.45977116205889174 0.46117938399152253 0.4604867373198469 0.46187737163843967 0.4593713812586519 0.4608099091195381 0.4600716052680564 0.4593346455550305 0.46034549818442855 0.4608657986820683 0.46016857013594425 0.45993104290841913 0.4615153836067906 0.4607152178609625 0.4582366726669927 0.45952620611308437 0.4606172957533611 0.4607388210072888 0.46270297123836285 0.4591502856966233 
0.3058494294886039 0.46019591000509436 0.4599731424867001 0.4617400107146131 0.4608057396829939 0.45876078768684075 0.46044911192809757 0.45910782750730084 0.46028916027619565 0.4593340267286899 0.4596549117573494 0.46118491250377064 0.4604868181463398 0.4619668011746667 0.4598867464219522 0.4609379892544876 0.4601653011171634 0.459300090081692 0.4601871584246141 0.460865757644369 0.4601653726142607 0.4599301570896591 0.46107635089660187 0.4606331540969308 0.46281649062589164 0.45952130168182326 0.46264205622475735 0.4610282917970119 0.4631919039733077 0.45872175437988105 
0.3059057408272423 0.4600799150705203 0.4597471016659898 0.4616831585986517 0.46072592437523685 0.458967652665447 0.46046930889474014 0.4591084769594111 0.46028916027619565 0.4640345966647581 0.4660236317187019 0.460976526588512 0.46051533204629574 0.4619668011746667 0.4593059522099141 0.4608133567371556 0.46052985890684844 0.4593010902960169 0.4601871584246141 0.46086575713226186 0.46017343323841214 0.4598772858937065 0.4610610886496995 0.46068427240647464 0.46281649062589164 0.45952545593220834 0.4607661992295646 0.45765167971689624 0.4627088877004368 0.4587782625250142 
0.3063316855949254 0.4596891849337334 0.46549398170433504 0.4621486651291291 0.46430275720128983 0.4654687166450284 0.4584462173705589 0.4633654155134591 0.4662000988455851 0.4641673608845797 0.46014571529295206 0.46374271864707345 0.4650590708057124 0.46596037716953137 0.46473678798143375 0.46489910489728065 0.46560324655783825 0.4647874322392936 0.460234981486576 0.46086864858984106 0.4602399349417936 0.4599164179412053 0.46106818285844803 0.4605990220528871 0.46283625138231993 0.45925538048461606 0.4648874250640015 0.4644895617173726 0.462632604403189 0.458837445382428 
0.30640507055257665 0.4642206987261296 0.46549398170433504 0.4648905165471507 0.46445984991296885 0.4663205823476533 0.46498885899384856 0.4634724031480282 0.4660327078455597 0.46400413280380676 0.46607903027098396 0.46374271864707345 0.4605153003724852 0.46596037989385136 0.46473678798143375 0.4614311755511623 0.46558452575218656 0.4647024405828833 0.46612328804021175 0.46113667841074085 0.4581607500489305 0.45987397501660154 0.4648458172807004 0.4657261448802098 0.4626872662612354 0.46335671370053627 0.4648874250640015 0.46454241989179673 0.46244057580811976 0.46372877621997977 
0.30674020436819555 0.4642206987261296 0.46546947098549907 0.4648371532435632 0.4643912638431626 0.4652055410525965 0.4605380273003034 0.46356198222264 0.46599221086524656 0.46400390040822187 0.4660857280426678 0.46515748896294284 0.4615130576839272 0.4659609169607801 0.4644928623267056 0.46546995051187484 0.46546519116501894 0.4647169933347138 0.4661251132032764 0.46130312719019056 0.46014188687912444 0.4598977988208796 0.465098993763981 0.46572612261204305 0.4628176347525204 0.4633078395419061 0.46490300196797146 0.4645465790356102 0.4624308299232618 0.46430634960039024 
0.30675460192930804 0.4642206987261296 0.46549405524760556 0.4648371532435632 0.4644627043584741 0.4652055410525965 0.46513505193610816 0.4634758646366325 0.46599221086524656 0.46400390040822187 0.46607874468868526 0.465251891016934 0.4615130576839272 0.4659609169607801 0.4644928623267056 0.46546995051187484 0.46546519116501894 0.4647169933347138 0.4661251132032764 0.46130312719019056 0.46648158442713555 0.45961989230218375 0.465098993763981 0.46572612261204305 0.4627158967525621 0.4633078395419061 0.46488732307383324 0.4645465790356102 0.4624308299232618 0.46430634960039024 
0.30695318859003207 0.464217300802602 0.46549010011176484 0.4648371582281532 0.4644622655036301 0.4655323150502055 0.46499152391027043 0.4672369464151339 0.4659919386628755 0.46598538518635924 0.46607874167791374 0.46527872906606854 0.46570279390588665 0.4659609167125461 0.46439431026899497 0.4654700023020163 0.465619953146063 0.46472828850445175 0.4661251214284614 0.4658092947131164 0.46606885458964914 0.4600395359331633 0.4650979102688617 0.4657262843978154 0.46299585127890897 0.46548344350999726 0.4648873230870463 0.4645466841340368 0.46253930278130506 0.46727043286191855 
0.30720403742667424 0.464217300802602 0.4654900562050201 0.4648371582281532 0.4644622655036301 0.4655025991613057 0.46499152391027043 0.47007682877179424 0.4659919386628755 0.46616536100750205 0.46607874167791374 0.46527872906606854 0.46551583605014474 0.4659609167125461 0.46439431026899497 0.4654700132926067 0.465619953146063 0.46468492697231595 0.46632321338723465 0.4658092947131164 0.4642085276457447 0.4597529190234072 0.4650994884556017 0.4657260907889902 0.46299585127890897 0.46548344350999726 0.4648873230870463 0.4645466841340368 0.46253930278130506 0.46727043286191855 
0.30722106713335506 0.46393684174622063 0.46549005598818266 0.46481861561041765 0.46446257785741063 0.4655013079621299 0.46499615891893453 0.47012290410254565 0.4659920600442376 0.4661676703687214 0.466070804459162 0.46527968776397044 0.465518604005723 0.465966365713846 0.46774245354957145 0.4653856669070557 0.46562450056607335 0.46635683652711596 0.466322345882731 0.4658490696556022 0.46413553894237214 0.46658276201234056 0.4650995004179282 0.4659089180313493 0.4628268827596452 0.46564071468720514 0.4651155785661936 0.46456983067359375 0.46323358875012843 0.46742461501853444 
0.3075064977246196 0.4642167651209482 0.46548957073622527 0.4648257749097568 0.46446254273208604 0.4655013284546649 0.46499617548560485 0.46702321168463645 0.46599194170755687 0.46616551698207004 0.466070686523463 0.4652515467742346 0.46551860401729667 0.46596639591767763 0.4644117184803631 0.46501303665689775 0.4656265090963411 0.4649248876104429 0.4662109182043586 0.46580704029263126 0.46425457083968674 0.4665826447537995 0.4650994429602612 0.46590891882085717 0.46282488071072203 0.4656383511612726 0.46491239391381595 0.4645725281195648 0.46245387985130815 0.46752834620070777 
0.30768034771920905 0.4642181208364253 0.46548960782284166 0.4648174394654123 0.4644628588443768 0.46546834601451226 0.4650407179837262 0.4668283137881291 0.46599186098173007 0.464178057530679 0.46607890314433004 0.46525423477434824 0.46553655509043507 0.4659603765252868 0.4647377872966 0.4648957419317905 0.4654560679540819 0.4649334605938028 0.4662505950125831 0.46079254967638167 0.46623082687097067 0.4666758409891334 0.4650989643923886 0.46051504791066344 0.462597108016957 0.4656394149665859 0.4649132100166391 0.4645697930749458 0.46264822927372734 0.46449033741271006 
0.3079232719533654 0.4639372667800777 0.46548944993334274 0.46497611734743904 0.4644622786131696 0.465501332225607 0.46503773215799654 0.4672272697038846 0.4659918552895603 0.46616316560524285 0.4660784545195786 0.46525139279540423 0.46552070996432526 0.4659607667815685 0.4643931885065127 0.4654023259419551 0.4656200401667775 0.46495425091677667 0.4661249178049753 0.46708530676841226 0.466414795511288 0.46574520481227694 0.46509923576335954 0.46592188967598847 0.46729910168070066 0.46563908150666744 0.46490019182807385 0.46457254710850254 0.46232475549307683 0.4669687766091262 
0.30806292378243616 0.4642181754898462 0.4654900978320008 0.46497994718300895 0.4644625427377515 0.46550132882391965 0.46736128475336625 0.4669117799979961 0.4659914885020775 0.46625676210854305 0.4660706920955912 0.4653801188321742 0.46551860433009995 0.4659609126555272 0.4644117424346941 0.4653632462668249 0.4656265090963411 0.4649471173748827 0.46621987551703137 0.46580183190112756 0.4642419550383895 0.46574179703037444 0.4650993410513266 0.46591069348609593 0.4672208284524819 0.46565918818936336 0.46490650428575997 0.46456997395987637 0.4631707104885564 0.46722293860968 
0.3083119442624331 0.46421825381262016 0.4654900978320008 0.46497581206894284 0.4644625427377515 0.4655013288242485 0.4650505762152393 0.46703340565195267 0.46599152559446266 0.4662567599951857 0.4660706920955912 0.4652519074081658 0.46570407708456096 0.4659609166712149 0.4644125140198745 0.46504048062933884 0.4656265090963411 0.46494714673953413 0.46612896019240785 0.4658230231305367 0.4642419550383895 0.4665828626101483 0.4651014203493726 0.46591069348609593 0.462661872544762 0.4656571986527834 0.46491138068613763 0.4645699817465255 0.4632961853486026 0.4672254643878414 
0.3085368724271988 0.4639368443848518 0.46548941591705756 0.46496507310823143 0.46446230258081533 0.46550133222560885 0.4674245693569438 0.46705001520146294 0.46602791674958066 0.4661630919429545 0.46607276427018207 0.4653735825937806 0.465518440073194 0.4659609278468245 0.4681068959964116 0.4654024346328393 0.4656245003990386 0.46621111178768093 0.46621094783956163 0.46713667197196035 0.46640948316846254 0.4656971134257864 0.4650992412945485 0.46612196250281857 0.4672984087275654 0.465638581482135 0.46512793508871486 0.4645724440264869 0.4631419677966041 0.46721163754537204 
0.3086094709713764 0.4639472082994665 0.4654896083072894 0.4649779722512701 0.46446225780022704 0.46550132981833237 0.46498521465286347 0.4670128885931251 0.4659919458290203 0.46631702548666604 0.46607083468102545 0.46524942844828365 0.46551825813538794 0.46596089670995244 0.46778217486290036 0.46538229677881987 0.4656210260136871 0.4662089774852087 0.46621092679256965 0.4670752951622234 0.46606516660041064 0.4665822674574142 0.46509924285115983 0.46590897653567154 0.46771212612611585 0.4656384560793831 0.4651174326824505 0.4645725483697907 0.46329364877600626 0.46694121528199795 
0.30886229889356853 0.4639368443848518 0.465489416096702 0.4649757301529518 0.4644622800542393 0.465501332225607 0.4674245693569438 0.4670218516234511 0.46599185537543314 0.4661630919429545 0.46607276427018207 0.4653735825937806 0.465518440073194 0.46596092356573204 0.46784009078101024 0.465402497176778 0.4656244532517249 0.4661946362165024 0.466213348727507 0.4671098273034519 0.4663213781116558 0.46573005761613945 0.4650992387047816 0.46612196250281857 0.4672984087275654 0.465638065954643 0.46490145522326315 0.46457254710850254 0.4632342701714568 0.46721163754537204 
0.3091885939667702 0.4639368443848518 0.46548941609439426 0.4648163846178037 0.4644622984124378 0.4655013322257581 0.4674230564291788 0.46705053356455056 0.4659918553643131 0.46620376402483066 0.46607276934797176 0.465292445433144 0.46551830367519914 0.46596076849837265 0.4678628975909048 0.46540243311380647 0.4656244544983588 0.4662106146535173 0.46621326340929053 0.4671375949108586 0.4663201440678915 0.4657227101415378 0.46509923542658094 0.46610757494335064 0.46729445410398807 0.4656388266866884 0.4651157137993269 0.4645698539100399 0.46984983777373307 0.4672116530691433 
0.309226434086724 0.463947388802511 0.4654896126083864 0.4649757301530325 0.4644622677037993 0.46550132682955386 0.4674231757832139 0.4670223015364231 0.4659918554055854 0.46625590981619114 0.4660727667667268 0.46525575599942764 0.465518362631956 0.4659607550547349 0.46787248868000314 0.46538229560946076 0.46562490635238857 0.4662109008090908 0.4663094554788723 0.46581524337451424 0.46631363186677194 0.46656729406883524 0.46509923541853804 0.46591069348609593 0.47039054280087605 0.4656386242306385 0.4651480804916016 0.4645725484288414 0.4702872608711453 0.4669750087812963 
0.30966500574665545 0.4639472082994665 0.46548942675730226 0.464975932446297 0.46446225780022704 0.46550132981833237 0.4673935327797462 0.4670128885931251 0.4659919458290203 0.46631702548666604 0.46607277515111445 0.46525568620667695 0.46551882057649324 0.46596089670995244 0.46778217486290036 0.46538229677881987 0.4656210260136871 0.46621060828270894 0.46621092679256965 0.4670752951622234 0.46606516660041064 0.4665605362946027 0.46509924285115983 0.46590897653567154 0.46769886788724085 0.46563848034793165 0.4651174326824505 0.4645725483697907 0.46329364877600626 0.46694121528199795 
0.30977660557882425 0.4639427189725437 0.465489416096702 0.4649760517198332 0.46446262223545637 0.4655013266685314 0.4674245743798197 0.46703109093331147 0.46599185536024745 0.4662570631531961 0.4660727691336634 0.46538257323519233 0.4655336189209355 0.4659597575574163 0.46787118656281323 0.46538336544529874 0.4656248365216797 0.46621062914743727 0.46621397449365104 0.46710986036494473 0.4663375240665969 0.4657186052800571 0.4650992364831774 0.4659026383855736 0.46721150801418493 0.4656388334702785 0.4651156956648403 0.4645724583240711 0.4703027235031881 0.4672116319442146 
0.3100710186025105 0.46420299986621916 0.46548942556394085 0.47205575707507014 0.4716986020896398 0.465501332225607 0.4719018624382053 0.4703962209694191 0.4659918756680312 0.466200409570666 0.46997717336244815 0.4653833802794185 0.4713378420212926 0.470598091241486 0.4681895652534358 0.46514742960414257 0.47152140014486427 0.47184946552717555 0.4664240666804182 0.46707518612340715 0.46632982485939234 0.46584534594431243 0.4650992365261358 0.46591972096532597 0.47241574158324295 0.46563880647492173 0.46511575318815396 0.4645698623899469 0.47035879842263195 0.46721370266149825 
0.3101586430770205 0.4639368443848518 0.46548941591705756 0.4720311246934143 0.47166712439669 0.465501332225607 0.4674245693569438 0.4669322085348329 0.46599033021118424 0.4661630919429545 0.4700966841813262 0.4653735825937806 0.465518440073194 0.4661772014313457 0.4681068959964116 0.4654024346328393 0.4656245003990386 0.4661510534280259 0.46621094783956163 0.46713710703788586 0.46640948316846254 0.4656971134257864 0.46509924125599766 0.46612196250281857 0.4726576165376166 0.4656388032416757 0.4651155066916776 0.4645724440264869 0.4705865039052084 0.46721163754537204 
0.3102021390336969 0.463942083949475 0.4654896220069209 0.4648213173527499 0.46446262636881547 0.46550133224549023 0.4674245743798197 0.4670305814354011 0.46599185540612814 0.46625412355942436 0.46607276386879143 0.4652500535987385 0.46551976456915506 0.46596075524111324 0.4678712604030918 0.46540243311380647 0.4656249041983117 0.4662106146535173 0.4661590558989802 0.4658698857215096 0.4663299374445161 0.4657187721327678 0.4650992365250017 0.46591972096532597 0.46728780218555277 0.46563831006230477 0.4651156788984586 0.4645698623899469 0.470157637147082 0.4671884167870688 
0.31079164357462735 0.4710693044231446 0.47042375017834037 0.4718090894654641 0.4721476356852679 0.4707613946481383 0.47196248019402537 0.4704839730168227 0.4699793659276932 0.4685875210945574 0.4699122824225843 0.4696100543520339 0.4712955706336185 0.4705863484410718 0.47110492458663655 0.4725522116150735 0.4715451968572783 0.4718464745431974 0.47199312122100967 0.4717358502020209 0.4720008007662956 0.4721180765511677 0.4703260226089614 0.4707514002132672 0.47184606331750273 0.47184669318877326 0.47197314900270615 0.47168056189238367 0.47046607484320263 0.4704673486540741 
0.31092996702613696 0.47106930205706415 0.47038304829910255 0.4718090894654641 0.4721504456091172 0.47076138913276194 0.47196248019402537 0.4704839730168227 0.46998048720564817 0.4685875210945574 0.4699116865141081 0.46961526606533827 0.4712955706336185 0.470407883174565 0.46811508916456573 0.47255063099149647 0.4716260804756044 0.4718464745431974 0.47199312122100967 0.47154358522502854 0.47212859909612676 0.4725782194663577 0.47054236054276505 0.4707517485235145 0.4718460704157713 0.4718462705908401 0.4719715209071941 0.4715488002470508 0.4704621352732664 0.4704720520347535 
0.31114537798925956 0.47106930290903554 0.47334882150625324 0.4718108888165396 0.4720732949595372 0.4707611869880783 0.47193498662548916 0.4704844638438805 0.46907269006399205 0.46864114665116496 0.4718006473790745 0.46960258507630576 0.47162414877164394 0.4732530452185624 0.468164370130723 0.4725520995000176 0.4716260035842056 0.4719968557318091 0.4716903866153425 0.4715473484957801 0.47200577506808195 0.472118337900567 0.47059392529398236 0.47077807969528335 0.4718468873491077 0.47183496998603747 0.47197315356685726 0.47171537463998203 0.47051834548885085 0.47047217290456933 
0.31123945867608055 0.47106930290903554 0.4734496389708385 0.47181061289918397 0.4720468178779069 0.47076163084947953 0.4719360539724416 0.4704844624278689 0.46904669421780193 0.4686278626094129 0.471648626106265 0.46960258507630576 0.47162680731875023 0.4732530452185624 0.4709786811134477 0.4725520995000176 0.47162609249899845 0.4719965225291462 0.4716903866153425 0.4715473936803075 0.47200537807280496 0.4720983755151662 0.47059392529398236 0.47074741201286724 0.4718502449154964 0.47183495663907665 0.47203376491256505 0.4716718818587037 0.4702366503347869 0.47048799943096925 
0.31166222021887774 0.4710689931303839 0.470336139454907 0.47180690772002193 0.47214431909915583 0.47076155836544253 0.47194377017596306 0.47053274181455795 0.4701254023528281 0.4719044069619001 0.4700642187723535 0.47140462691671453 0.4714139953775299 0.47057431542237277 0.4677272955338814 0.4725506576960104 0.47155628132079985 0.4719915418551307 0.4720092010746671 0.4715499468310478 0.4720058065376952 0.4720983351903585 0.4703320386785177 0.4707503185100306 0.47225048191449925 0.4718480832911053 0.4720374158683507 0.47167740349844084 0.47035705001690287 0.4704708249016767 
0.3116727030306194 0.47106929956246935 0.47016344689901757 0.4718070134639217 0.47214431909915583 0.4707630592511682 0.47193511326853016 0.47053193119613357 0.4700139183796456 0.47191557040973015 0.4700434979381096 0.4714155177013349 0.4714139953775299 0.47057579425787666 0.4707255437810698 0.4725522585041369 0.4715451090242626 0.47184647248819 0.4719929253343021 0.4715470937385502 0.4721301536682579 0.47211808523257925 0.4703259622338991 0.47075038118291307 0.4722641074711974 0.47184487905736133 0.47203527625148356 0.4716805807436736 0.47035670278471786 0.47047204323951375 
0.3119597739564872 0.4710686745034426 0.47013461877497204 0.47181095594678213 0.4721505121075412 0.4707615915671817 0.4719447352321237 0.470483955395115 0.4699406566472633 0.4717309494392245 0.4715816365034007 0.4710985527343673 0.47139209291056805 0.47057499589247587 0.46775680132483854 0.4725523143794201 0.47154510919435483 0.47184200518132274 0.47197480202283354 0.4715427923327168 0.47199449144895284 0.4720983351903585 0.47056453762894024 0.47075773859636694 0.4722625522124177 0.4718347702236482 0.47203741290205187 0.4716201412070217 0.47023652558730206 0.47045807441130477 
0.31203242939108344 0.47664949234568527 0.47018907907906904 0.4718112258881054 0.4721310193023904 0.47081446031990415 0.4719440347480596 0.4705305583659742 0.47385412120086606 0.47188641317072794 0.4715907931905077 0.47140211784374514 0.4716179211615784 0.4705749866451106 0.47095164341076856 0.47255303949605476 0.47155636197489886 0.471840097627225 0.47201970683947575 0.4715455817555263 0.47199379561281185 0.47209838676588844 0.4721864773200864 0.47074813115929054 0.4722430915849053 0.4718498211075428 0.4719726950723291 0.4716848242624814 0.47039205504645126 0.47046050643416987 
0.31222364557205645 0.47105033560877463 0.4701207315286246 0.47174684515214926 0.47213959353847923 0.47081915987081985 0.4720032047836803 0.4704835082379096 0.4738065009273745 0.47184111040824256 0.471648869198339 0.4713880792300612 0.4716267935143622 0.4704908918554406 0.4709410903918889 0.4725519880459318 0.47155688476680074 0.47199383987129795 0.4719936363828834 0.4715451633036382 0.47199386422340994 0.47209830184956186 0.4722566334570625 0.4707526505310798 0.4722432514107403 0.47184799535331406 0.4720351413776493 0.47168723247446204 0.47039128739031144 0.47047707819096585 
0.31231896673086446 0.4711405660913555 0.47023872209738077 0.47180671390414647 0.4721512823733606 0.47076283021760956 0.4719352532593539 0.4704812941419292 0.4699597565547953 0.4719048382320588 0.47010292215489874 0.4711232245897862 0.47128841994760706 0.4705757929762477 0.4706188994454381 0.47255058332286565 0.47155638427919766 0.4718421799549776 0.4716743558807406 0.4715424755836869 0.472130370237703 0.47211947801186827 0.4721687025503176 0.4707445890058519 0.4717755563323227 0.4718478046071765 0.4720375403465363 0.4715979408031776 0.4702844727357432 0.47047064718460935 
0.3124994868692087 0.47106790754944483 0.4734885004692755 0.47180695617224405 0.4721388546848435 0.47213992292008405 0.4719655540523136 0.4705318504620888 0.47388124719895336 0.4718403406266337 0.47158670567723954 0.4710986756146303 0.47161978711134106 0.4705756386018609 0.47095285571984047 0.47255209430088546 0.47154770824138825 0.47199356024325295 0.4718011828638192 0.47154306517026623 0.472004930616485 0.47209837797292187 0.47225542759185 0.4707503819632487 0.47226143616540167 0.4728279666873817 0.47203917654536287 0.4710017600365759 0.47039501378691745 0.47068410091967094 
0.31289138465163857 0.4711405660913555 0.47022172308042903 0.4718067287953839 0.4721499846093259 0.4707627191241834 0.4719438534169057 0.4705308152308356 0.4699079473929493 0.4719054493353557 0.4716033249803126 0.47110232564367743 0.47128774226875214 0.4705757929762477 0.47161765960203095 0.47255052947462556 0.47155638427919766 0.4718540079437269 0.471674518978665 0.4715465477442207 0.47213014588660945 0.47211947801186827 0.47217413385454093 0.4707503546243577 0.47177932015983803 0.4718446183284317 0.47203599616549896 0.4709821658643849 0.470281288177383 0.47047064718460935 
0.31294287635933477 0.47106785115487165 0.4734885004692755 0.4718067685275793 0.47213218991096056 0.4707461447420709 0.47194396907200403 0.4704838480907095 0.47388124719895336 0.47184220885351535 0.4716173303171339 0.4710986756146303 0.47158441421579916 0.4705948623675272 0.4709472417961422 0.47255223158932685 0.4715449880959422 0.47199174424257756 0.47180750175026964 0.4715400105500508 0.4720062757545047 0.4720983867429557 0.470476782885476 0.47075012766104973 0.47207729341147636 0.4717465516557832 0.47203740594882326 0.47095455103914824 0.4703904888082903 0.47068410091967094 
0.3132837569690567 0.47104171578945786 0.4734707009675993 0.47180617209366815 0.4721442811068707 0.4707591394221558 0.47193512496789436 0.47053052354657726 0.4797895469164711 0.4718910958627438 0.4715537180652082 0.471108141740226 0.4716197643241627 0.4705755747236474 0.4709410903918889 0.4725520160396724 0.47154549466033124 0.4719740249198828 0.4719936457339258 0.47154557924366797 0.47213952948799837 0.47209561189745053 0.47219395743744264 0.4707528786522466 0.47225148587520493 0.47185036916519374 0.4720351435448302 0.4716086793722432 0.4703561636497028 0.47047059121191276 
0.3134731241998264 0.4711418483925639 0.47344985331325007 0.47174541453467705 0.47204696913117183 0.47076161057732174 0.4720032047836803 0.4704840788206326 0.4738545927591899 0.47188641317072794 0.47164673542683383 0.47110249054657305 0.4716267935143622 0.4705969218773601 0.47109144687528415 0.472552315124643 0.4715683706374433 0.4719809548028036 0.47198120612309274 0.4715451633036382 0.47199387349847727 0.47209837764643975 0.4722566334570625 0.47074819320756073 0.47226303530642155 0.47185045172836526 0.4720360257735282 0.4709558612115826 0.4702402224886731 0.4707046722052622 
0.3135785749433385 0.47106786847616755 0.47344984003571183 0.47180696031813557 0.4721439439530821 0.47074931160405104 0.4719495149703559 0.4704820237420968 0.47383567277190447 0.47183914713509484 0.4718063703679584 0.4710988247795071 0.47155552259579264 0.47066256197212253 0.47167153927032873 0.47255231400991454 0.47154844288429654 0.4719986736962978 0.4718072286177982 0.47177373418385 0.47199362436372533 0.4720983715633053 0.472357991585045 0.4707503513815429 0.4720795051291185 0.47173770933196296 0.47203596863353314 0.47173622869398785 0.47039410595255665 0.47068370935839743 
0.31407713204873666 0.47080783751823074 0.47344985331325007 0.4722816906482539 0.4721530123345377 0.4707561299733666 0.47462161487550997 0.4705319550602901 0.47428300768493625 0.47188641317072794 0.47037084857716244 0.4711024482464812 0.4712873403138636 0.47310865354848725 0.47109152077259403 0.4725530422659102 0.471628724117709 0.4718433348429249 0.47198843811838925 0.47154516902406635 0.4719907853612504 0.47210156729704933 0.4725397235496387 0.47109678610028205 0.47226371750240104 0.4719255207465016 0.4720370763483635 0.47122914176232494 0.4704620873584467 0.47069930489349115 
0.31407598967090017 0.47105547041849705 0.47039632765428047 0.4718060845967197 0.4729399839726293 0.47547505515881117 0.4719439687676037 0.4705307968560886 0.4742712653164616 0.4718385783473719 0.4718077081025422 0.4711023859068598 0.47163677603542614 0.4731351034028822 0.47156206650347415 0.4725521564787887 0.4714880698122808 0.47179306772112084 0.47167280339484324 0.47234195946796936 0.472000479728483 0.47210149793788525 0.4721724535671813 0.4707776726660285 0.4717763977403322 0.4717425344342677 0.47203701940011106 0.47095560821323856 0.47051872024521785 0.47080964792863733 
0.3141159723580482 0.47105547041849705 0.4734882524196042 0.4718069471762955 0.47213169287807916 0.4709375486828026 0.4719439687676037 0.4705308148365097 0.4738809428595335 0.4718385783473719 0.4718077081025422 0.47110229573772483 0.4716351673661504 0.4731351034028822 0.47155242998174346 0.4725521564787887 0.4714880698122808 0.4717902116286516 0.47167280339484324 0.47173014586310924 0.472000479728483 0.47210149793788525 0.4721724535671813 0.47075126000653716 0.4717763977403322 0.471746427713502 0.4720360017331799 0.4709660215493089 0.4705186973469803 0.47080850132754803 
0.31430519013535946 0.4767553495198227 0.47344985331325007 0.47228944045087307 0.47204696913117183 0.4722121586109386 0.47462161487550997 0.4704840788206326 0.4738545927591899 0.47188641317072794 0.47572752127974666 0.4711024482464812 0.47163021784569786 0.473504303102389 0.47109152077259403 0.4725530422659102 0.471628724117709 0.47197405154671523 0.47199304969169714 0.4715451633036382 0.47199387349847727 0.47209837764643975 0.4748348921347176 0.47110018780834134 0.47226303530642155 0.47192262398463697 0.4720351441151514 0.47570350193082606 0.4704620873584467 0.470700436942071 
0.31439204912358715 0.4767553495198227 0.47344985331325007 0.4722816906482539 0.4721530123345377 0.4707561299733666 0.47462161487550997 0.4704840788206326 0.4738545927591899 0.47188641317072794 0.4703775163457291 0.4711024482464812 0.47128948161476164 0.4703791660378843 0.47109152077259403 0.4725530422659102 0.471628724117709 0.47184455472167725 0.47199304969169714 0.47154516902406635 0.4719907853612504 0.47209837764643975 0.4725397235496387 0.47109678610028205 0.47226303530642155 0.4719255207465016 0.47203497256482163 0.47570350193082606 0.4704620873584467 0.470700436942071 
0.31467792401250233 0.47668994427398054 0.47466429794579157 0.4721501985237901 0.47204696913117183 0.47229090667629514 0.47462161487550997 0.4750863690687122 0.4738196662781958 0.47188659652782755 0.4757395114962625 0.4711024482464812 0.47163010271733574 0.4706512218705511 0.4715990536473302 0.4725530422659102 0.47456459185168226 0.47186141216178296 0.47199304969169714 0.4715451633036382 0.47199387349847727 0.47209836257618637 0.47245458085791775 0.47110018780834134 0.47225363301132023 0.4719225706110897 0.4720652216855949 0.47570350193082606 0.4704620873584467 0.470700436942071 
0.3148112110319576 0.47666529070363334 0.47468226576737793 0.4778425459268908 0.47295799317621495 0.4756969909021478 0.47194399992530917 0.47511032279905846 0.47418076111852175 0.4716994089286138 0.4757468911757974 0.4711023859068598 0.47153210167600185 0.47319538475748874 0.47156206650347415 0.4725592428568864 0.4745654679626689 0.4718620329083067 0.4716779204006893 0.47234890940639523 0.47588144000440274 0.4721058408421895 0.4722582721817372 0.4732828702442439 0.4717754974705481 0.4717425344342677 0.4720642002504461 0.47546036116686397 0.47031937158527176 0.4794930096440927 
0.3151982107686203 0.4767650501059577 0.474411532575291 0.47762991323747833 0.4731916435491703 0.4760842152143878 0.47474828770150684 0.4745691364134951 0.47854867752776686 0.47866927059576286 0.4772028890735208 0.4780784111316243 0.47660031871642117 0.4729894061537274 0.47934696814452327 0.47813632776973203 0.47785790540390866 0.4793457669408498 0.4792849918794574 0.47262186737019196 0.47185052938756933 0.4727246625710357 0.47793550096945425 0.47351164236859444 0.4723640048571606 0.4779555957482842 0.47831283786497863 0.47322514346705147 0.47770210490577447 0.4793584807078524 
0.3153223046847491 0.4767393780583653 0.4739832977352825 0.4776302848453356 0.47845331979992134 0.4760841412483102 0.47707795672354325 0.473437118097925 0.478569572274746 0.4786927207371474 0.47719551738400817 0.477005643713939 0.4770826787481669 0.4737538967599129 0.4794449507426375 0.4781210356382197 0.4785701254630333 0.478060641819482 0.4792310033598797 0.4779043851996943 0.47288912808927064 0.4782434887488096 0.474908561499758 0.473519019319362 0.4790728800866881 0.47799295248893764 0.4781894410584486 0.4730257896606774 0.4778764447012987 0.47949315184926117 
0.3154318269301651 0.4767551340100941 0.474411532575291 0.47763240048014904 0.47804934820429357 0.4760842152143878 0.4747550816797931 0.4747031231858277 0.47854867752776686 0.47866924120743143 0.47711052080454947 0.4780784111316243 0.47660031871642117 0.4734330890109438 0.4710763657478926 0.47813632776973203 0.4785514639951922 0.4720600714117841 0.4792849918794574 0.4779085980165104 0.4794908053666055 0.478300810889934 0.47793550096945425 0.47351072147217105 0.47859920892789837 0.4779555799095738 0.4783117641606424 0.4732842496378368 0.47770210490577447 0.4793541403452348 
0.3156159121116225 0.47679165233004167 0.478664253183812 0.4776259318743896 0.4740397942947077 0.4797542687356671 0.4747471791112707 0.47749642066198833 0.4785486730485996 0.478649081539908 0.47735373402494297 0.47511265238429884 0.4766633918645836 0.47342886841628407 0.47125749452920157 0.4779058241582577 0.47895283502736236 0.4722976693244109 0.47928444173454643 0.4778590015074579 0.4757657280327944 0.4782424298286836 0.47808421303410836 0.4737504972665345 0.4785860148733238 0.477955609136802 0.47826267475204065 0.47979432213080747 0.47770093577399136 0.4775085000869076 
0.3157895145369719 0.47652104190620503 0.47461815821848924 0.4776301378142291 0.47297383985132174 0.47974635675439525 0.47691654607064893 0.4776301798677182 0.47860756598136117 0.4786944230027887 0.4771990752318544 0.47689512675813145 0.47667424030973915 0.4792731553944349 0.47150225687396147 0.4781108792694528 0.4778632904581604 0.4797044603223898 0.4792310030487464 0.4721391960600394 0.472809017068987 0.47824589993140443 0.47816770922297874 0.47868364055370405 0.47900270254609106 0.47826006319652314 0.4783619897284126 0.48001331192973207 0.47782314287645317 0.47935613346457306 
0.3158465318618486 0.47675476646585685 0.4786918101089288 0.47763318466267185 0.4730950124266093 0.47973564347804243 0.4806072192702779 0.47364439376454365 0.47854829183786196 0.4786965222351324 0.4756806857885835 0.4770070671067776 0.4770984800591081 0.4792730342157531 0.4716825218441438 0.4781216034133431 0.4790702030457979 0.4801276670956171 0.4792309733208273 0.4779129324197283 0.47596770996301047 0.4782363128974618 0.4745696928783154 0.47837770332173085 0.47258304037816723 0.4726948010206346 0.47777606246770843 0.479836278661786 0.47771058890675927 0.4793326959904267 
0.316165133926405 0.4765263686561971 0.4786872911077403 0.4776122234336848 0.4780441327187038 0.4756721472139569 0.47691654607064893 0.47760620770570283 0.4785699464942721 0.4784690168017399 0.47577651814914507 0.4770062888638808 0.4768171172066166 0.47927615746248164 0.47944492310743714 0.4781165693016375 0.474569285972952 0.47970554051095077 0.4792310030487464 0.47743048609189537 0.4757767374031182 0.4782616121348692 0.47823696481190087 0.47878610602639327 0.47879967355281694 0.47844786193679173 0.47826287264886314 0.4754277548978466 0.4778246037133321 0.4793360387511625 
0.3163049360470504 0.4765270045133827 0.47868722759299565 0.4776302848453356 0.47804476794186834 0.4763038467259464 0.47707795672354325 0.4776001679007791 0.478546119298283 0.4786700657176674 0.4771689937972351 0.4770266712889527 0.4767110821315891 0.47917769966718987 0.4794449507426375 0.4781207992968401 0.4785822568749664 0.4797055235764407 0.47923112784054783 0.47794147671734183 0.4729563644035426 0.47822558538873766 0.4780404575820619 0.47878610602639327 0.4790199497793129 0.47779757603033546 0.47825970753278096 0.4799554446330658 0.4778964131487998 0.4786347308885215 
0.3167761998846126 0.4767454947123855 0.47868754427369414 0.4776294830257021 0.47804404082386226 0.47973441619792606 0.47701789640443987 0.47760620545740057 0.478545669783823 0.4786920476413221 0.4783818085685719 0.47701695381338366 0.47671041299887096 0.4792750017430473 0.47944383108605343 0.47811682853154114 0.4785743738785649 0.4776776500079483 0.4792311271648541 0.47796730245389196 0.4793896130396714 0.47842375769347645 0.4780842364965966 0.478787197412634 0.4790149091089495 0.47779969636799047 0.4782626393428911 0.48004031715141077 0.478888085967743 0.4793729983280366 
0.3167248983662331 0.4765470552185828 0.4786916663294694 0.4776294830257021 0.4780440787621341 0.47973441619792606 0.4770204246436987 0.4776062054528282 0.4785471695381315 0.4786703234496199 0.47843400916200896 0.47701695381861486 0.47671018862594444 0.4792750027592351 0.479442465117502 0.4781168280001909 0.4778348697626197 0.4797058185365811 0.4792311327057189 0.4779056999837636 0.47932542069705913 0.4784215562424155 0.47816178226891565 0.47878612478162974 0.47900349897355543 0.47780723647825146 0.47826262660586377 0.4799642858812873 0.4788839102699781 0.4775320951771735 
0.3168486277228198 0.476538254799337 0.4786873646523188 0.4776302858485245 0.4780440800897404 0.4797345669349389 0.47690518144431615 0.47760620957631894 0.47854563283432494 0.47869272753892306 0.4770916477823948 0.47701695383850407 0.4768129673916942 0.47927478425934966 0.47944393874999575 0.4781212009201081 0.4785709237334471 0.4776961912150876 0.4792309724221802 0.4779115244924901 0.47938721520536476 0.4784320095851222 0.47808385556864863 0.47878176647406623 0.47878216877770374 0.4777995968234675 0.47826263660300067 0.4800503305540793 0.4788578414236306 0.4793381809610992 
0.3171965043665509 0.4765382247533305 0.47868737473809864 0.47763026677691184 0.47804195993493875 0.47973440984221055 0.47712130188394564 0.47760635757312125 0.47453115852187316 0.47869272753892306 0.4770675527341437 0.47701695383850407 0.47663408822724596 0.4792749365829111 0.4794438295097351 0.47811683222669266 0.4778838402055758 0.47948034065799117 0.47923113630468833 0.47791148172058 0.47938939218400106 0.4782432666419495 0.4781615659551535 0.47878569127257964 0.4789989978734126 0.47795390889218214 0.47826320583288906 0.47996562215048966 0.4789269060560541 0.4793718421407171 
0.31726348398205106 0.4765382247533305 0.47868754352177745 0.47762944449519695 0.47804195993493875 0.47973495254600834 0.47710412358170834 0.4773948045876134 0.4785471312194775 0.47870221190191 0.47809543478470534 0.47701695381332476 0.47663006741539515 0.47927500174255383 0.4794452083690632 0.47811681355409635 0.4778838402055758 0.4778051884826753 0.47923096977167895 0.4779115244924901 0.47932333177347175 0.47843069129530724 0.47808454440352727 0.47878559867704307 0.47901131054260565 0.47795390889218214 0.47826320583288906 0.48003867776318887 0.4789287521834496 0.4793707020387124 
0.317652403649214 0.47652706006247525 0.4786638646849778 0.47772914256454563 0.47791519241975716 0.4797346049501156 0.4769596180853938 0.47718249932368634 0.47888080564674534 0.47869471868210045 0.4770793444949868 0.4770181760515863 0.47666331388799077 0.4792772455173639 0.47944210670866916 0.4781109147277292 0.4784995322322097 0.47970451263545416 0.4792310172168849 0.4779441375010017 0.47910647464928846 0.47824186534842084 0.4780894156537679 0.4787160996807643 0.4788007866640509 0.47795415796726237 0.47825967149731397 0.4800400233985566 0.47773007892218833 0.4785770052869744 
0.31771881588947565 0.47653832633333454 0.47868754427369414 0.4776294830257021 0.4780440787621341 0.47973441619792606 0.4771064618785033 0.47760620545740057 0.4785455934578329 0.47867005719351396 0.4783818085685719 0.47701695381314846 0.47671041299887096 0.4792750017430473 0.47944383108605343 0.47811682853154114 0.4785743738785649 0.4776776500079483 0.4792311271648541 0.47796730245389196 0.4793896130396714 0.47842375769347645 0.47816178226891565 0.478787197412634 0.4790113807977682 0.47779969636799047 0.47826262660586377 0.4799642858812873 0.478888085967743 0.4793729983280366 
0.31834676928407196 0.47674909217252864 0.47866487246865136 0.47772914256454563 0.4780486908583421 0.4797346049501156 0.4799162317844975 0.47718249932368634 0.4785329081803976 0.4786945749579426 0.4770793444949868 0.4770181760515863 0.476663589332198 0.4792772455173639 0.4794422016433043 0.4781109147277292 0.4784738477786448 0.4776990633237172 0.479231015987291 0.4779441338163785 0.4793504156264676 0.478241566442481 0.4780842931616768 0.4787102071947466 0.47881235401886973 0.4828491697519216 0.4782596953893484 0.4799550694327558 0.4789045771693323 0.4793713277657358 
0.31841511230180036 0.4765470552185828 0.4786916663294694 0.47762444323967723 0.47804193633806724 0.47973441619792606 0.4805703349712013 0.4776061512698175 0.4785471695381315 0.4786703154259479 0.4782957820742175 0.4770063788861249 0.47671018862594444 0.4792761325040776 0.4794440367990223 0.4781167223566267 0.4778348697626197 0.4797065989622802 0.4792311327057189 0.4779455946128311 0.47932542069705913 0.4784336688659069 0.4781618492835508 0.47878612478162974 0.47900435930764923 0.47780670532448966 0.47826335969459055 0.4799642573864033 0.4788839102699781 0.4774989264354555 
0.3189230450121896 0.4764804094664059 0.47851549577776226 0.4776245338959159 0.48194170808339865 0.47973441496795494 0.4805715855521534 0.47760603396182105 0.47881460911359547 0.478670491455878 0.4794987777377245 0.4770167790701517 0.4824108236011899 0.47929283244891974 0.47947228486052323 0.4781168281494232 0.47857656373922103 0.4797066179088561 0.4793245369227754 0.47794501141896545 0.4793923366765325 0.4782481843225891 0.47808200746168206 0.47871709326163375 0.4789768371114129 0.47780673463007217 0.4782483789685331 0.47995584138935066 0.4788504343117733 0.47937288461110045 
0.3189303836704381 0.47648148117432426 0.47851549577776226 0.47763041775535064 0.48194170808339865 0.47973441496795494 0.48068622066241684 0.47759708811057977 0.47881460911359547 0.4786936901931738 0.4794987777377245 0.4770167790701517 0.4824108236011899 0.47929283244891974 0.47947228486052323 0.4781093230495476 0.47857656373922103 0.47970573883805895 0.4793245369227754 0.47794501141896545 0.4793923366765325 0.47824187465061246 0.4780840861216907 0.47871709326163375 0.47897886936440065 0.4778071464266302 0.47824787054457296 0.47995584138935066 0.4788504343117733 0.47937288461110045 
0.31912645099875825 0.4764856955027919 0.4786987356297645 0.477710437408382 0.4780419605961207 0.47938761798421964 0.4806861974032049 0.47759690765715285 0.47881459792833014 0.47867134642571546 0.4793570549554512 0.47701678437100525 0.48258915889077586 0.47929279584911627 0.47947168801638823 0.478108893356064 0.47858571257978605 0.4797066000558331 0.47932453468282094 0.4779478281250125 0.4793506431651129 0.4782423025867693 0.47808673229809967 0.47878516741555854 0.47881244689524965 0.47797301625443456 0.47824807656166735 0.4836412287680088 0.4788675999234259 0.4793728991295383 
0.31923468887736417 0.4767486995657248 0.4786873743371466 0.47762395100616334 0.47804196729280607 0.4797345753633407 0.48065422601218566 0.47760306543384773 0.47882407639467195 0.47867074914751107 0.47835964949818444 0.4770050731661188 0.47662552264198393 0.47927493834595475 0.4794438295097351 0.47811657017496323 0.4778606805101861 0.4797044774454145 0.47923101550308117 0.47791101103230355 0.47932738468272895 0.4784322072698641 0.47815874055555896 0.47878510571818683 0.4788144314792082 0.4779654875661386 0.4782628754809673 0.4799523760482413 0.4789155036461489 0.4793902230307969 
0.3195061382493726 0.4853114785896642 0.4786877216309445 0.48258760005967405 0.47812193352234494 0.48475169932945567 0.48462562470123577 0.48257950949660205 0.47850762546448233 0.4786681001983481 0.47963835167136676 0.4833383358529491 0.48240284576066206 0.4793559958781253 0.4794440927062534 0.47814920292071655 0.47862121463878154 0.48448500817708623 0.4792115108177607 0.4856656469366306 0.4793480997601618 0.48210408876322175 0.478243829052925 0.4787874032763007 0.4786677792657267 0.47807053453896897 0.48459910186342264 0.480118412928221 0.48463320898714246 0.4795367672297026 
0.3196188430378067 0.4853119882160421 0.47870786757958483 0.48257662109123833 0.48291510355537975 0.4797345913019841 0.4823442237197374 0.4825766801740022 0.483730864735655 0.4786949765694523 0.4845799587481444 0.4833448431110128 0.48270949230485916 0.4832254335082174 0.4799550821335256 0.477965013419758 0.4778601082162523 0.48449173985617766 0.4847093814140772 0.48525322784223096 0.47911278167744475 0.4825925109204943 0.47795594061904356 0.47871190653492224 0.4786575522175945 0.47807053453896897 0.47832764871846983 0.4843509493694877 0.4816954840746094 0.47958285917601 
0.3200115370693128 0.48531971342214736 0.4820588699635855 0.48295981148706674 0.48291493707081506 0.48510599064489596 0.48242972445700494 0.4825533945833504 0.4837405895211563 0.4848930921792768 0.48452299101223456 0.484615206598765 0.4826507640952797 0.48326181088966863 0.4844671680649005 0.4841724431601712 0.48462587390194223 0.48448822006169245 0.48468415635131545 0.4848888551411384 0.483988870425155 0.48297339464862493 0.484599782168614 0.48383351949326997 0.4848478025663805 0.4832038178594203 0.4845360238004403 0.4841942145822598 0.48448355766484624 0.4854253897854718 
0.3202855382522583 0.48532753652394567 0.481977829800912 0.48281924140915283 0.4776300480470809 0.4849051402069467 0.48469786323065484 0.4850681855926266 0.48374062820766456 0.4848987120051056 0.4845415964497476 0.484614053721242 0.4826557834097714 0.4832618109568453 0.4849187317424648 0.48417312253378936 0.4846260373414267 0.4844882829412323 0.4846841478464116 0.4849528371148791 0.4839819103459073 0.48297094453997536 0.4845997843343674 0.48398142354544244 0.4848460183691602 0.4831971670281733 0.4845185993392335 0.4841983433810912 0.4844835429875422 0.48579608162704113 
0.320592059439152 0.485327427183288 0.4819765118062692 0.48294390038403906 0.48290916679384444 0.4849070601970263 0.48469786323065484 0.4850681855926266 0.4837406261613246 0.4849000726655802 0.4845232156001904 0.484614053721242 0.48265566165227325 0.4832618109613249 0.48493909050070894 0.48417312253378936 0.484422060710763 0.4844882829412323 0.48468030590866273 0.4848835870646168 0.4839819103459073 0.48297094453997536 0.4845997843344118 0.48397648432214296 0.4848478023402777 0.48319718723880023 0.48451859933385494 0.48428522713942845 0.48448354356258005 0.4858160653336852 
0.3210083670625245 0.4853266687232559 0.48190208598795187 0.4826976424002993 0.4829149036767688 0.4849821675877876 0.4846058712189865 0.48244207583454013 0.4837425878674698 0.4849056175209526 0.4845220092435601 0.48461860157965064 0.4826509595360097 0.4832618104242052 0.48445808430224263 0.48417957063012446 0.4844220590269869 0.48449294156541484 0.48468025560066536 0.4854118102771962 0.47935997444657985 0.48297093954764847 0.4845999699870053 0.48397015540965366 0.48484812915241643 0.4831971821125346 0.48226647013975343 0.48418996403883147 0.48448229223883155 0.48542186410644517 
0.3210901135630616 0.4855765887482293 0.48197494363843235 0.48269959836320453 0.48291495991441574 0.48490693649500005 0.48470214820608265 0.4824411537882506 0.4837407193431358 0.4849017190858572 0.48452330525092197 0.4846141569036342 0.4826509595360097 0.48326181089963005 0.48493080023062707 0.4841795912399662 0.48441924632657624 0.48449285926692076 0.48468035652612423 0.48485973678149386 0.48399217043268206 0.48297107671144296 0.48459986094487817 0.48397015540965366 0.4848477237348331 0.483197186519917 0.4823113013270715 0.48431543348299283 0.4844278935661166 0.48544075229430705 
0.32125580857501096 0.4853264870762208 0.4819020516612084 0.4826947724586561 0.4866725387811875 0.4849070073042741 0.4847689705193093 0.47705278098239107 0.483740587145511 0.48489302544993523 0.48452305117760247 0.4846139419199163 0.48265585494489854 0.4832618109615872 0.48493910654637684 0.4781181323919808 0.48461836195012953 0.4844936094384447 0.4846803601529183 0.4848885842371909 0.48398167230211714 0.48297094207659585 0.48481960656844475 0.48397647477374744 0.4848478040595607 0.4830129552220443 0.4845185881278979 0.48428410347778394 0.48448361067427237 0.4854251966926143 
0.3218291796366788 0.48532727315354035 0.48211886570400453 0.4829599268508629 0.4829157600454792 0.48510607585713583 0.4846997562947157 0.4851652536744782 0.4837406259532887 0.4848937815899469 0.4845234253220417 0.484610764987313 0.4826288017092623 0.4832618123371477 0.4849426901157263 0.48418024771700824 0.48442206216493233 0.4844882398271184 0.4847029436003172 0.4848769372655348 0.4839849834637889 0.4829733807872447 0.48459986066402955 0.48398129245600846 0.48484780220249774 0.4831971821125753 0.4845296017922883 0.48418957305325105 0.4844276647489064 0.48551549058211013 
0.32186972739949427 0.4853274556878284 0.48189580750303246 0.4829560999062884 0.4829149894374152 0.48489033333870873 0.48467050113716414 0.4852794975975581 0.48374062647168153 0.4849009865511966 0.48452721603293786 0.48461077461576596 0.4826124062335886 0.48326181094714526 0.48494245973116784 0.4841725073489874 0.48442206216493233 0.4844929070736583 0.4847090035278691 0.4841682040259316 0.483984751973521 0.48297094620770337 0.48459986066402955 0.4839817705142878 0.4848478226788242 0.4831971844836648 0.4845184772624366 0.4842922461197484 0.48442767366635997 0.4854222165273207 
0.32210145818180025 0.48532744109253356 0.48197365122298874 0.48294390038403906 0.48291504933315876 0.4849056746169042 0.48467036479548653 0.4853652136640405 0.4837406264694338 0.4849000726655802 0.4845232156001904 0.484614053721242 0.4826136999745995 0.4832618123351158 0.48494244902980793 0.48417312253378936 0.4844220621680514 0.4844882848197916 0.4847088011548719 0.48488324579809294 0.4839819103459073 0.4829709445730545 0.48459986080889617 0.48398177577064244 0.48484780231713537 0.483197187245711 0.48451847825242944 0.48431543211071654 0.48448354356258005 0.4854217159351038 
0.3222440437214485 0.4853266573465657 0.4820565678655426 0.4829881998307807 0.4829166885295329 0.48489017471030504 0.4869875006315608 0.48520370413619063 0.4837406264631676 0.48490098134928994 0.4844208421681863 0.48459329325725076 0.48641084502243453 0.48326181105923943 0.4849424510269448 0.48418002798050414 0.48422642902032315 0.48448826273240475 0.4851101563320218 0.48553938892604454 0.4840649693951745 0.4831409977467363 0.48517401356090767 0.4839806522996888 0.4848495382314101 0.48315780059380065 0.4845184779602192 0.48440787622309617 0.48442663007609627 0.48576905702299167 
0.3228431405791419 0.4853266573465657 0.4821231980992867 0.48298769874783365 0.48291576147685344 0.4849056746169042 0.4870402129519399 0.4851639717686998 0.4837406264631676 0.4849009805405139 0.4844208421681863 0.4846247095308649 0.48641084502243453 0.48326181230416837 0.48494245104057876 0.48418002798050414 0.4842224268620425 0.4844929322547845 0.4851102211601561 0.48553938892604454 0.4840649693951745 0.48314421655848844 0.48517437659730306 0.4839806522996888 0.48484762364877715 0.48315780059380065 0.4845184779602192 0.48440787622309617 0.48448195977375025 0.48576905702299167 
0.32286636101550376 0.48565835819147674 0.4821231980992867 0.48298769874783365 0.4829150352176439 0.4849056746169042 0.4847324705502722 0.48516595516313155 0.4837406281147066 0.4849009805405139 0.4844208421681863 0.4846247095308649 0.48638809918815024 0.48326181230416837 0.48494245104057876 0.48418012711195396 0.4842224268620425 0.4844929128402641 0.4851102211601561 0.48553938892604454 0.4839816784038495 0.4831402414877382 0.48517437659730306 0.4839806173554979 0.48484762364877715 0.4831955676750322 0.4845185979131121 0.48441100597862113 0.4844819646053759 0.48576905702299167 
0.32296558974427875 0.4853265427478771 0.4819020516612084 0.4826960698797344 0.48270861305136903 0.48490762333199755 0.4846688691449405 0.48525508029919817 0.4880574974390079 0.484900919788484 0.48460896737463266 0.48461292506062476 0.4878343620960165 0.48928625669766007 0.4857300165685048 0.4884457141279034 0.48459838934397126 0.4844936022250106 0.48468044754998973 0.48541178113896605 0.4839819226353076 0.48297094335132523 0.48462225034610945 0.483981024993835 0.48484764295594807 0.48319718447720134 0.4875424571241483 0.4874762432841072 0.4845141308390456 0.4854251966926143 
0.3233986012129345 0.4853276447113252 0.48214202085914337 0.4829805033694888 0.4867101595005834 0.48490577304285065 0.48205794414814984 0.4851639717686998 0.4837138300141456 0.48484338872353944 0.48450675455744596 0.48462513643514077 0.4861693232213979 0.483225429504182 0.4849538790860398 0.48429464050668086 0.4846043414471954 0.48449291057933147 0.48509142214689566 0.48479234162876683 0.48406239896731224 0.48288408969399244 0.48477810819613804 0.48398071931948977 0.48484778879776214 0.4831623300904599 0.4845185165712679 0.4843691348191413 0.4845213423468439 0.48539298800158187 
0.3237023068520579 0.48532328240632233 0.4907989988732127 0.4876598321789152 0.4854855021261755 0.48266897061380126 0.484767911233327 0.48724516708397675 0.4847803970029394 0.48980610972360566 0.48442065246214494 0.487612184018714 0.48648125088608507 0.4831185234957344 0.4843324270775672 0.48838341827145654 0.4843853194463662 0.4844818701110117 0.48468533942947123 0.4902445767720712 0.48872368667341937 0.49066012101712464 0.48519275538449375 0.48956733245183276 0.4890000416277411 0.48597557321324636 0.4844797459176691 0.4841499689202854 0.48442564739677013 0.48822879089512466 
0.32384415501853875 0.48532449664613425 0.49010087882787334 0.4872705395937919 0.49193656996150054 0.49036740689123837 0.48705576726798927 0.4887465009379525 0.4879226498135263 0.48495304546459006 0.48450950304146045 0.4875972866303189 0.4863682727044181 0.4893176184660542 0.4857501962868872 0.4886351059513763 0.48688863364997265 0.48485266063347643 0.4844457967337744 0.485681628868893 0.4887438111621338 0.4905312922711913 0.48481063089231424 0.48394160492797667 0.4887292808297639 0.4832789745856815 0.48785417397307973 0.48435191491304563 0.4845167235244902 0.48551934551860376 
0.3241106628920711 0.48532450759709067 0.49006997200699226 0.48729112300514515 0.4921593935549982 0.49003843030474775 0.4869279133717108 0.4887110814617368 0.48803876342525937 0.4898060687465073 0.4901372542251463 0.4876075232210733 0.48778008213844937 0.4888996641339218 0.485766905147796 0.48838997858761823 0.48844332114419375 0.4923438542839043 0.48507548941917056 0.49120152338215195 0.48874386966475203 0.49065029165457846 0.4905952400691803 0.4886250931090553 0.4887812430402581 0.48579710430320133 0.48785220656152445 0.48433317272120985 0.4895106846861638 0.4879305298698302 
0.3242533074858677 0.4853244976146665 0.49006997200699226 0.48729112300514515 0.4921593935549982 0.484976723209434 0.4870545189098576 0.4887110814617368 0.4848813963698873 0.4899913726187948 0.4901372542251463 0.48760741598130974 0.48778008213844937 0.48888706100048007 0.485766905147796 0.48838997858761823 0.4884316012953966 0.4923438542839043 0.4844155796979226 0.4912055953131865 0.4887438469806106 0.49065029165457846 0.4905952400691803 0.4886250931090553 0.48492198793984614 0.4935468690461208 0.4875238092604534 0.48863379789124284 0.48462308635556456 0.48549313343802647 
0.3247044064851809 0.48532449762485663 0.49006997205503194 0.48729112300514515 0.4921594034793688 0.49037002309542665 0.4870557659757493 0.4887110814617368 0.488008170097027 0.4898053683493755 0.4901372544891811 0.4876075239286369 0.4877768802549797 0.4888996641339218 0.485766905084796 0.4882756612297409 0.48844363665582985 0.4923438957232729 0.48507736860368894 0.49120152338215195 0.48874386966475203 0.4906502916545 0.49059505818929366 0.4886254971717277 0.48878171815569854 0.48579710430320133 0.48789372040369416 0.4884711782886002 0.4895766442645732 0.4877898689150495 
0.32475613677017756 0.48532449762485663 0.49006997200737445 0.48729112300514515 0.4921594034793688 0.4903700333577287 0.4870557659757493 0.4887110814617368 0.48803876342525937 0.489806308666586 0.49013725421884996 0.4876075231989732 0.4877768802549797 0.4888996641339218 0.485766905084796 0.4882756612297409 0.488443634063431 0.4923438542839043 0.48507736860368894 0.49120152338215195 0.48874386966475203 0.4906502916545 0.49059505818929366 0.4898311558906702 0.48878171815569854 0.48579710430320133 0.48789372040369416 0.4884711782886002 0.4895780504071052 0.4879758800247883 
0.3249168778969694 0.48532434772501243 0.49023676596402666 0.48729138288853086 0.4858517766280265 0.490376442160948 0.48702030453912515 0.48871294701562473 0.4880387693205899 0.4898024567690053 0.4900991716213893 0.48759929578932587 0.48582863804232757 0.4888995226697084 0.4857660504499802 0.48838997858761823 0.4843247360498084 0.49227275665987874 0.48516052879477645 0.4912001294999712 0.488743966401322 0.4906502908426162 0.4905952400691803 0.4895188563708003 0.4887795061255454 0.4858043045058938 0.4923138471720012 0.48869532424240186 0.4845471723749922 0.49366320059141755 
0.3250727216432452 0.48532449762485663 0.49006997200699226 0.48729112300514515 0.4921593935549982 0.49003914298267187 0.4869338797382318 0.4887110814617368 0.48803876342525937 0.4898060687465073 0.4901372542251463 0.4876075232210733 0.48778008213844937 0.4888996641339218 0.485766905147796 0.48838997858761823 0.48844332114419375 0.4923438542839043 0.48507548941917056 0.49120152338215195 0.48874386966475203 0.49065029165457846 0.4905952400691803 0.4886250931090553 0.4887812176823827 0.48579710430320133 0.48785220656152445 0.4884711782886002 0.4895106846861638 0.4879758800247883 
0.32551222770292343 0.48532449762485663 0.49006997200699226 0.48729112300514515 0.49215939304052675 0.4903700333577287 0.4870557659757493 0.4887110814617368 0.48803876342525937 0.4898060756411304 0.4901372542251463 0.4876075232210733 0.48778008213844937 0.4888996641339218 0.48576690515104815 0.48838983889197346 0.48844332114419375 0.4923438542839043 0.48507551988374875 0.49120152338215195 0.48874386966475203 0.49065029165457846 0.4905952400691803 0.4886250931090553 0.48878171815569854 0.48579710430320133 0.4878932241460853 0.4884711782886002 0.48951064758651974 0.4879758800247883 
0.32586443807696186 0.48532449762485663 0.4900711669523362 0.48729112300514515 0.4921586320424597 0.4903810191042774 0.4870557659757493 0.4887110814617368 0.4870587314499333 0.4900716262367457 0.4901372542251463 0.4876033404059302 0.4876857206701436 0.488891970807693 0.485766905147796 0.4882750839805555 0.48844332114419375 0.4923438542839043 0.48507548941917056 0.49128454140843386 0.48874386966475203 0.49065029165457846 0.4905950643345496 0.488577667045913 0.48878407213504305 0.48579710430320133 0.49213029626990923 0.4884711782886002 0.48957784448277925 0.4926026039152586 
0.32592060994342736 0.48764389814995357 0.4898892047544272 0.4878226506924182 0.49186536114809065 0.49049787736981315 0.493205444061536 0.48868840638318384 0.4870533234239321 0.4900651463815717 0.4898654276345087 0.4903414775443045 0.49199672915538745 0.48924371350151397 0.492679152735293 0.488821490713875 0.4923380462048849 0.4923585008020375 0.49226129061292057 0.49128636885355564 0.4886370784596756 0.49082713258661886 0.49105335360668667 0.48988143694134473 0.4916207142110792 0.4929274252049378 0.4923282103163257 0.48978396926656936 0.49128374671206393 0.4926048529793386 
0.32626968436725984 0.48764236324314747 0.4898731874334394 0.4925419931985679 0.4918747527573821 0.4904979015793617 0.49334696185315335 0.4887131682290473 0.4871284588689609 0.49005785764546733 0.4898841653917404 0.4905759076884084 0.49161841549924656 0.48924399638996285 0.49309129172785515 0.48882122447729026 0.4921188759791952 0.4919836454947964 0.49226129061292057 0.4888125499934994 0.49102830065501835 0.4906469225925397 0.49105335360668667 0.48988233573845463 0.4916193158434487 0.4929281238751294 0.4924488592711348 0.48978322841037775 0.4912509177118831 0.49252862696706406 
0.3267134364157579 0.4850204626091461 0.48987326339790377 0.4924934191187612 0.4919234529670364 0.4903694705028592 0.48723515601523426 0.48863810909155886 0.48688257766140774 0.49010053569326406 0.48988563711397665 0.4901350587273098 0.48765638438843917 0.49420730630505916 0.4930590359558846 0.4882753345686924 0.488289806376908 0.49202731011968587 0.4917927541767634 0.4952005270194313 0.4888486192966006 0.4908182248137543 0.49097763064951666 0.4896402040062963 0.49320992791494755 0.49292911870656886 0.4918556071981032 0.48841593861407584 0.4917052413693221 0.4914971659707687 
0.327162897785493 0.4934611742323943 0.48987320117307337 0.4925461728121474 0.4924035640288604 0.4904979042748948 0.4934548666471795 0.49450614092050704 0.49391885322695883 0.4900568914934724 0.4898847600531741 0.49047334119662184 0.49194371291100536 0.4893524964115822 0.4930911192023347 0.4923873694697249 0.4923355252839083 0.4920251397111438 0.49226128909354605 0.49141944738481674 0.49103051012716553 0.49081780587872176 0.49130907196431167 0.49332118345083964 0.49314332483874457 0.4929281006219459 0.4919205103038074 0.4897848113864068 0.49115256325521606 0.4925674841715635 
0.32738048572849054 0.4933581129388433 0.4898732176528614 0.4925728986499093 0.4924035640288604 0.49049785209919 0.4934566225669936 0.49450614092050704 0.49391885322695883 0.4900569337292855 0.49011608269096263 0.49047334119662184 0.4919437129107937 0.48964612140402475 0.49309856006726144 0.4923873694697249 0.4923309709150148 0.4923487813869438 0.49226128909354605 0.4914212175131308 0.4907642703294682 0.49082122931369987 0.4909899115186836 0.49332118345083964 0.4931352682985477 0.49292911946822043 0.4919205103038074 0.4886125849926336 0.49115256325521606 0.49256615429033807 
0.32777832777028826 0.4933543235533111 0.4898731147363936 0.4925463825137864 0.4923956706105722 0.49049937032223917 0.49345666311863645 0.49442186239886804 0.49391885166511146 0.49007281912154027 0.48967474551990103 0.4901272934649883 0.4919449500987126 0.49422148399086474 0.4930946969715391 0.4925275100146555 0.4921226592034307 0.4922102165167287 0.49226147932464115 0.4951745031951513 0.4908323341275538 0.49082201100448103 0.4913068748241246 0.4933162900330159 0.4932084268061134 0.49292901839586944 0.4926327134424501 0.49391249261809717 0.49182572065047275 0.4935631870302075 
0.32783417604648596 0.4933543235533111 0.4898731146845793 0.4925463811448955 0.49239558611155665 0.49049936998238347 0.49345666311863645 0.4944248447386338 0.4939188531631654 0.49007281912154027 0.48967476595948944 0.49012730160504187 0.49194387607097745 0.49422147863201465 0.4930946969715391 0.49252750999087214 0.49212280284633464 0.49202781974784 0.49226147932464115 0.4951745047393322 0.4908323343399833 0.49082201100448103 0.4913068436283 0.49331630351667916 0.49320832607721615 0.49292901839586944 0.4926327134424501 0.4939200158051298 0.4918254748600405 0.4935631870302075 
0.3286075734051897 0.49335428688135347 0.4898731146872959 0.4925464551457157 0.49239802747430733 0.4904993699820004 0.4936676015743428 0.4942991159862668 0.4939188531724105 0.49007278952751204 0.4896783788085175 0.4901272936587354 0.49194380735055765 0.4942214785408225 0.4930932498836912 0.49252751003734435 0.49212265922644266 0.4965009989709677 0.49226147932471065 0.4951745047441613 0.4908323310445407 0.4908212961753379 0.49130579328878593 0.49331630352812067 0.4932084279742422 0.4929290242103584 0.4926257694120774 0.4941660365816887 0.4918517105119676 0.49361282945761686 
0.32886809503449405 0.4933558319943435 0.4898731146872959 0.4925464534647411 0.4918929788025874 0.4904993836236441 0.4936820543231059 0.49428669361318184 0.4939188539860449 0.490071856293653 0.48967837895885996 0.4901272835934015 0.4919438082891981 0.49415610585638353 0.49309471538823263 0.49252727630290055 0.4921224720015793 0.49202784350104406 0.49226148006230297 0.4951764114178403 0.4908323299438179 0.4908212961753379 0.49098354282627815 0.49331592225101334 0.49320842810866217 0.49292902424974433 0.4926254552307054 0.49395355062726903 0.4918220657486321 0.49361451796982314 
0.3295282143386404 0.4932405731496244 0.4898706455310817 0.49651614547262113 0.491953134573785 0.49030211350222014 0.4936820575532671 0.49429830503173633 0.49390386934969965 0.4900727257815198 0.4964111428149206 0.49816263952719875 0.4966324318295246 0.49420725704916196 0.4930948038678471 0.49258196425838296 0.49212236719308444 0.492027330912497 0.49214436446310195 0.49519502219718275 0.4963653420049606 0.4907887183452885 0.4910479334227519 0.49259150196612467 0.4931396848009573 0.49292865492695065 0.4926106655376764 0.49387785829004854 0.49187289958251407 0.49351179590296035 
0.3295646061447815 0.49324036717833847 0.4898706455310817 0.4946456885483162 0.49206357824984875 0.49030211350222014 0.49368207417463184 0.4971727139598335 0.4945921615325401 0.49007272480571396 0.4964111428149206 0.4981626381901744 0.49666811592230026 0.4948976413622332 0.4930948038678471 0.4926189543291295 0.4921204003123771 0.4919432362506004 0.49640858321705167 0.49519502219718275 0.49643784574290173 0.4904435377937689 0.4910479334227519 0.49259150196612467 0.49317688336114546 0.4929286562131851 0.49874184737533195 0.4939193773095728 0.4973456505841652 0.4935628954465457 
0.3301053512367616 0.498710483878937 0.5002700116585639 0.4978123081900829 0.4999753610070824 0.49846084765895365 0.4937981048575392 0.49425298568836634 0.4945981745241748 0.4988266412062257 0.4989254267695803 0.49816361401003656 0.4996636093748248 0.4958103768872917 0.4928450801128507 0.5001472507508216 0.4921443189272142 0.49194328825347583 0.4964195642773595 0.4951947075453151 0.496441190862218 0.4960675776108928 0.4958423082501914 0.49600266650451347 0.4973189882405193 0.49678516078862855 0.4917973236603007 0.49395344227447785 0.497478257421905 0.49996366306177653 
0.3301260198442311 0.49247709916004995 0.5005283490121114 0.4978123081900829 0.4999753610070824 0.49846084765895365 0.4937981048575392 0.4972440361157939 0.4945981745241748 0.4988219647040646 0.4989254267695803 0.4981666657318556 0.4996636093748248 0.49581027130239297 0.4928450801128507 0.5001472507508216 0.4921443189272142 0.4978594965732619 0.4964195642773595 0.49928018983883937 0.49644100716304934 0.496288395130855 0.4958418192853923 0.49600735749103947 0.49722946763947073 0.49678270662441254 0.4916263344237021 0.4982348169802769 0.497478257421905 0.49996366306177653 
0.3303154974964991 0.492542918098329 0.5005206923855422 0.4944797265784247 0.49991539094017495 0.49850096209053674 0.4937981511446978 0.49731734601524274 0.49459873671550025 0.4985375564660125 0.49880171084628666 0.4981667097059495 0.4922950194405385 0.4957881208422003 0.5000054549965203 0.5001898678940222 0.49886462495888084 0.4976335197389731 0.496381789473636 0.4990519402190813 0.4964465727074165 0.49929789813668923 0.4959306576639424 0.49583908338426963 0.4972407766503907 0.4966936618339632 0.49886797225510376 0.49726345319506104 0.4969207375879702 0.5004045908791089 
0.3306537970495774 0.4989127182815223 0.5002608209404369 0.49782965006823066 0.5000919811830035 0.49857530898580144 0.49367527399371125 0.4975577405300759 0.4988640717582352 0.49859731020994447 0.4987136975845508 0.49816709415583565 0.49961551496957984 0.4957918929021617 0.500010518858943 0.4954272945501481 0.5004617204587506 0.49785176340132653 0.5002633686402188 0.4989665016030723 0.49686386787284964 0.49918468900924506 0.4972316488673263 0.4958919157910394 0.4972396026675929 0.4970116871068759 0.4991024765231549 0.49739778152656383 0.4968990083069379 0.5001377095982708 
0.330777492897718 0.4989441960620752 0.5002698097647669 0.497829410737757 0.500093526746006 0.4985007660915824 0.49368364564344314 0.4975716817528487 0.49885362748637035 0.4985502631853609 0.49880842815057347 0.49817083978704924 0.49961554335634173 0.4957908777460648 0.5000008018455406 0.5001465981452572 0.49882247520397754 0.4976371429620786 0.500331410124001 0.49635789995238944 0.49625748794928665 0.49918554933216586 0.49723275243966564 0.4986850924828441 0.49723962948237593 0.49701239250589585 0.4988727210712039 0.4973982853463412 0.49692031322564906 0.5004160273303181 
0.33096610092841483 0.501051370210736 0.5005208715713891 0.4978297025483275 0.500002164718489 0.4985009634906335 0.4937896314596013 0.4976574713421118 0.4989090079069354 0.49860773566439615 0.4988007859624843 0.4981667096979435 0.5002459735942384 0.4957883883269152 0.500010337950349 0.5001899675808431 0.5005438819135121 0.49762884385064626 0.49618914653054075 0.49905282342873747 0.4964339260502516 0.49918089986238445 0.4972370572664361 0.498842851363452 0.49723995455535686 0.49669364289027074 0.4988654103197022 0.4954516946758676 0.4969225368185831 0.5003068550345827 
0.3311891631463807 0.4989179163910844 0.5005297024415548 0.4978263177833666 0.5000907823836647 0.49858548614561005 0.49369166453457775 0.49760676857070474 0.49872388277116236 0.4989436032968513 0.4987121824699817 0.498162593148512 0.4996636094452688 0.4956244927841296 0.49987532806710006 0.5001906428755383 0.5003957291019453 0.49783613360143886 0.5002445755930564 0.4963963369675085 0.496441190862218 0.49918115714787853 0.4958339368445499 0.49600266650451347 0.49722097849580094 0.4970215163876948 0.49912713490620386 0.4974151232669474 0.49692003160102677 0.5001477495117589 
0.33134924497325635 0.4987084804272798 0.5002644474410055 0.497829410737757 0.5000934963618021 0.49846327297768017 0.49368364564344314 0.4975720688311446 0.49459878815162694 0.49855383961140304 0.49892712119503824 0.4981712054918616 0.49961551496957984 0.49579148189266387 0.5000105837215275 0.5001466019278339 0.49883614211175326 0.49763717223327986 0.500331403860744 0.4963578607234136 0.4964459718979224 0.4960559183662697 0.4972327493047522 0.49618070070293446 0.49723962948237593 0.4970211182570403 0.4989308748484062 0.4973982853463412 0.49692093244554747 0.5004160273303181 
0.3315246810365456 0.4989446414840166 0.5002644553422833 0.49782941119959057 0.5000934805225039 0.49851463912969957 0.49368364564344314 0.4975720688311446 0.4950718689556612 0.49855383961140304 0.49880842815057347 0.4981711372038709 0.49961551496957984 0.49579084777614446 0.5000118840693408 0.5001877583691823 0.5005452322745487 0.49763717223327986 0.500331403860744 0.4963578607234136 0.49644594969419104 0.49930404033317205 0.4972327493047522 0.49868511477395916 0.49723962948039363 0.496940093398187 0.49915324007493495 0.49739521372257883 0.49692093244554747 0.5004095329604308 
0.33178810250200136 0.4989127182815223 0.5005389568193629 0.49782967896047475 0.5000988706379166 0.49857583842844383 0.49367527399371125 0.4975577405300759 0.4988640717582352 0.49859731020994447 0.4987136975845508 0.4981667707775939 0.49961551496957984 0.4957918929021617 0.500010518858943 0.5001083395208692 0.4988619160044517 0.49785176340132653 0.5002633686402188 0.4989665016030723 0.4964458889315856 0.4993060615858663 0.4972326610546788 0.4958919157910394 0.4972396026675929 0.49701239250589585 0.499101436936003 0.49739778152656383 0.49692092802204557 0.5004165929374688 
0.3322363531657084 0.5012326514179886 0.5002700642210615 0.4978266627277563 0.5000912364488121 0.49858660960119033 0.49378235828223116 0.4975965158728522 0.498865026724908 0.4992011734324117 0.4986991741555659 0.4981667125103513 0.49961499799456194 0.4956222905369488 0.4998764984147244 0.5001487238066432 0.5003546744696441 0.49784585046097385 0.49929174276129173 0.4989036854373166 0.4962548136822695 0.4991811034501764 0.49721582534151615 0.4986995479309161 0.4972378097218377 0.49886617769127695 0.49915431271691674 0.49829432942832574 0.4968993331402287 0.5001089699539079 
0.3323674957787243 0.49895477552306605 0.5002426368210915 0.49782660381026494 0.500090655948859 0.49849212419366623 0.5042990504177258 0.49757160891352353 0.4988651172328096 0.49855408003138746 0.4988083076522831 0.49816258511720296 0.49963637684153955 0.49576188239893965 0.4998544732430188 0.5001893184153349 0.5005532755453742 0.49783786752047526 0.5002687706935328 0.4963582046023169 0.4966861729262999 0.4991849107107474 0.4999924971386893 0.49868208813148834 0.4972394520088846 0.4970212607112032 0.49886432195817765 0.4973972821276164 0.49689903316309186 0.5001479536800526 
0.3327157709116867 0.498992755777583 0.5002682627826279 0.49782666969641937 0.5000915216541998 0.49851415333350585 0.49378796162599836 0.49731043467518493 0.49890391332605316 0.49857877168949394 0.49871255358243916 0.4981708597910288 0.49963637778243714 0.4957416626898578 0.49987091759708147 0.5001878781570026 0.5005242173343271 0.4978313529763587 0.5003354606275136 0.4989506103903987 0.49682911455534007 0.49918464464734097 0.4971650037402566 0.4986897492483279 0.5004303764708614 0.49887656658027885 0.49915546776434766 0.4982932922781049 0.49689872981625033 0.5001314736737102 
0.33275490838477784 0.49899349783724656 0.5002682627826279 0.49782666969641937 0.5000915765388075 0.49851415333350585 0.49378796162599836 0.49731043467518493 0.49890391332605316 0.4985487551013894 0.4987121036215079 0.4981708597910288 0.49963637778243714 0.4957416626898578 0.4999993833619039 0.5001888599028208 0.5005343629927465 0.4978333181399778 0.5003354606275136 0.4989338646591128 0.49625489669444633 0.49918546141495523 0.49723267232580587 0.4986897492483279 0.5003848656613975 0.49887656658027885 0.49915546776434766 0.4974038454764196 0.4968993874936413 0.5001314736737102 
0.3329130751060846 0.5012326514179886 0.5002700642210615 0.4978297658869873 0.5000912205580824 0.49850150188502257 0.49387811518084274 0.4975965158728522 0.4988645413466251 0.49893952391609714 0.49869945019523904 0.4981667084863956 0.49963479709601527 0.4956218224873592 0.49987278204158303 0.5001894128751319 0.5004004307442352 0.49784585046097385 0.500268219080343 0.49890089053072234 0.4962548136822695 0.4991811507401798 0.49721582534151615 0.49878548085688623 0.4972396296540042 0.4970127919763483 0.49877564007274366 0.49739866130590227 0.49689933399316843 0.5004164926263917 
0.3331090099680637 0.5012290464491902 0.5005315920450333 0.49783416943566644 0.5000074291867844 0.4986100261516496 0.5044655477009262 0.5018363181483447 0.49878240758448666 0.4989169192338559 0.49897465737408325 0.49816224496452616 0.5002795634454852 0.4949203258313602 0.49998110337600526 0.500189273300701 0.5005003157697704 0.502906128219323 0.5002627139528988 0.49894979469571166 0.49749212369048773 0.4991848392054004 0.49616049398434486 0.499047373904198 0.49887684237294055 0.4972968678080929 0.5004618491172619 0.4982704624141642 0.49692549683722415 0.5000311062831881 
0.3335363083737778 0.49895422961894464 0.5005437149714994 0.49782662257300553 0.5000922889674224 0.498514434813537 0.5042990504177258 0.497592844429984 0.49890531750871997 0.5027505270230005 0.4986981839714311 0.4981710159034174 0.4996363768382419 0.49576188239893965 0.49985751663276423 0.5001888714197006 0.500555309584804 0.49785231429228227 0.5002682527241628 0.49894979838857373 0.4962013692749894 0.4991854512121966 0.49987296712680584 0.4984782276567404 0.5003796613696425 0.4988957048061284 0.49915536337899347 0.503352925417948 0.4969005700025457 0.5001318753411708 
0.3342023567228585 0.5012010247178096 0.5005520959849228 0.4981623131711745 0.5000008123105143 0.5022411582195574 0.5044631942083923 0.501835450210337 0.4987834958196808 0.5029887993383646 0.5055599870844422 0.49816660851002215 0.4996346381143505 0.5044150267680909 0.499849381227383 0.5001927381723223 0.5005089080499068 0.49785372712118847 0.5001962542156737 0.49894981402049277 0.5055571773141443 0.49918486046024635 0.4998645437096804 0.49922954407484493 0.5002780102793037 0.49729663495965326 0.5005140170552499 0.5027992179953382 0.49690004528126414 0.5001321069737119 
0.3343494106443734 0.501230488328858 0.5003747651283436 0.49783396380388073 0.5000008123105143 0.5022411582195574 0.5044631942083923 0.501835450210337 0.498783503331069 0.5026718800735949 0.5055599870844422 0.49816212719009023 0.4996346381143505 0.5044189528389963 0.49984920336757416 0.5001885646910885 0.5005089080499068 0.4978537630212948 0.5001962542156737 0.498949845106179 0.5056981847112543 0.49918485198882934 0.4998645437096804 0.4984772622096784 0.5002780102793037 0.4972965653592191 0.5005140170552499 0.503101001576173 0.49690004528126414 0.5001321069737119 
0.33514165502399723 0.5012291423836948 0.5003758858559199 0.49783396380388073 0.5000008065331064 0.5059208334958191 0.5044631942083923 0.5018353813753558 0.498783503331069 0.5026718800735949 0.505621814483651 0.49816212383910924 0.49963463747794096 0.504418957240572 0.49984920336757416 0.5001885646910885 0.5005089080499068 0.4978537630212948 0.5001962542156737 0.498949845106179 0.4966436880545038 0.49918017695059186 0.4998645437096804 0.4984772622096784 0.5002780102793037 0.4972965653592191 0.5005140170552499 0.503101001576173 0.5021155013679803 0.5001321063194468 
0.3358692036898849 0.5012305797208133 0.5046589165079014 0.4987121503145131 0.5000008066782967 0.5058746097605343 0.5044623838478539 0.501835450210337 0.49898786175459175 0.5026718797158273 0.5074030715856138 0.498162041745266 0.4996346471125556 0.5044188990240116 0.5004016422878951 0.5001909043110387 0.5051954372828964 0.4978537630212948 0.5002688156305234 0.4989498451129876 0.5066861589639815 0.49918094839038274 0.49986454364294275 0.505939852165262 0.5002780112271892 0.4970319106817743 0.5005140075383078 0.5030367956485199 0.49712322047980284 0.5001321069737119 
0.3359322034927021 0.5012291574047244 0.5045570828675238 0.4974977481631358 0.49999984371907547 0.5058746215454918 0.5044496629927807 0.501835450210337 0.5081068346240958 0.5026723283057054 0.5074030715856138 0.49816195172609684 0.4996346471125556 0.5044188948649865 0.5004017051621399 0.5000854580214251 0.5050748422532317 0.49785379333037605 0.5002688156305234 0.4989438538776873 0.5066871511673823 0.49918094839038274 0.4998645448105693 0.5059398607512524 0.500396646255061 0.49702261918037477 0.5005168476756678 0.5030090664078541 0.49713144701152284 0.5001320826070986 
0.3384472354069656 0.5012285453929004 0.5005448369202079 0.5108146180445131 0.5000024890566315 0.49913254614048824 0.5033864810622605 0.5018355043580702 0.49878338199597616 0.5026723248378646 0.5074222387892804 0.49816195216421855 0.4996346471125556 0.5044188950631981 0.4998762911764731 0.5000855846676101 0.5050874707425441 0.49785188331191343 0.5002685602023818 0.4989438539165541 0.49602973539531836 0.4991809479441502 0.4998645448729552 0.505939860187189 0.500278279468666 0.4970215872861778 0.5005138705512204 0.5068035662905471 0.4969116638192265 0.5001322260911172 
0.33858432959117396 0.5012291632819039 0.5003839998764064 0.49970083684442235 0.5000008298066625 0.4992722552832897 0.5032489400730467 0.5018355004457042 0.4987838962158786 0.5027668975856058 0.5055778849790127 0.498161979267105 0.4996346471125556 0.5044188946486189 0.499875721884408 0.5001122084438392 0.5051548394870534 0.49785393147522944 0.5002685643000708 0.4989498320249783 0.5066861387001628 0.4991809478814215 0.49986454484485326 0.5064233311094593 0.5002782795573185 0.4970027008430731 0.5004341148247136 0.5027297632149164 0.4971313298788685 0.5001321440950075 
0.3390812472510516 0.5012291572886414 0.5047173903890431 0.5104005635655093 0.49999853402959343 0.5058579058759781 0.5049955481575632 0.5015788651535033 0.49878382123592246 0.5029841822943963 0.5074707839085354 0.4981621282342037 0.499634828915568 0.5044189001517164 0.4998500990339373 0.5001885158976177 0.5050736182477733 0.4978536648612704 0.5001950550367245 0.49894376792133904 0.5054398386814982 0.4991809369824065 0.49986470268997724 0.5053551396475615 0.5002759230400808 0.49703505363797923 0.5005138688374313 0.5068271636883079 0.5100767575256546 0.5001313786481884 
0.33921004413039135 0.5012291572886414 0.5047109173169787 0.5104005635655093 0.49999853402959343 0.5058579058759781 0.5049862410784435 0.5015788651535033 0.49878382347314615 0.5026723227351451 0.5074222387892804 0.49816212995298315 0.49963483257072383 0.5044189001517164 0.500012063483902 0.5001886106112833 0.5050736182477733 0.49785182848483345 0.5002688145295109 0.49894376792133904 0.5066871688254773 0.49918090929945147 0.49986470268997724 0.505939860187189 0.5004025059788938 0.49703505363797923 0.5005138705512204 0.5068093264397917 0.5092796724045211 0.5001313786481884 
