0.5078259070871095 1.471303930130101 
0.6503363876425111 1.4647378211308282 
0.6542140435787838 1.4373442843782436 
0.658792008449582 1.4049811359013369 
0.6605488702994595 1.3954987294917487 
0.6632613439191015 1.3713943985317107 
0.6702772090011427 1.3144358449751967 
0.673727456655061 1.2878511930510284 
0.6757360111671706 1.2676192422116237 
0.6770986042326802 1.2592080328795419 
0.678813685299771 1.2509529946992337 
0.6814272998297974 1.2179413797239653 
0.6823492055584428 1.2135578219588812 
0.6845631652950657 1.1972983196560567 
0.6871702215092507 1.1942896746850862 
0.6886171566481388 1.15515178327774 
0.6897448397339342 1.148241425982849 
0.692696350086931 1.1189459567084679 
0.6947780197846898 1.1140186138622066 
0.694786389363615 1.101986013021707 
0.696056174880548 1.088954398334729 
0.6968965353111941 1.0845980335180536 
0.6982266557324959 1.080181255358505 
0.6999870792852272 1.0594673893520041 
0.7010348480057513 1.0538688932155145 
0.8782674655192759 1.052596892462656 
0.8800121446058489 1.0407994532218117 
0.8815552344554198 1.0297386217303792 
0.8822610216604858 1.0231390945212335 
0.8827736588775149 1.0182883327389551 
0.8834489014970865 1.013108568884598 
0.8841650881469618 1.008313996155419 
0.8854964715840103 0.9973846953827981 
0.8857533830706226 0.9910110574299543 
0.8872280095464042 0.9819765849584075 
0.8874680560296357 0.9763283651217811 
0.8897820653013004 0.9564418117692699 
0.8913275825169593 0.9530828472300132 
0.8919830975219127 0.9373635319187782 
0.8930599608464724 0.9275079275774352 
0.8939622270992076 0.924303630803889 
0.8942497601699965 0.9187553266876538 
0.894608912544566 0.9142854775205828 
0.8996903557222959 0.8717891082039435 
1.0858012985344208 0.8488400780598891 
1.086116865865337 0.8440446055359413 
1.088212804226072 0.8277585525481674 
1.0890175896320171 0.8190850224409261 
1.090827193878808 0.8073343485494584 
1.0923025891356881 0.7916073031838946 
1.092887291878141 0.7875254105670282 
1.0933893606642862 0.7835528644197389 
1.0939545888136935 0.7799237468583093 
1.0956402662702218 0.7726560912593983 
1.0964513673458276 0.7651165309351939 
1.0968875718250135 0.7539834370768711 
1.0973086776459258 0.7513457279384429 
1.0979705326946758 0.7469027404126438 
1.09893198376442 0.7436620472030596 
1.0997731598972662 0.7295485654711453 
1.2862562649777067 0.7243746240204807 
1.2867791699276045 0.720616294014131 
1.287965356109562 0.7167353693171656 
1.2887950259816403 0.7047945762843449 
1.2896377934315515 0.6934605989203192 
1.2905685582962687 0.6860079399489177 
1.291291436330137 0.6823397901935574 
1.2928754415992771 0.6751584000494883 
1.2931293876075078 0.6640962012440697 
1.2943655250903507 0.6571351602823425 
1.2951576211836395 0.646583107112394 
1.2970971750215572 0.6299972289980711 
1.3012923387405047 0.606869518814544 
