0.005453795975153175 0.3992340575070607 0.39836755607850644 0.3011954900443117 0.40008586390753076 0.6005543928258107 0.3991187874982441 0.6012955699384481 0.3986774207662128 0.399186608142996 0.4988401879697525 0.4997417641414921 0.5992508687410562 0.6003575974559922 0.5999135281835715 0.701212007535395 0.3999065350868108 0.4995213304328773 0.5008190464852189 0.29955380523904446 0.6985713716093884 0.29867770513580993 0.4985062577210266 0.39879851792990606 0.3984246326366412 0.5985033516535048 0.5987757010781665 0.6033764462991391 0.6000412482226527 0.2990850102014289 
0.15023599882175973 0.39925594143393817 0.39834374592653116 0.3011911631522314 0.4001261800894259 0.6012169350998091 0.3991117980761877 0.5987517394501429 0.39868065537912567 0.4008184786267161 0.49813507727604 0.499728438354899 0.5991741731949494 0.6004610966020193 0.6002252816685144 0.7012393261339537 0.39989024827568437 0.49949840516099786 0.5009094250037962 0.29953624301998116 0.6985354855742132 0.3001448702753105 0.49819600388543805 0.39881299102935996 0.4004026475421712 0.5984679465762415 0.5987691868851498 0.6031635150900564 0.6001902617712483 0.29903655262503864 
0.15413430404476802 0.39738458021267187 0.3983589252186631 0.2999010839209625 0.4002001600287598 0.601268171224119 0.3991113674601496 0.5992761767374128 0.39867676139305497 0.40060042150741615 0.5001657956751906 0.4970548533724642 0.600948424054614 0.600461509866904 0.6000465259499109 0.7013330191819114 0.3998731515012189 0.49950583064829596 0.5008650938310667 0.2995399067862376 0.6997107168686696 0.2985307732037544 0.49819528095970883 0.39885579396478693 0.4004761227523976 0.5985412418007362 0.5987709409268795 0.6005741302082236 0.5999805919199143 0.29914433964353776 
0.1585625133720021 0.39751660228139446 0.39834392749015857 0.2999021663786428 0.4002462830006342 0.6012680050675914 0.39910856611866957 0.5992753488626227 0.3986806191221037 0.40057277443835587 0.4994827841090467 0.49705518018723005 0.6008842979533905 0.6004615098365279 0.6000466064213528 0.7013335701473542 0.3997759897730744 0.499565659924043 0.5009117757860274 0.2995361063695774 0.6993260422298571 0.2985314288447484 0.4981786535592703 0.39892345516283195 0.4004040585102426 0.5986298719787697 0.5987709323202429 0.5989362766065907 0.5999812044509486 0.2991421207046438 
0.15987706282959208 0.401767005101817 0.3983078165244489 0.301192466110414 0.40001131537983126 0.6012509595716524 0.39912109683299973 0.5987759036909625 0.3986552127232363 0.4008026322268273 0.49885128677618723 0.4970022374020708 0.5991741904732559 0.6004614922215942 0.5999267890826885 0.7012377463602902 0.39987984808938104 0.4995200895362598 0.5008304227104649 0.2995398249989623 0.6997479158147494 0.2986345347089463 0.49813699925894595 0.39881644181864373 0.40042886949233375 0.5984979371840164 0.5987680788290153 0.5988339025222069 0.6000420001345106 0.2990591632814773 
0.1629597537383791 0.40203442373274006 0.3983420282003535 0.30119636753683643 0.4001247654209945 0.6012159573975209 0.3991119043806213 0.5987307963393854 0.3986634979978919 0.40081348650457604 0.5001349061143912 0.49977609250398114 0.5991727835792389 0.6004610946055953 0.6000470663641068 0.701318380387184 0.39988663731964874 0.49949887498756645 0.5009109187679679 0.29953623127548995 0.6985387572762443 0.3002126848210306 0.49818313280321175 0.3988159212428964 0.40047572147778093 0.5984706048271337 0.5987677183197869 0.603174823904641 0.5999913193967519 0.29907870353356397 
0.17005710424299336 0.30161302131291634 0.39821185174782375 0.30121512221915536 0.4001129140963619 0.5992278771167839 0.3991208780744911 0.5985615146481996 0.3986725226738756 0.49947187971097806 0.4997172205258075 0.4997370774932673 0.5995370231684254 0.6003653104767273 0.6000252779122497 0.7002822734206291 0.3998260033320148 0.4992723389670364 0.5008080670903792 0.2995389414302056 0.7014834373117795 0.299265602689667 0.5011418716428251 0.398734436656911 0.40039571865646256 0.5984762148955384 0.5987772114030064 0.5980544294286165 0.6012339327978878 0.2991624366838196 
0.1732883249544904 0.397531114528184 0.3983435245510357 0.3012367535643742 0.40017900614265806 0.6012206120441087 0.3991370917358812 0.5987836614270993 0.3980010615601196 0.4993651908831607 0.5001263622226593 0.49961819528341583 0.6009854095526448 0.6004614286808623 0.6028297735406242 0.7012138381883383 0.3998965616150206 0.4995503466464685 0.5008999406614184 0.29953961230384024 0.6993376288703376 0.298534450833332 0.49814457304675547 0.3988118765128336 0.4003949102330864 0.5984779720516571 0.5987689781365468 0.5989162459077875 0.5999915695392708 0.2988346164914677 
0.17564745928490638 0.3973905911121557 0.398342307775681 0.2998855657280525 0.4002448381867757 0.601268171224119 0.3991113461009917 0.5992761767374128 0.3986767452737619 0.4005727883712489 0.499482895825452 0.4971088188720107 0.5991878181954988 0.600461509866904 0.6000382938827424 0.7012518759793462 0.3997141723681621 0.4995101168695455 0.5007166917572098 0.2995401605346397 0.699710785631496 0.2985905669464349 0.498066662592697 0.39885411982486446 0.40047952505626183 0.5986273864730435 0.598768441745543 0.5988644951204589 0.599980552904063 0.2991421207046438 
0.17667617497633384 0.39737765581769485 0.39834361718414557 0.29989127749994926 0.4002462830006342 0.601268171224119 0.3991085569809753 0.5992761767374128 0.3986767452737619 0.4005727883712489 0.4994827841090467 0.497055616471962 0.6009495297643341 0.600461509866904 0.6000466338628565 0.7013336725049379 0.3997531690460531 0.4995655869322842 0.500889234356668 0.29953609454123803 0.6997107168686696 0.2985307732037544 0.4981818916701858 0.39885411982486446 0.4004040671627373 0.5986273864730435 0.5987709323202429 0.600602056283217 0.599980552904063 0.2991421207046438 
0.1777209003588163 0.397476598884941 0.39834233165324345 0.3012122228616373 0.40015729687956714 0.6012257235199927 0.39912169873215947 0.5992557416963856 0.3986837723357699 0.4979463442595172 0.5001654038020881 0.4997929827998541 0.5990775673580557 0.600460614615376 0.6000526012384617 0.7013488150979994 0.3972448432910632 0.4995676974419788 0.5013990061960191 0.2995396187622165 0.6997150310386816 0.29852713193671426 0.4982061918033525 0.39881460939734503 0.40047123969330845 0.5985955611597473 0.5987683633054494 0.5989265872826657 0.6001870457065988 0.299036151728269 
0.18141956588374855 0.4018204561718222 0.3983547509808064 0.30121360392833024 0.4001793625194244 0.6012525351609608 0.39910951014289253 0.5986125492569186 0.3986553000326408 0.40062455006013176 0.5000911026912647 0.4970296942845055 0.6010206384889762 0.6004606075810158 0.5991357033038512 0.7012148498378734 0.3997839872365963 0.499550474623072 0.500911108814818 0.2995396198868315 0.6993737722873928 0.29852258437592294 0.4984760418732263 0.39881257721359575 0.40047075171354896 0.5985414248750862 0.5987692778273042 0.5987499768608724 0.6000438124849788 0.2990621956272602 
0.18196626967934054 0.39737320649934577 0.3983419655382788 0.3012367535643742 0.4001778732471664 0.6012206120441087 0.3991201583736535 0.5987836614270993 0.3980010615679177 0.4995862065205134 0.4994741877023741 0.499606989090252 0.6009854095526448 0.6004614286808623 0.6028297735406242 0.7012152926366167 0.39982511262550846 0.49955034732774556 0.5008226192415997 0.29953598339671955 0.6993376288350364 0.298534450833332 0.49816789772239994 0.3988118765128336 0.40033786577053887 0.5984779720516571 0.5987689781094834 0.5989162459077875 0.599991534257696 0.29915018793118264 
0.18386261111905905 0.39886892088333586 0.3983550341768448 0.3012137072396052 0.4002458683832058 0.6012257195050633 0.3991113402173463 0.5987334155322358 0.3979507811949623 0.4005825843349985 0.5000900115059693 0.49945239523783963 0.5992145553323796 0.6004557444612013 0.6030992355633157 0.701330004651255 0.39975082759678815 0.4995530797618627 0.5009103909077463 0.29953961934785633 0.6997108810709833 0.2985225974366452 0.4984722733750146 0.39886189072811856 0.4003353286600345 0.5984718926777247 0.5987692969987893 0.5987463012381445 0.6001688172548565 0.2991758680100661 
0.1844369933677884 0.3011593165688396 0.39820961697507046 0.3012037285042985 0.40015729333768535 0.6012257101282515 0.3988206429290386 0.5987752462211299 0.3987005389779535 0.5001126289574921 0.4994542113674385 0.4997097466423913 0.60110868909318 0.6004612307125033 0.6018554469385743 0.699280640455205 0.39978426075047346 0.49921856404946263 0.5009103867806531 0.2995378539728973 0.6996574175732111 0.30193297069335306 0.5014844042889013 0.3988668336164847 0.4005456951153104 0.598591776161342 0.5987624500001036 0.6006311098906204 0.6001941585417115 0.2991333430368349 
0.18856376325610583 0.39726073648998567 0.39830287269768877 0.3012136711329575 0.40017813153195586 0.6012368911706416 0.3991118659368626 0.5987751922352633 0.39868336885468175 0.4993649794751709 0.49971290362028875 0.4996092660399766 0.6009851514264073 0.6004614587279405 0.6027022630249588 0.7012148298745116 0.3998847367385781 0.4995503697390785 0.5014039452128107 0.2995395938302385 0.6993228905925766 0.2983755148491416 0.4981511814110293 0.39886595808198927 0.40047073667224165 0.5984763570566958 0.5987692647728079 0.5989172233264407 0.60004286745497 0.2990360969073458 
0.18937679133611696 0.3973908319912542 0.39834232975625683 0.2998451982811463 0.40024940406587634 0.6012225209486032 0.3991281143215468 0.601050142530027 0.3986838891501444 0.49796763939323424 0.499744538518284 0.4996858123671077 0.599177037213442 0.600461837942333 0.5993475097664361 0.7012592986951088 0.4016844954266458 0.49951256643653497 0.5013618242758674 0.2995401110405919 0.6997145298577881 0.3028394313161958 0.5011103949873353 0.3988568381021099 0.40048115047620575 0.5985856295626375 0.5987832642781278 0.5989164488356118 0.5998394251122879 0.3018777268966485 
0.19262785594664428 0.30160200508959994 0.39834229199628785 0.3010506264903775 0.40024942229437577 0.6012570798171777 0.3991139239201397 0.6010957199700351 0.39868390942594534 0.49994285108464465 0.4998122630060489 0.4997388110292461 0.6009591664900993 0.6004559219557959 0.6000572672725911 0.7003788527238904 0.4016974546365203 0.4995426462613745 0.4994365493931442 0.29953959695520377 0.6997141537144422 0.2985443833824715 0.5010746555166965 0.3986377596031024 0.4008201009991707 0.5986259928656853 0.598786743441944 0.5020411801114906 0.601407395641955 0.30182141807542395 
0.19333267380513514 0.397479308336833 0.3983423485486461 0.301067135704136 0.4001560631220873 0.601216479179854 0.3991148394479251 0.5987222042958144 0.39868317741162257 0.5001307754483404 0.49973446158727786 0.4996853320040675 0.5991605434926696 0.6004616655369881 0.602818781813411 0.7012594612844695 0.3994727239280036 0.4995502468302289 0.4994562570620411 0.2995394704255253 0.6993150836228385 0.2985673212763857 0.4981674409247466 0.3988671227349353 0.40048355237519945 0.5985757030775345 0.5987705746795381 0.502901558537725 0.5999991128440615 0.30199157256118464 
0.19454237729173346 0.3973908234391143 0.3983711522180694 0.299824258526088 0.400161842820763 0.6012206308177708 0.3991286111801978 0.5986308617173389 0.39868388851091174 0.49796763939323424 0.499744538518284 0.4997637574502159 0.599564186541859 0.600461837942333 0.5993597293535299 0.7012916437154261 0.4016844954266458 0.49951257507832497 0.5013616099367999 0.29953949008517566 0.6997145298577881 0.30283977922958105 0.5011103949873353 0.3988568381021099 0.40048115047620575 0.5985856295626375 0.5987832642781278 0.5989010401562698 0.6000858386885659 0.3018510700012308 
0.19597774475836105 0.3973586442291638 0.3982074740577535 0.3009875436833179 0.40017900614265806 0.6012211553054008 0.3991113428704309 0.5992867457236799 0.39795673787107455 0.4010589568296104 0.49948390212610605 0.49969572605623824 0.5992439940030229 0.6004613571406389 0.6028458130611609 0.7003398046199327 0.4017109605567943 0.49956822023981473 0.5009024836739271 0.2995396123164063 0.6993137123848777 0.30158461396384006 0.5014997293769631 0.39885849088393893 0.40039981664236635 0.5986258748093368 0.5987686678329813 0.49865894358102386 0.6000719870189131 0.29914217164824436 
0.19649903576944974 0.39726073648998567 0.39830287269768877 0.30106543721593 0.40017814298480375 0.6013549044263898 0.3991118659368626 0.6007166753397668 0.3986797227199366 0.4993649794751709 0.4997458105178941 0.4996116262796289 0.6009851514264073 0.6004614718515783 0.602819276388431 0.7012132914328125 0.39989293257395253 0.49924985506239444 0.501408251897458 0.29953950171017535 0.6993228546800898 0.29837548339126496 0.4981486662816835 0.39886706088879514 0.40046655317035723 0.5984616391846898 0.5987689630510861 0.5025272214835274 0.6000036650297402 0.29921381769374383 
0.19707539248153877 0.39739456589989847 0.39834348259279745 0.3012364257826147 0.40017906100830836 0.6012213608201106 0.39910657180919173 0.6007742103976361 0.3979492054951458 0.4993984103425391 0.4994798042108473 0.49960112864733397 0.5991296294533154 0.6004602896397081 0.6028413222614771 0.7012341342770347 0.3998519749008047 0.49953560748950937 0.5015752357253951 0.2995396074866654 0.6996654413306806 0.29843255669203944 0.4981670533914946 0.39885974063292756 0.4003419411805926 0.5984705939735667 0.5987833295256781 0.4981858156503152 0.6014176976296127 0.2991602608550303 
0.19932878439063523 0.3973316799789879 0.39834232975625683 0.2998451982811463 0.40024940406587634 0.6012225209486032 0.3991294165711583 0.5987152707200641 0.3986908044597275 0.49796763939323424 0.49982551476609177 0.4996858123671077 0.5991558375482805 0.6004615290098783 0.6000840169595933 0.7012590396886202 0.40159811132803985 0.49951257507832497 0.5013548940043239 0.29953949469735847 0.6997145295856989 0.30283940651509933 0.4981734433563588 0.39881465278026956 0.40048230699250176 0.5985856295626375 0.5987832642781278 0.5989109764456135 0.5998394251122879 0.2990443757504057 
0.20000830562209554 0.4041359442801887 0.39830348136157295 0.29980782955884305 0.40138885374586764 0.6012797615179581 0.3988454069065319 0.6007519358453611 0.3987945314186301 0.49940381061348066 0.4993592083311619 0.4997618647216449 0.601839525897379 0.6004541647606662 0.600113392595308 0.7012351882558087 0.3997907824036202 0.4992366870206768 0.5015909203858949 0.2995369927942293 0.6998274440757005 0.39620387921292677 0.4982507998074622 0.3988530325726263 0.40034318576700645 0.6005266345534903 0.5987688544192614 0.5989091796083778 0.600053811364217 0.30162937461208406 
0.3782413698934309 0.29904998179895764 0.39836453148349876 0.29979343325847435 0.4001137421975556 0.5994033576072193 0.39911253916497375 0.5988273484267521 0.39878752344528634 0.49948282793170645 0.5011844831846171 0.49971150500972417 0.5994830112529013 0.6004577507129417 0.6017794490389766 0.700411864386746 0.40185802235379225 0.4991057673723264 0.4993425553905987 0.29955370611056753 0.700422474012266 0.2985802409706234 0.5018153817732803 0.398911649910217 0.4007017949300847 0.5992773408693717 0.5987663345174383 0.599618735570784 0.6000289283605064 0.30159671552227074 
0.3797067229042162 0.3007785056761113 0.3983647846331861 0.2997959514559619 0.4001100524831411 0.6011275875663851 0.3987439822571267 0.5986616269730611 0.398774689330133 0.49951161098592783 0.4994872418909452 0.4997488372356567 0.5986878707043858 0.6004560543354107 0.6018614291864198 0.6984717691638751 0.40148399158513876 0.49921777901290243 0.5005210831611963 0.2995406128049346 0.6995058006062663 0.3017406782159845 0.501119833096063 0.3987225104264423 0.40069064572094415 0.6001450835211378 0.5987664737308247 0.5990293714252244 0.600010025760674 0.2991140063899022 
0.38106276083626217 0.29897803183574345 0.3983628307554463 0.3009897156047965 0.40011304237684064 0.6011786638809595 0.3987465930845239 0.6010807245030634 0.3986741394309041 0.4993694589123112 0.4994959103655179 0.49974333751602434 0.5990104094145106 0.6004409646567933 0.6000079358619187 0.7013926621424879 0.40179959959408146 0.4993461087826608 0.4994866279059478 0.29953722040636604 0.6997834221124054 0.29921804174894423 0.5009906513143106 0.39888483624439963 0.4004082880827736 0.5985966847302742 0.5985814224485553 0.5987415005629223 0.6000793163270689 0.301801040415281 
0.3818455365651012 0.30020599669755804 0.39822349768407644 0.29989114248815063 0.4001130703283963 0.6012677445116671 0.39879968006025285 0.5987350811624477 0.3986475741541893 0.49954869380763167 0.499823270551214 0.4997157409627897 0.5990112756163988 0.6004566561384383 0.6017244750737789 0.7002298913606316 0.4016961691090944 0.49911608128364704 0.5007836067709447 0.2995403983439814 0.6997548471335258 0.3017584074035123 0.49839068845414547 0.39889712804092825 0.400384199110568 0.6001582957635524 0.5985969982350547 0.6006237298593008 0.5999888603006452 0.30162582763150547 
0.3824188262515026 0.30057888122432797 0.3983629997559796 0.29969126485188 0.40010069062360754 0.5989336713467616 0.3991338211492734 0.5988426934454856 0.39877513440312573 0.49942897405303366 0.49981552725975914 0.4997116174051411 0.5994749968055387 0.6004529843476133 0.6017429983688313 0.7001741409487846 0.4014681941889672 0.49925521072049484 0.49940440286068044 0.2995536333794595 0.7017054339010496 0.3018266853799042 0.5016975832428746 0.39874498872581937 0.4006514621242956 0.5992005266408785 0.5987839265222453 0.5989247549246323 0.599990801107698 0.29903799385192353 
0.3830433621124565 0.30020744646365893 0.39821823803518175 0.2998932127714065 0.4001118873599404 0.6013434278737083 0.39900628134364297 0.6011040899092976 0.3987721130442362 0.4980125241894658 0.4998230795034844 0.49971551195445907 0.599009447326976 0.600457723679818 0.6000652626551911 0.6992859223621452 0.4018081521086085 0.49921786922190736 0.4993343708229218 0.29953781940218654 0.7005133087304497 0.3019345839684526 0.5013209786272483 0.398625341512789 0.40037837574707025 0.6001461593518392 0.5985680953148601 0.6006267314193275 0.6000192602462966 0.2989978245892453 
0.3836299867449114 0.29899406971443004 0.3983384814597347 0.2996181927491564 0.40291506503680063 0.6011888356898478 0.3991355390680791 0.600879921616813 0.3986777152885968 0.49938868818005294 0.49949796865502544 0.499744516474041 0.5990241340915561 0.6004564273555476 0.6000588468913504 0.7003761033754781 0.40147041846606857 0.4990731037985134 0.500804819899144 0.299534403153976 0.7014108628674289 0.2988013627719317 0.5010172809060305 0.3987326280771107 0.4003363953381099 0.5985998234543144 0.5987628816971717 0.49974486343564684 0.6000194233396113 0.3015595279367992 
0.3849312396759976 0.3005465704869937 0.39836298039774415 0.29983067039081673 0.40011301960104184 0.599050308550927 0.39911253916497375 0.5987351668788965 0.39878819698774337 0.49948282793170645 0.5000879825804073 0.49971150500972417 0.5994830112529013 0.6004566561384383 0.6018393376815823 0.7004071644104095 0.40182472472500136 0.4992449135909379 0.49932413577630774 0.2995537499224842 0.7013767529218216 0.29859592025290826 0.5017996084658377 0.39889712804092825 0.40047047967312144 0.5992773889032 0.598624070953127 0.599618735570784 0.6001770869432016 0.3015908409482546 
0.38563284704897516 0.30154391909368483 0.3983627578738885 0.3009897156047965 0.40010840919289337 0.6011786638809595 0.39915716734762463 0.6010807245030634 0.39867123240214614 0.4993694589123112 0.4994959103655179 0.49975001229459876 0.599474722124761 0.6004417706562006 0.6000044692160618 0.7002183360198908 0.40179959959408146 0.4993461087826608 0.4994866279059478 0.2995368714768737 0.6994890572597076 0.2985062282221069 0.501304507117558 0.39888483624439963 0.4004103985201283 0.5984615051084609 0.59858002590116 0.5987415005629223 0.6000794466280314 0.3016942286293414 
0.3867420651806904 0.3005908674795676 0.39821755221466976 0.2998019301846911 0.4001091093478301 0.5989457580583212 0.39901318754421966 0.5988374924066733 0.39877272828755306 0.49950534573746325 0.500085602924185 0.4997125257442055 0.5990741440424389 0.6004578617382295 0.5999864685616959 0.7000882581279027 0.40152967850500637 0.4995446227137165 0.49932441797708566 0.29955521683454783 0.7013822676722343 0.298477686716116 0.501700208642875 0.3987516835001871 0.40047163390058554 0.5992816751461697 0.5986152891839158 0.5031351209836717 0.600179884890212 0.29912327442817865 
0.3873621599211172 0.2989182278229878 0.39836041489859425 0.29969126485188 0.40010870591290165 0.5989456287661559 0.39913379548658257 0.5988399761807554 0.39878668107583487 0.49943209335353067 0.49979948103113936 0.499711624448139 0.599475357183102 0.6004529843476133 0.601780431275795 0.7002325680622983 0.4014681941889672 0.49924168792501467 0.4994142383469592 0.2995393082360232 0.7017177573417087 0.30180506791432715 0.5012455942112221 0.3987449981465501 0.4006486424845038 0.5992281436608022 0.5987758226930239 0.5989371464058683 0.5999893815110191 0.2990613657382022 
0.38969206822146757 0.2991086690753754 0.39834973076615277 0.29962854450020504 0.40270168274315166 0.601119661678522 0.3988382114301335 0.600845937540218 0.3987820965010769 0.4994302128738815 0.4998330835050057 0.49970752866729823 0.5990037308542955 0.502314356930897 0.600045376683996 0.7004006257758348 0.39956638487982027 0.49926834775873635 0.499448628313738 0.29963470157941696 0.6998515899909428 0.2986451743301053 0.5013037557384677 0.39886594928961305 0.40032446880284206 0.5986000508406392 0.5987628816971717 0.5995783678290514 0.6001904103776818 0.30161482044181454 
0.39020525223155794 0.29905729607033743 0.39834252874392556 0.2998009694054082 0.40279524929670224 0.5991476457018136 0.39902287257802055 0.5983623224844883 0.398775202990689 0.49951062095889576 0.4998135185686166 0.4997114672880464 0.5990737600966792 0.4986826041820225 0.6000433184934498 0.700165484957532 0.4014694197957802 0.49924095390242695 0.5007519038249666 0.2995389801086443 0.6994740143688559 0.30188314040869396 0.5012737504803256 0.3987266641426577 0.4005176008623244 0.5982489330738285 0.5987758073144682 0.5018798402614143 0.6001689991620553 0.3016965341776801 
0.39191523997824335 0.2989764104159627 0.39836806766868305 0.29977644752752997 0.4001084963036659 0.6012004569699705 0.39913582255898744 0.5989984162807731 0.3987751772146432 0.4994287673199977 0.4998133323981134 0.4997124957422754 0.599074433067608 0.600453160588576 0.6000440116729682 0.700178312898572 0.4016494151157186 0.4992409110525095 0.5005318827992268 0.2995389859664724 0.7014592221877574 0.2985336116705497 0.5012736372701576 0.39874508090848093 0.400536264189872 0.5982721725833146 0.5987757490706389 0.6009156054418359 0.5999903457266045 0.3016969369662213 
0.39305435678318973 0.2991094009125962 0.3983681885607792 0.2996373473443108 0.40010849630911 0.6012812064091184 0.39885818654007554 0.5991590373925859 0.3987751950137188 0.4994167925605396 0.4998330594414522 0.49971246293924454 0.5990739168745386 0.6004519296694142 0.6000302551800196 0.7001765484284834 0.4016494075439632 0.49924687140858204 0.49945545463683194 0.29953895811602593 0.7014593514687253 0.2984047901641903 0.5013043208866894 0.39874508090848093 0.4003160120078851 0.5982680838942859 0.5987627371865897 0.5995568670698271 0.5999901445950117 0.30170331631869396 
0.3934817941236255 0.3004354957703537 0.39836655582383657 0.30116840615802065 0.40011125508126594 0.6013155234159889 0.39912699938990653 0.598426419557877 0.3987732823781372 0.4995091462955009 0.49951346901034327 0.49971149248929664 0.5990754721312789 0.6004531817584382 0.6000130669450159 0.7001671786007099 0.40151555693280105 0.4992465182279608 0.5004727454258093 0.2995384132589068 0.6986144580834139 0.30184200696380453 0.5017804291886353 0.39873866287321624 0.400525979437755 0.5982884062052077 0.5986208556702235 0.5995929120034353 0.6001795832869095 0.2993334339838827 
0.39408885013208017 0.2989764104159627 0.3983680932219497 0.29977644575443857 0.4001084967920966 0.6012004569699705 0.39913582255898744 0.5989984162807731 0.3987751772150455 0.49942876723614 0.49981333239725284 0.49971247984698514 0.599074433067608 0.600453160588576 0.6000432229619369 0.700178312898572 0.40164935459532297 0.4992409110525095 0.5005254551108315 0.2995389859664724 0.7014592221877574 0.2985336116705497 0.5012736372701576 0.39874508090848093 0.400536264189872 0.5982559792048563 0.5987758089494459 0.6009156054418359 0.5999903457266045 0.3016969369662213 
0.3945908690523155 0.301694983116114 0.39838174794587683 0.2997741385997388 0.4002432440729326 0.5991481307869487 0.39911552910004316 0.5983628437142872 0.3987751573939171 0.49951182672955136 0.4998133201271207 0.4997119970770117 0.5990739113979544 0.6004532656889966 0.5994910590365302 0.7002326022171996 0.40151726999688053 0.4992468535209479 0.5007411466077901 0.2995544105136802 0.701382268993059 0.2984114489869625 0.5012671823876288 0.398738750079645 0.4006919797779246 0.598256644200488 0.5987777946099235 0.5018993722332998 0.6000509206759794 0.3016968853818599 
0.39952779468328375 0.3016904837872497 0.398367898158674 0.29980095541625984 0.400243322021486 0.5991487968952025 0.39911551154909725 0.5983634012015558 0.3987753968163124 0.4995118275454957 0.4998135327771787 0.49971185451436306 0.5990739140793029 0.6004526648394195 0.6000122925201168 0.7002408226310042 0.40151867565220206 0.4992468509081125 0.500741336411505 0.2995389859659004 0.7014638268971023 0.2984114515017708 0.5012671069185517 0.3987442121064463 0.4006924834489794 0.598267840916612 0.5987763971614838 0.5018993723387655 0.6001756153013637 0.3016968853818599 
0.5854120896222884 0.30169299388014303 0.39821589200018315 0.299777467108592 0.4002449678484429 0.5991421458807674 0.3991158289766552 0.5982746791344051 0.3986378424414666 0.5003610073252673 0.49902576130189935 0.4997721259392118 0.5990513245561322 0.6003720893968768 0.5994537514257663 0.7002327921721286 0.4015871243644555 0.49924671029462636 0.5007644247954693 0.2995544373909665 0.7012705036829024 0.2986877254210109 0.501177021942315 0.39861767001684484 0.40046379214155275 0.5984651728028153 0.5987776380430416 0.5019004147047708 0.59991350323089 0.3016653430330321 
0.5859610959970405 0.3014178937900921 0.3982308037317144 0.2997649995918842 0.4002538834983672 0.60125314922714 0.39911916039698225 0.5983953347950398 0.3986795083686033 0.49959675872171583 0.49950111574591505 0.49966876785802306 0.599534132059707 0.6004434227754486 0.5995323481025114 0.7019747235362657 0.40148928618940005 0.49924958876364534 0.5007673903649152 0.29953991515917033 0.6996648420916594 0.29869352273122424 0.4981237384338948 0.39874481432287034 0.4006830878427279 0.5982283614488744 0.5985916991974226 0.4994324967604502 0.6000547081915332 0.301457955308784 
0.5879288208884939 0.3005483339457539 0.39821775550627114 0.29976485567278316 0.40011425005548346 0.601191229555396 0.39911932764031754 0.5981925284162292 0.3986788358836659 0.49959879668702184 0.49904996654092176 0.49973655983515675 0.5995341364875475 0.6004539583785062 0.599434171079423 0.7020337700140264 0.40158938271702 0.4992468361365929 0.5007674822015836 0.2995394219977771 0.6993213647464295 0.3019693279188835 0.5010754116347894 0.39861481435989454 0.4007655186045141 0.5982503920586152 0.5987829200207443 0.4992076209540821 0.6000545507682222 0.30151969020712405 
0.5889396844189171 0.30142114314604124 0.39822513372512747 0.29977708023611055 0.4001103767783362 0.601153865307363 0.3991211848917484 0.5983890184360647 0.3986782496609651 0.498047175358725 0.4998141902714122 0.4996658081967407 0.5995451442834453 0.6003609066021844 0.6000347099006318 0.7004120839833783 0.39992990464544703 0.4992452909668024 0.5009110369839896 0.29955335199940153 0.699666884961415 0.2986936634326527 0.5012408710521831 0.3987361130218917 0.40075806578579626 0.5984912681015735 0.5987756650823597 0.5989748387436236 0.6001745996384383 0.3015687291925059 
0.5903820221834257 0.30061407779143795 0.3982271751074219 0.29980958502770766 0.4001144830572142 0.5991460445429058 0.39910788542922376 0.598434051366965 0.39867591752044856 0.4994394290300204 0.49981111657978966 0.4997394309563196 0.6009268274633841 0.6003716613097452 0.6000090188910768 0.7002973717947776 0.40169843907080527 0.4990519978417178 0.5007261795153749 0.2995542071085503 0.7013791867177082 0.30160570520021207 0.5010869457454401 0.398744312351131 0.40069900350181265 0.598267768493019 0.5987587311869643 0.5989623519892132 0.6001786136622276 0.3015684697405935 
0.5922061266630865 0.30135815023530566 0.3983540875108694 0.30096050737642116 0.40010407162539807 0.601403441071032 0.39912207510603454 0.6012209146837906 0.39867724648461544 0.4980978042158345 0.4998588350044238 0.499672928065842 0.5995302776312105 0.6004487291756327 0.6000732295069747 0.7002342937373234 0.4015108262177552 0.4992908223463953 0.4993247145297137 0.2995544789745223 0.7014373979135757 0.2990366641203031 0.5011230446466276 0.39861756436546353 0.4003697443725806 0.5986534821579228 0.5987641100418182 0.5022956010027194 0.6001501798628837 0.2991253414676649 
0.5927000280784526 0.300110459886777 0.39830457459856905 0.2999442163692234 0.40024694931231164 0.6012153002346124 0.39911434041523436 0.5983894777032773 0.39866545978185003 0.4979970375558049 0.49949474907662733 0.4997325227638856 0.5995337126085292 0.600375485676689 0.6004057830075313 0.7003375668270536 0.39957188255525 0.4993498302740421 0.5008188397720755 0.3014427749298161 0.6997550379351333 0.29870107436422516 0.49833222602329635 0.39873977577972614 0.40067816258909683 0.5984615674586965 0.5983101584185588 0.5996102416640979 0.6000066595457427 0.2993538662968456 
0.5931732817911808 0.2986215104640983 0.3983640318175005 0.2998183628595387 0.4001162783028479 0.6013273211635728 0.399121727486183 0.5984008724032432 0.3986759542534089 0.4980722797731226 0.49982651904875386 0.49973871211482185 0.5996040825423045 0.6004549653388039 0.5001564829135724 0.7001716463367347 0.3995843081795303 0.49951031270397006 0.5006803739465197 0.3014501116502041 0.6994119881781236 0.2986590009247123 0.5017080609598884 0.39862302724040516 0.40067816258909683 0.5982502428744824 0.5985737778340456 0.6012007969547702 0.6001031323998861 0.3016696803094889 
0.5936166206783988 0.300110459886777 0.3983655757970737 0.2998438728324348 0.4002415214967465 0.6012102985362423 0.39911135743711024 0.5984632802151849 0.3987752514292973 0.4979653120073878 0.499906157075094 0.4997414257915286 0.5990759652420045 0.6003668602890547 0.5995450673449803 0.7002951976156403 0.39959035231090634 0.4993491261864106 0.5007678425144494 0.29955259448631005 0.6998207489828753 0.298415263092516 0.5012878020462728 0.3987387823361975 0.4006923502442547 0.5982572248870384 0.5987692189778806 0.5989193173760001 0.5999641081644351 0.30167651304260035 
0.5945621837983012 0.29897803183574345 0.39821656858482724 0.30098986488277313 0.4001149087911475 0.601289727350728 0.39911475602954277 0.6012100971595644 0.39867192419314496 0.4993674668940544 0.49981034011842473 0.4997388111609003 0.5995837673999459 0.6003667345435678 0.5995062495831631 0.7013872456926435 0.4016969026711098 0.49905799269884654 0.5008264726789218 0.29955406869640866 0.6997445036258213 0.29921804174894423 0.5011671058662996 0.3986262910864195 0.4004082753534718 0.5984616240742695 0.5985849572632089 0.5989335059933035 0.5999462507652255 0.3015988695140465 
0.5954432470331907 0.30071774349952646 0.39820210833641784 0.3009567183554892 0.400114533499434 0.601256298408839 0.39911449402122184 0.6011990360581684 0.39867718228462334 0.49937407079188695 0.4998126153541172 0.49973883231509686 0.6009530661078559 0.6004482865135397 0.5994329668139399 0.7003850070518279 0.40169708831708156 0.4990609437422071 0.4993603468308126 0.2995541951156606 0.6993605276131171 0.3018779431135701 0.5010746242550493 0.39862674224245565 0.4006743941920007 0.5984609645776016 0.5987640532574522 0.5020087765590641 0.6013885622371903 0.30159349802929114 
0.5966628134593701 0.30061579553276074 0.39820181779837543 0.30095689157321287 0.4001114086681927 0.6012561421505076 0.3991159172963698 0.6011984776193026 0.39867178601436953 0.4993748308179045 0.49981129845018496 0.4997388228311848 0.6009530661063379 0.6003732843287988 0.5994293622930823 0.7004329575438631 0.40169710641865464 0.49906144372361994 0.5008385427261546 0.29955419493500085 0.6992587923081718 0.30190597153679627 0.5010746242553143 0.3988184554924885 0.4006721921183008 0.5984726019106588 0.5987589085166608 0.501997143511547 0.6013095138616996 0.3015976748594564 
0.5969850852566505 0.2985396973957821 0.3982018589717857 0.3009568915630207 0.40011159921932127 0.6012567916520107 0.3991112120108057 0.5985026896582528 0.3986717751321552 0.49937406903738524 0.5012853891551257 0.499738822831142 0.6009641618603322 0.6003732626306418 0.5989546190564026 0.7004329324050592 0.39955034654272636 0.4990564267002439 0.5007150202263945 0.2995541951156606 0.6993753754875373 0.29841887254226046 0.50107455329756 0.3988091752435009 0.40067219211886174 0.5984725931987368 0.5987574401255181 0.5019971955731505 0.5999518868138652 0.3015978335235214 
0.597522797529402 0.30072255748157134 0.39822244541834884 0.30098941970566895 0.400251800917107 0.6011630347040363 0.3991040399014799 0.5978759540891122 0.39876784908661583 0.49786212490190274 0.4994999935943351 0.4997416611677881 0.599488709141751 0.6003732230761031 0.6000558910220953 0.7004098575461627 0.4000563616896544 0.49924156813367704 0.5008682664254759 0.29955419225580626 0.6993074314026225 0.29828165127862943 0.5010833633952391 0.39862162135861506 0.40068934785424526 0.5982086896049261 0.5987766093684911 0.5013612651747247 0.6001327352122506 0.3015794135524319 
0.5979653265121886 0.29897803183574345 0.3983097638724688 0.3009897156047965 0.4001149087911475 0.6012517650914285 0.39911447146106654 0.6010807245030634 0.398665074435679 0.49936900771816983 0.49949374455616086 0.49973218719107854 0.5995525718353956 0.6004421898340754 0.5994312700311613 0.7013872456926435 0.40179959959408146 0.49934702959027333 0.5008027561216613 0.299550827742107 0.6997541392996468 0.29921804174894423 0.5010142010339361 0.3986262501602403 0.4004082753534718 0.5984615051084609 0.598580187185727 0.5987446214628437 0.6000794759220675 0.3017006471699234 
0.5995397590357483 0.30061579553276074 0.39820181779837543 0.30095689157289346 0.4001114107878065 0.601256135679254 0.3991159172963698 0.6011984776193026 0.39867178601436953 0.49937485792378156 0.4998112636897688 0.49973882280993387 0.6009530661054051 0.6003732843287988 0.5994292945021606 0.7004329402377063 0.40169710641865464 0.49906144372361994 0.5008366122430232 0.29955419493500085 0.6992587923081718 0.3019080795445602 0.5010746242553143 0.3988184554924885 0.40067219211883875 0.5984726019106588 0.5987589085166608 0.501997143511547 0.6013095138616996 0.3015976748594564 
0.7858251608845327 0.3017066290111354 0.39820621382463817 0.300964984882274 0.40011143703175617 0.601256138145239 0.3991145264857436 0.6012768978689371 0.3987751466786455 0.4994004095782476 0.4998087824805485 0.4997114713462954 0.6009311213828398 0.6004521708253887 0.6000116153663589 0.7003859300567812 0.40168081123061583 0.499061284130875 0.5008577741622828 0.299554226954793 0.699314797965603 0.2984113780702185 0.5010746253378711 0.39882444223904934 0.4006724240535987 0.5984581168952012 0.5985903118716406 0.5019970252654589 0.6001640302177649 0.3015978411003412 
0.7862889848491176 0.30053702581771125 0.39820394473978504 0.2997600558725012 0.400139439967924 0.6012561823672476 0.39911591894090254 0.6010309016058593 0.396452305554305 0.49938811558751506 0.49985096876093355 0.49973847812086836 0.6009530463120255 0.600448403463649 0.5994293396902355 0.700385027018832 0.40169712467446933 0.4990601179126104 0.4993498671043738 0.2995542422895365 0.6023344865509194 0.29844175536896933 0.5010745590621388 0.39863066439602846 0.40067194698689856 0.5984732662072443 0.5985916663079931 0.5020026296090143 0.601306893581933 0.30159363814235063 
0.7868371697439179 0.3007288320858981 0.398202704641169 0.30091180670909934 0.4001114548749781 0.6012566437041011 0.39911451973915724 0.6011985969331363 0.39867177372803586 0.4993749335428739 0.5010184471880454 0.4997388273820913 0.6009453278045158 0.6003731028709449 0.5993911948015189 0.7004330831606069 0.40169705334583905 0.49906106206460943 0.4993608413350997 0.29955419511908793 0.699360516169023 0.3016910054936213 0.5010745632419333 0.3986303970238641 0.4006720637278725 0.5984724919110304 0.5987535189861076 0.5019986120230248 0.6013096475071753 0.3015977125836635 
0.7882152312539804 0.3005429223130967 0.3982027425585728 0.3009114287029425 0.40013789175463255 0.601256183235339 0.3991143422562572 0.6011989259319325 0.3986717726494043 0.49938847831652167 0.4998364484175538 0.4997388272759815 0.6009530466820099 0.600457356377101 0.599391211957025 0.7003848869108361 0.4016974712152748 0.49906007774191474 0.4993499700025725 0.2995542405972914 0.6993603623375305 0.3019538197017369 0.5010745600030998 0.3986308926744377 0.4006721578473879 0.5984733592661032 0.5987582295927836 0.501998613150471 0.6013074599946822 0.3015981034708338 
0.7895249713619165 0.30053703262936676 0.39820197894362974 0.30091137051916667 0.40011139877346863 0.6012577191320387 0.39912222309307355 0.6011931638397022 0.3986718335533956 0.4993893708806922 0.49983673114332966 0.49973882704310846 0.6009530714900518 0.6004550764671035 0.5994314029967901 0.7003849099220232 0.4016974140456073 0.4990610617165673 0.5006877992557943 0.2995542416023783 0.6993605278205021 0.3017512143301635 0.501074624742824 0.39862310760951025 0.40067216940831385 0.598457713924429 0.5985813021064597 0.5019974911976971 0.6013068917049115 0.3015935861667331 
0.7904245491967433 0.30053685194302404 0.39820224341291216 0.30096832050341743 0.40010719720823407 0.6012566240476269 0.39910782644804543 0.6011985879670414 0.3986717735520753 0.49938826813180237 0.4998135907460656 0.4997388179481235 0.6009530661072865 0.6004419215417726 0.5993911998063108 0.700432904307306 0.4017763364144398 0.4990610616311044 0.5008415470975678 0.300985787193017 0.6993599004516006 0.3020501277048341 0.5010746549914626 0.39862496727752034 0.4006674694140548 0.5984579102709611 0.5987580313805222 0.5019986267428872 0.6001092271623439 0.3015981983767156 
0.7908950889847045 0.3005427974038504 0.39822446357608526 0.30091142837200463 0.40013789175463255 0.601256183235339 0.39910650089151267 0.6011956717046734 0.3986717736992594 0.49938832236664893 0.49982779103661207 0.49973881788300173 0.6009530465586848 0.6004573716613215 0.599391211957025 0.7003834685231604 0.4016945316668353 0.4990610785589613 0.4993505520300498 0.29955423632468103 0.6993603682183723 0.3019538197017369 0.5010745600030998 0.3986308926744377 0.4006721579172492 0.5984744849143364 0.5987582295927836 0.5019971827965712 0.6013074599946822 0.3015980403439275 
0.7918331846072796 0.3005247002056518 0.39820375612331776 0.30090629043428874 0.40010958195080454 0.6012561492993658 0.39911672335928366 0.6012005620908633 0.398672056265413 0.49937362361675375 0.49975875124579267 0.4997388306275114 0.6009530660578603 0.6003687244052562 0.599433219285153 0.7003839789668129 0.40169746108311044 0.49906106183606724 0.5008530540206582 0.2995544804400867 0.6993541131757776 0.30176101099082836 0.5010746240987942 0.3986191630997688 0.4006721767576817 0.5984574348333558 0.5985898598353356 0.5019973890253591 0.6013809279655524 0.30159878070155643 
0.7930421492873455 0.3005372213271781 0.3975001130038949 0.3008746166632657 0.4001177579833575 0.6012568769506857 0.3991159142749185 0.6008201131026112 0.39868062897980344 0.4993885463514434 0.49975406820300916 0.4997178332923643 0.6009416198512515 0.6004485982840995 0.5993738893524626 0.700385397815349 0.3983374811501373 0.4992426831575106 0.4993440299062883 0.29954003992777545 0.6993282710648016 0.3019664209573818 0.5016935034947434 0.3986227559052678 0.40064473998288025 0.5984732923250052 0.5985859085356079 0.501098722124786 0.6000046735149472 0.3015959584896561 
0.7939166019863945 0.3005363538267607 0.39820208443276817 0.3009113982486059 0.40011146022470717 0.6012561471452229 0.3991145297960445 0.601193153771844 0.3986718059334725 0.49938847584344226 0.49983673114332966 0.49973882735720815 0.600953056142293 0.6004577391037801 0.5994314163976988 0.7003848925693118 0.4016974274075513 0.4990610621456034 0.49934997569007533 0.29955424057261104 0.6993605358308905 0.30195396752695075 0.5010746241961596 0.39863133632826186 0.40067216383285703 0.5984733996636505 0.5987553677165599 0.501997245971246 0.6013074599840498 0.3015982284919065 
0.7951252605353878 0.30057748362532244 0.39826276264005184 0.3009826762049209 0.40014661724288914 0.6012566264367633 0.40193756304391515 0.5984792612182205 0.3986374286539377 0.49938286876441346 0.5004873694886609 0.4997079164171288 0.6009680133905579 0.6003697621858083 0.5998212478471521 0.7003851821011581 0.40012741476293584 0.49926318787095264 0.49934972727918575 0.29955084734030735 0.6991049060440473 0.30165409468885285 0.5010745732391786 0.39861922243391584 0.40066997246048014 0.5984588812079241 0.5987718389441602 0.5019982984243315 0.6013043203026666 0.3016666074095145 
0.7970961775401992 0.30059136480215115 0.3975364324769781 0.30098630824808953 0.4014573738062502 0.5993810336954478 0.40205243158749054 0.6008116561757759 0.3986826333072137 0.4994502226050581 0.5005007332797334 0.49973899607819317 0.6019529691961049 0.6004481108228138 0.4990515195584121 0.7003448277147936 0.3990822768674739 0.5017124311094717 0.4992939867519736 0.29954040388845926 0.6990846430185644 0.3018128090382617 0.4999945621476734 0.3986228630400197 0.4006515373230392 0.5983082620529907 0.5985742482848366 0.5009507284685613 0.6000055582984425 0.3015976119020437 
0.7999995356342766 0.2991292296176189 0.397477656305421 0.30098562791185113 0.4014574460244749 0.5994126799303454 0.4020073540349065 0.6008186431776189 0.39863652588396054 0.4994502246926732 0.5011228651289006 0.49970767929473786 0.6019316648799026 0.6003673503866571 0.49905140315036656 0.7003448210709734 0.5002658725611249 0.5017163676946069 0.49929378693533627 0.2995398114297525 0.699084655721206 0.2984980776886494 0.5992573472338772 0.39861566996975456 0.4006740294511451 0.5983085828200186 0.5987929318851514 0.5010016588171665 0.6000862142185746 0.301590542839942 
