0.7024324541064831 1.0691645321800447 
0.8763938276564724 1.0685177996747712 
0.8774455314482241 1.0592329565566232 
0.8783683187470068 1.052490130823825 
0.8791102126603378 1.0454793648389065 
0.8803447074923334 1.0373353134994878 
0.881674231390763 1.0249313831895719 
0.8823605917959445 1.0229011343334151 
0.8850742408078118 0.9958864629640621 
0.8862897081918228 0.9854554532160549 
0.8878113937219021 0.974442248971829 
0.8884006143855152 0.9674118921809272 
0.8899467081255374 0.9543033964942936 
0.8899650455828767 0.9541992805897221 
0.8919262681278124 0.9374256566609454 
0.8922597734906357 0.9354338384028591 
0.8939301003108567 0.9202237287612702 
0.8949068920030695 0.9152532926277237 
0.8964420290588622 0.8983672769024069 
0.8968640630817053 0.8947441721354584 
0.8976258130796537 0.8882092779384287 
0.8984262876450514 0.8812200761358504 
0.8999934122355164 0.867601444307015 
0.8999999894546773 0.8675446019329924 
