0.20243065405829916 0.4774701862477099 0.2790509776973188 0.49402282788964974 0.3160963356210451 0.367838322513724 0.463696754339794 0.34160047949381445 0.2931648418562067 0.5637611968273409 0.3723821843098943 0.4244924004505493 0.6412670248303172 0.39436564616625136 0.630094549023061 0.3126892175459884 0.44265671627770037 0.36095516449956944 0.33163598963639285 0.30278083563620917 0.3943801671159858 0.36878226657540086 0.38111051604906765 0.3593703881439789 0.369866061905886 0.3948435563216424 0.32826897204239747 0.38278327064182316 0.5480560288805022 0.4132789478491843 
0.37630137678616876 0.5037156814497832 0.6126602887612965 0.7002529611796612 0.5696750529779817 0.5176170292400316 0.6610973975855434 0.681779124957676 0.793700456844821 0.5969372085040342 0.3655367381799035 0.5051047994791816 0.6592398990517214 0.4180390707607682 0.7936254022983669 0.6919084543417754 0.626943582101195 0.35265709028853465 0.5187170183766191 0.3402750545006019 0.5389745851135667 0.4884973110094108 0.3494998539539584 0.8113215234523805 0.4817058052968196 0.5967204543804121 0.5057135296523202 0.7073461017260855 0.6013028472091065 0.5070987457304995 
0.37743037886916836 0.42147685408955565 0.5886225047232323 0.4839673745681319 0.5355102101613245 0.5441677164033899 0.6375626160685762 0.7066293141556766 0.7953014855986273 0.681305038952119 0.36083308072152476 0.5163233372375637 0.6404239302181646 0.4177454802073823 0.7937416902794993 0.6920026072780733 0.4001745904631675 0.35266832648340335 0.50418759439189 0.5641912597919624 0.5209672756467896 0.41574605835967027 0.347061807973156 0.7895653698947613 0.4815877130989741 0.5574942689533313 0.4084022698555614 0.6232431439478701 0.5794377346875184 0.6619225378753162 
0.3782639045458183 0.4400596310396151 0.5244655485350996 0.5033228485880092 0.45269129319572265 0.4582860087188067 0.6654256776332514 0.6993467716394226 0.48655591727800157 0.616733705182242 0.3617629626216118 0.4320831332301353 0.6586743737807718 0.41751424082824773 0.6402703749992931 0.6892095135532611 0.5346112172203732 0.3494004213358575 0.3831175054760041 0.29543520106170496 0.5207196126896516 0.49325958613434406 0.33413811787328995 0.38083050916864547 0.3585140949748097 0.5227147217490978 0.4068470407661485 0.6533982623918762 0.5586671913510614 0.5100049088869858 
0.379103821112907 0.42153172482134116 0.5876498945689309 0.7225068130132304 0.5629169705008299 0.44849513531072216 0.620476052268414 0.6830485740436846 0.5293819072323792 0.678897631140816 0.3650238551657288 0.5166878358588288 0.661442949694341 0.29729797815638687 0.7936252848040338 0.7325961392209475 0.6094025135171289 0.35265625475257817 0.5134178286396026 0.578961506490751 0.5178966427757652 0.4275826350971868 0.610313804508389 0.8114785408484011 0.3575527187331733 0.5797878699586797 0.4082040744228998 0.601060460783416 0.5279857729706556 0.5035724449249964 
0.3801159657829633 0.42147340780059367 0.5876614832142628 0.4985670591541619 0.5701657495412152 0.5254903969536925 0.6375543647015481 0.706729149793624 0.7953012148059636 0.6812714300846794 0.5953108595023969 0.5163302299699885 0.6592438570861182 0.5966711112630994 0.7937510824586596 0.6906287858896503 0.38301671894074335 0.35266833213977294 0.4980955389858189 0.3599180758249705 0.5169242884081018 0.43028509812483046 0.3369581141803764 0.8115399681679225 0.49315411131928466 0.5208933541876195 0.41291704454348754 0.6011954509663325 0.603781330747967 0.6617699693372193 
0.3815908616466659 0.4400619487637749 0.6278868251139031 0.7233200358225 0.5633901675147742 0.5244503326754114 0.6572339437215131 0.7074675745603665 0.5261205184262898 0.680969038910772 0.5952507653839719 0.5051970636700799 0.6127660057473008 0.41774992579667597 0.8073237047419548 0.6938951447432494 0.28603518923174454 0.36931357159797945 0.5035855610672578 0.5791701230996174 0.5323226651092947 0.49150486160393647 0.3385167072471579 0.2715421042240924 0.48080893170742245 0.5168770305696048 0.40650661265475063 0.6272271052177859 0.6029677276077402 0.5035724449249964 
0.3818816494207796 0.4404129688749104 0.6274256321213535 0.7158190274598135 0.4603404603363458 0.5187486110324315 0.6640723391419067 0.7082380798933455 0.5236334223616166 0.5869542754176797 0.37057588726052604 0.43712428328327435 0.6581759443949776 0.4187803178895361 0.6362209202754809 0.6312547299754964 0.5416067400637912 0.37002783939981987 0.380245310071238 0.3254202786164896 0.48206958002181055 0.4297680084620632 0.33389828406516514 0.38294395117370794 0.35854744727594196 0.5210697703045178 0.4064278253942058 0.6289320820079369 0.6013464468298488 0.5039497686516491 
0.38504519308133694 0.45422836807858485 0.6127872216797888 0.700803134836506 0.5993712697670063 0.5178237198034147 0.6375502793808124 0.7077090210331549 0.7699370317058136 0.6812732895611571 0.5953778296410028 0.5094376529448044 0.6592438550628053 0.4178077938320646 0.793601960132026 0.7342108689108539 0.5323300500259869 0.46361847087389035 0.498271825680747 0.3613939583637215 0.5133560778859714 0.48788510771038496 0.30038760069984627 0.8226862980646129 0.3584066949014099 0.5223777302339406 0.5057136906027102 0.6529501898443585 0.6011626591347027 0.6619225378753162 
0.3862762428798668 0.4191823872177444 0.6278868251139031 0.7233200358225 0.5632888375834184 0.5211438209629082 0.6376643179503336 0.6815506397284765 0.5261323983718613 0.47937350607007717 0.3652057448257149 0.5171411692673299 0.6586464820682871 0.4177497472630517 0.8081850286435864 0.6937484340853679 0.38532263209927275 0.3692740053330365 0.503516479820254 0.578961506490751 0.5193557303631112 0.4273974802169282 0.5760426131824321 0.2715421042240924 0.3585474472233563 0.5213911147362902 0.4052702548904683 0.6232040782068479 0.5800633947062591 0.5035724449249964 
0.38759669582718975 0.499445097283871 0.5875377806381079 0.7156657291926011 0.5697593509899636 0.44866261172368455 0.6605785706223752 0.6817817619147412 0.4219756048936643 0.594727619365062 0.3687292080840745 0.505231231539679 0.6592398990517214 0.4180510662521116 0.7936250962749595 0.6921847210171759 0.6295845971612963 0.35265709028853465 0.5054711082523135 0.33941806784026923 0.5178895243200515 0.4884973110094108 0.3495486166146175 0.8114784269584516 0.4817058052968196 0.5945480938000037 0.40392218001550917 0.6531621805355321 0.6038369543854182 0.5070987457304995 
0.3883972860150569 0.42147685408955565 0.5863326575818643 0.7062346299152329 0.575080650757504 0.44065156975233283 0.6578040371911208 0.44469023046320855 0.791282164387654 0.679500987348975 0.5234285187205566 0.441862345446477 0.6592434851589479 0.41781119945509737 0.7937510824586596 0.7326113616871455 0.5357577750354247 0.36825734596920456 0.5030658964888046 0.3618811352704497 0.518637966570994 0.4884973110094108 0.347061807973156 0.8115399681679225 0.48066667486730613 0.5945828400203101 0.5083974749553714 0.6011954509663325 0.6034415253004652 0.6619225378753157 
0.3899331134598519 0.4400619487637749 0.6278868251139031 0.7233200358225 0.5632735512181136 0.5244503326754114 0.6572339437215131 0.6920080734129194 0.5261323983718613 0.680969038910772 0.5952507653839719 0.5171387400522907 0.6127660057473008 0.41774992579667597 0.8081839727712495 0.6938977780783169 0.31104210516928155 0.36927339614443444 0.5035678569681146 0.578961506490751 0.5192105960680364 0.49150486160393647 0.3385167072471579 0.2715421042240924 0.48847377311759627 0.5213911147362902 0.406749419312601 0.6269562429582997 0.5571015184298544 0.5035724449249964 
0.3899459266534531 0.4400619487637749 0.6278868251139031 0.7233200358225 0.5632735512181136 0.5244538463458268 0.6053039047672011 0.6918158751208621 0.5261323983718613 0.47132577240807627 0.5952507653839719 0.5171387641348982 0.6127660057473008 0.41774992579667597 0.8081852744557323 0.6937493403124051 0.31104210516928155 0.36927338468919574 0.5035678569681146 0.5189364497734036 0.5192112551171766 0.49150486160393647 0.33347661686018215 0.2715421042240924 0.48650705920394494 0.5213911147362902 0.40516404956049695 0.6269562429582997 0.5571015184298544 0.5035724449249964 
0.3919028351278791 0.4799577424134908 0.5244655485350996 0.49583715775779363 0.4578826714234069 0.45801794722591166 0.6654256776332514 0.45194650749046306 0.48655591727800157 0.616733705182242 0.37266896149396384 0.43208755625233813 0.6587412279992849 0.3942608157277408 0.6358066887712093 0.6891829705466919 0.5346112172203732 0.5055041612798534 0.3831175054760041 0.29543520106170496 0.4790020245369073 0.42845409641081705 0.46573604214678604 0.38083050916864547 0.3585140949748097 0.5210445373248169 0.40140246729669976 0.6531685709995598 0.5586671913510614 0.5100049088869858 
0.39214528392194126 0.41956777743586876 0.5244655485350996 0.49583715775779363 0.5677666492424726 0.45801794722591166 0.6654256776332514 0.45194650749046306 0.48655591727800157 0.616733705182242 0.37266896149396384 0.43132524667068617 0.6587431959930058 0.3942608157277408 0.6358066887712093 0.6895326352236224 0.5346112172203732 0.49697756850793456 0.3831175054760041 0.29543520106170496 0.5187691323877021 0.42838123902310127 0.46573604214678604 0.38083050916864547 0.3585140949748097 0.5240709539516492 0.40140246729669976 0.6654748245679121 0.6044435426910708 0.5100049088869858 
0.3939028967284546 0.49858345435681417 0.612156621049623 0.7158190274598135 0.4613986248101166 0.5223592476679901 0.6640723391419067 0.4549728935782886 0.42255212116177115 0.596132397867556 0.3727665783969806 0.4372816457790415 0.6593321858265538 0.3936474131691733 0.6362209202754809 0.6934564795289587 0.5335905364393255 0.3745697919759178 0.38309010227785883 0.36240408863607054 0.5180509232076781 0.4282196827207467 0.5741502693391336 0.3857252910886021 0.35854744727594196 0.5211242168250441 0.4070062868208605 0.6522527945970896 0.563632312025249 0.5070886652820166 
0.3945212488832178 0.4969669922307793 0.6104653608073509 0.707358623131879 0.46205941908525394 0.5223592476679901 0.6641550222092573 0.7018931396035378 0.4159300482756614 0.596132397867556 0.3613457803342316 0.4372816169382894 0.6592434913673777 0.39448039905468757 0.6362209202754809 0.6316361962974536 0.6290769705074045 0.3745697919759178 0.38573522119553594 0.3613990893442513 0.4822769474736044 0.4282196827207467 0.5741502693391336 0.38013964813892664 0.35854744727594196 0.5943389945661803 0.4070062868208605 0.6522527945970896 0.563632312025249 0.6522307829261978 
0.3964343483618045 0.42147685408955565 0.5877685424261471 0.5020001663166139 0.5751655675778328 0.435973239044095 0.6578025455802311 0.7077090210331549 0.7953014855986273 0.6812714300846794 0.3746763553364294 0.5056004853517833 0.6598869740318306 0.3948521241720071 0.6285485293601699 0.7326113616871455 0.6288691896123229 0.35265709028853465 0.4980955389858189 0.36444817773925775 0.5186275580419941 0.4884973110094108 0.347061807973156 0.8115399681679225 0.48066667486730613 0.5930815387033033 0.5083974749553714 0.6011954509663325 0.6036446223721678 0.6619225378753157 
0.3968541007161202 0.42147685408955565 0.5877052006904162 0.7078010860414707 0.5697593509899661 0.44788119459635967 0.6578026430535316 0.7077090210331549 0.7953014855986273 0.6812714300846794 0.5953684409610694 0.5055999109572095 0.6592437571929908 0.4118165087745524 0.7937398043968709 0.7326113616871455 0.6288691896123229 0.35265709028853465 0.4980955389858189 0.361393955587803 0.5181265389551226 0.4884973110094108 0.347061807973156 0.8115399681679225 0.48066667486730613 0.5945480938000037 0.5083974749553714 0.6011956159978198 0.6034714346276929 0.6619225378753157 
0.3976110270246313 0.42147685408955565 0.5877825145534954 0.7078009974918672 0.5697593164302993 0.44787691071547364 0.6578026133966376 0.7077090210331549 0.7953014855986273 0.6812714300846794 0.5925569787718064 0.5056000182185053 0.6592387986497403 0.4122299392899774 0.7936416939929483 0.7326113616871455 0.6288691896123229 0.35265709028853465 0.4980955389858189 0.36152861062688213 0.5181410928736082 0.4884973110094108 0.347061807973156 0.8115399681679225 0.48066667486730613 0.5928875245065387 0.5083974749553714 0.6011954509644161 0.6012636929254277 0.6619225378753157 
0.3984188626932684 0.42147685408955565 0.5877034840015594 0.7071581912605158 0.5751607002371115 0.44787872713335736 0.6578026431644819 0.7077090210331549 0.7953014855986273 0.6812714300846794 0.3746763553364294 0.505600085214223 0.659250194287762 0.41781320223883095 0.5172653703957859 0.7326113616871455 0.6288691896123229 0.35265709028853465 0.4980955389858189 0.3613975124421117 0.5761517620708517 0.4884973110094108 0.347061807973156 0.8115399681679225 0.48066667486730613 0.5949224100498659 0.5083974749553714 0.6011954509663325 0.6036367677653957 0.6619225378753157 
0.39999340932683325 0.42147685408955565 0.5876770299560987 0.7078010860414707 0.5697593509899661 0.4478745676019699 0.6578026235468559 0.7077090210331549 0.7953014855986273 0.6812714300846794 0.5950159842504664 0.505589966385077 0.6592438547193884 0.41781119945878636 0.7937510824586596 0.7326113616871455 0.6288691896123229 0.35265709028853465 0.4980955389858189 0.36139395836374727 0.5180980547150412 0.4884973110094108 0.347061807973156 0.8115399681679225 0.48066667486730613 0.5945480938000037 0.5083974749553714 0.6011954509663325 0.6037942357468831 0.6619225378753157 
0.39999998501620343 0.42147685408955565 0.5877853484966914 0.7078010860414707 0.5697593509899661 0.4478745676019699 0.6578026235468559 0.7077090210331549 0.7953014855986273 0.6812714300846794 0.5953684409610694 0.505589966385077 0.6592438259926009 0.41781119945878636 0.7937510824586596 0.7326113616871455 0.6288691896123229 0.35265709028853465 0.4980955389858189 0.36139395836374727 0.5180980548889009 0.4884973110094108 0.347061807973156 0.8115399681679225 0.48066667486730613 0.5945480938000037 0.5083974749553714 0.6011954509663325 0.603467486824674 0.6619225378753157 
