0.7285907651320969 1.449697494852949 
0.7331703519502386 1.446724578650851 
0.7516402943212417 1.4409308739692408 
0.7568975888042324 1.4380521852950967 
0.7581245218811463 1.4341504494137967 
0.7699770576146749 1.4323982793075136 
0.7773809431262192 1.4230608153876618 
0.8088733248729543 1.4151607912741824 
0.8095009735386358 1.4095311809075142 
0.8242823132630666 1.396330012827622 
0.8453059574954832 1.388918222339047 
0.852005024602742 1.3791570099297983 
0.8586681963906686 1.3727718894560317 
0.8771671279572297 1.3604096073538272 
0.8811385197153094 1.3593480231886632 
0.8877051797970876 1.352720349149311 
0.8956374583465254 1.345370935680736 
0.8979596611133842 1.3416630699775336 
0.9039558701545876 1.3369218180068003 
0.9047612610958673 1.336329681291551 
0.9139841423164354 1.3292895023241993 
0.9264698730037448 1.3190978831214157 
0.9303861696842854 1.3149864975565757 
0.9383983766686752 1.3082256473578826 
0.9408451512729248 1.3079525152999691 
0.9449373246156968 1.3023818505215172 
0.9531561202590815 1.2960928018377285 
0.9533765274354253 1.294800164306519 
0.9615116683475513 1.2874903280241028 
0.970073685136726 1.2816015295010779 
0.9729696556731846 1.2811573767719615 
0.9734228358160586 1.2782672699884037 
0.9761647401780569 1.274567058640569 
0.9775481969141775 1.27249353398565 
1.001271082771787 1.2537000323178673 
1.009426646775852 1.240690600993387 
1.0130970187344834 1.2367641532530578 
1.0197776756468495 1.2317381759373487 
1.0357828748863827 1.2139706033183173 
1.0413301123962464 1.2125477077659252 
1.0426747824738238 1.2093274871486954 
1.0428367598971506 1.2079449416338115 
1.0511208299615042 1.2024136736666455 
1.0604645757049163 1.1889462385777416 
1.0639782909837607 1.182522307161478 
1.0699794120159136 1.1753445489615586 
1.0782716322739165 1.1698368111628996 
1.0834650835265855 1.1604594312495942 
1.0917438830904733 1.1500699976328386 
