0.22725048661320796 0.32033887120452587 0.39086204619595033 0.2926978301706265 0.1724706463938529 0.5180270640442092 0.5252282975562427 0.5048292724554948 0.5500069922001187 0.3691020446103889 0.3224908672965952 0.4939264748244376 0.40140739773681317 0.6403427875566067 0.4543854964456699 0.6646456396195851 0.3997671635746785 0.588268370740243 0.34304434869569284 0.3597987498972144 0.2942675984403214 0.4086006171479428 0.2876239649239281 0.32906265928494816 0.44120762613277953 0.29206285469484916 0.31254239115956267 0.436656327597366 0.4948727251971013 0.4416130090482041 
0.23242458540070032 0.3725249922593886 0.39098757766048786 0.2977843398155369 0.14427096675492268 0.5011287625582256 0.5252443229854435 0.5094867720349986 0.549992452714994 0.36951196495130506 0.1695823100423436 0.49392737960487 0.40140702981871507 0.5397644724143977 0.43623895264850854 0.6638114568932234 0.3997703637086134 0.5898797214160125 0.5592138346207225 0.35346411985202353 0.38357497444956046 0.4080696061055867 0.344896061657634 0.34243023980191967 0.4411681952876183 0.27612448908542414 0.3121769665625186 0.4366557460990516 0.4947656934590715 0.4556073890989416 
0.24880532874172362 0.3220852975267268 0.28163810473377326 0.3487636680123673 0.10684691209807198 0.5236574725245522 0.525107435222155 0.52510709017289 0.5502120437378175 0.3132976483440849 0.15622608051822284 0.556781357362466 0.3497297501593207 0.5360557538520281 0.3971571996591435 0.6671511811819986 0.5212531742398006 0.5895516349154637 0.33706133410342354 0.33534118511891353 0.38374980425983046 0.40361522645543757 0.3152129586632164 0.3203250529237818 0.5258440224761978 0.2900420234701902 0.2704461911456768 0.4367592226251362 0.3903371628090599 0.4766692022033723 
0.25421840570827736 0.3220852975267268 0.28156136541340093 0.2989990170157224 0.10660374754332784 0.5238665032815649 0.5252738527198448 0.5214589966686706 0.5498547466169904 0.36165263023997557 0.16508772514530903 0.548037082721489 0.3462371940035469 0.5360811502506431 0.3772221377349474 0.6141516263493547 0.5212088973113798 0.589565293096847 0.3363393169961802 0.33534118511891353 0.37206634800817856 0.4036060800100098 0.3143668621180473 0.5003759919930396 0.5417778062212392 0.2426255905881057 0.23783326741904853 0.4366806678060178 0.4949035624315793 0.45958794740059533 
0.25761076580744924 0.3220852975267268 0.28156136541340093 0.2990606979789634 0.14304976802187613 0.5237500584823713 0.5252738527198448 0.5209530360163311 0.5498672622566353 0.3701002499525679 0.19425422130521544 0.5466138615334923 0.3464905405505645 0.6333299634425074 0.3816739612439509 0.6142100512034662 0.5138833179017337 0.5881365603304453 0.3363393169961802 0.3344991835926233 0.38368658983782894 0.4036060800100098 0.3444939754965935 0.5003759919930396 0.5581785087556844 0.24118296489824473 0.23783326741904853 0.4366819693976379 0.4949035624315793 0.45958794740059533 
0.2665368734165117 0.4773874171472021 0.2640345636008319 0.3487613454409771 0.10686223594580814 0.3851850085483492 0.52473777370931 0.5251733005157561 0.5502071036788475 0.3132976483440849 0.1567983107995077 0.5568375379616481 0.3462740688770671 0.6360841429707849 0.39475267376895506 0.6128405600382826 0.5262163147030977 0.5895506554545218 0.5140679364347411 0.4600620256429959 0.37198318740262104 0.48444570594523495 0.3152157640853717 0.4838159144068208 0.5418038300586163 0.2918504204663615 0.27052955714533156 0.4367592226251362 0.4947896477719664 0.43293794139762354 
0.27738029801285635 0.3220852975267268 0.2639796093404672 0.2990003142745586 0.14218010933926228 0.5236599228839044 0.4783620956817213 0.52146461228731 0.5502109258742971 0.3701002499525679 0.20033536520049233 0.6182560109844587 0.3463484069627975 0.63133058147641 0.38142384888287256 0.6134017643089331 0.5138833179017337 0.5879924440049338 0.3363637224044083 0.3344991835926233 0.3854140201711706 0.4036060847901608 0.34714930144224776 0.4999148528024312 0.5463953327521606 0.24241383920000473 0.2378391162771763 0.4366789935044381 0.4993109408308033 0.4597258409074402 
0.30231697825658155 0.38028102550632686 0.3979731228443716 0.35049193820129837 0.17499326826714356 0.517000239547966 0.45562821850161694 0.5082893539620467 0.5493193824486979 0.20297736909657982 0.7116739405863511 0.49392651308097274 0.5260128943795244 0.6346639938312795 0.6379716056302066 0.6646882397440054 0.3885902187882131 0.46104567966751253 0.5545847136586352 0.3963178574094425 0.3959733289865328 0.6688086070239513 0.29884238713828776 0.3290618896893965 0.60373335274077 0.3569266911805623 0.390053735474087 0.4364962142870191 0.5231231626562781 0.45909115179434423 
0.30620704079728905 0.38028102550632686 0.39828554468741506 0.3578059214949614 0.1727255726300308 0.4897901199341289 0.45413126108425955 0.696639926130382 0.5573006722222547 0.30556944226126986 0.7186021051059424 0.5147846191232182 0.3963408328808583 0.6220765492199196 0.4563762236738454 0.6658828973359375 0.6617060084024631 0.5398404983352381 0.5765261507445644 0.3554183801605224 0.3955439988923837 0.42002105266321443 0.48142060126992026 0.32897869992289724 0.6029161084132476 0.3568082372495781 0.3855993388421688 0.4578215167304831 0.5212535894055255 0.6467261627600152 
0.3233785887642724 0.3240491683181782 0.3873511999807707 0.5979272027356514 0.7258465931796048 0.46001424167306837 0.49325282478433813 0.5041679010305167 0.5570340713529457 0.5260115688964121 0.6809200703180928 0.5591518219754749 0.39995234378976663 0.49682967260846367 0.6153716231293159 0.6630568847385963 0.6666440277786949 0.5918324602238159 0.20305519091761193 0.5250043120765199 0.39618703040170566 0.6758390239779001 0.4559156929168223 0.49352559379023875 0.6062944832213015 0.2425166840039134 0.2852533922518094 0.43668385963547446 0.4676513110419792 0.450790347728289 
0.3404687591793262 0.482312648468923 0.39771958296593435 0.5597581991533574 0.23888184959188669 0.5162674713194221 0.5252380517424389 0.5186164023316828 0.548616701215306 0.37020368339973875 0.6682440806672789 0.5591518219754749 0.5928334258304951 0.4935878211792792 0.4605347599319868 0.6684291214283392 0.6567970926708502 0.5707956722595036 0.5594391935630809 0.6204264438590826 0.7145029199322848 0.6562740754075753 0.30097575171614677 0.3292977944252996 0.7666439144474203 0.370168744104628 0.2684200344188094 0.4365001321574779 0.45892343391034734 0.4830347974309491 
0.35020468986764813 0.482312648468923 0.39771958296593435 0.6098599201553845 0.21306041897509892 0.49194984447480494 0.5260052480540829 0.708997054822439 0.548616701215306 0.5241300110859428 0.6682440806672789 0.5591518219754749 0.5928334258304951 0.4935878211792792 0.4605347599319868 0.6684291214283392 0.6567970926708502 0.5692326642645609 0.5594391935630809 0.6204264438590826 0.7145029199322848 0.6562740754075753 0.30097575171614677 0.33279253952972304 0.6833905886451397 0.36307979961558373 0.28582152752931944 0.4364998404047879 0.45892343391034734 0.48355917104314866 
0.35784398752607505 0.48740974768815953 0.39900818942179384 0.40119809429696623 0.8666856176458401 0.5178195211792798 0.8010153947906955 0.726903843704659 0.4727700649785661 0.5268286065713799 0.7057325123388802 0.4594502377365786 0.5956127410176455 0.45548775797338514 0.6379593188342109 0.6633918243432991 0.6698827720043042 0.542012671275438 0.7005110188049097 0.39502611778892016 0.5937371335689823 0.522793536005707 0.5830772023047439 0.3348126746403271 0.5275419596479575 0.3735492485099635 0.5491422616735285 0.4381766177650093 0.41910080070496014 0.4532845654113965 
0.3756469154878595 0.6310465836877441 0.39627645919590104 0.4122080622705282 0.20623451719319974 0.40829752074524694 0.7833389241913246 0.7076039990323676 0.5834314002164731 0.5196287796104768 0.4936628553482405 0.5464594615718673 0.5472606658366558 0.5103109763937699 0.4593544188476255 0.6761986424381732 0.5808037386971379 0.5341971979083597 0.6992960860592523 0.5126736036485141 0.5658788378014086 0.6568535839101239 0.589279515816043 0.5755767363380986 0.5279852684677228 0.39960142047955305 0.20204134118269373 0.5089723330404348 0.45531144561045367 0.557354869459998 
0.3785160764190067 0.4810092279520615 0.40710293014884447 0.41221127713976363 0.8650948360625323 0.8697703060268093 0.6070348813285031 0.5486980304691046 0.5882159346043074 0.5270582067472545 0.3024267029923071 0.5483235931906122 0.5536897854275269 0.4562754855806842 0.6540242957337098 0.6997354220746643 0.6698827720043042 0.5700982057971027 0.7005110188049097 0.5127573878972324 0.6269096526002953 0.5228022903154252 0.5830772023047439 0.31029652991186524 0.5275419596479575 0.3735297261210309 0.5928925442056566 0.5234884135875935 0.457477486274222 0.5366791969917647 
0.3859936967314026 0.33946371943118225 0.39626769503271764 0.5442526379309107 0.6855239773854066 0.414824032255506 0.7906229521898174 0.706974197423284 0.5831391427829379 0.6113160351107442 0.48700685310551045 0.5460533268416856 0.5494546473784281 0.497856789713826 0.6331026285846632 0.7005304402217519 0.6755819324765787 0.5339543025607931 0.2872262295175655 0.38672289647148184 0.5938190689907247 0.6873374573459318 0.5892794009510314 0.5708531871586333 0.5277642028090346 0.37293593152776283 0.2897921038973221 0.4418236134131367 0.5972422217087638 0.5579770320711741 
0.39457616929235795 0.6322297230279792 0.6193621294721172 0.4115689407661313 0.7046348263354748 0.8709079245606104 0.5297643180889472 0.7133695708334941 0.5478402173090318 0.5200962896765632 0.48367594938992464 0.5464970181971088 0.55090043117986 0.6099846303271508 0.46019821345850187 0.6997414770569507 0.5844526895221832 0.5341966620052037 0.7172363424153361 0.5011636115836443 0.568071650833578 0.6781833811899839 0.4698512823544431 0.5818453157485601 0.5279878304342505 0.8693571758586932 0.20099154694464288 0.5225823311226784 0.5958777814362699 0.4402686822305166 
0.39794019351839394 0.6313905307111561 0.39627645919590104 0.411550841262504 0.7046727499876507 0.8440344928516093 0.7880087946485749 0.7069769240599566 0.5831391427829379 0.6306975646887466 0.44589180119230254 0.546501510852584 0.5468980311256179 0.5064945750321458 0.6053186706471714 0.700351040212145 0.583619481071889 0.5341971979083597 0.678124730399393 0.38676841402041734 0.5648154626682087 0.6873374573459318 0.5723572853442024 0.5707981938714445 0.5277152677889845 0.39960142047955305 0.20308421662681334 0.5221179022733773 0.6001902013283754 0.5579770320711741 
0.40389935952393896 0.6322003066278038 0.6189105864293445 0.41235558694041097 0.7046348263354748 0.8819979552507737 0.6067179807723279 0.7133695708334941 0.5877778015778341 0.5267621497072956 0.48367594938992464 0.5465000674322393 0.5534848853994733 0.6099846303271508 0.6048201998626662 0.699739563583856 0.5843807665804943 0.5341966620052037 0.7179271356959886 0.5126157205678024 0.6212084924577566 0.6781833811899839 0.4698512823544431 0.5818453157485601 0.5279915937861585 0.8693571758586932 0.18096514241853393 0.5231649942570057 0.5958777814362699 0.45687638617706844 
0.4046720841301097 0.706357443336048 0.6189105864293445 0.41678983665741953 0.7007617293525373 0.7850649079905906 0.6067179807723279 0.7059692430043787 0.5877778015778341 0.5225304770351548 0.3171691037035841 0.6200522504045599 0.6484598966087756 0.8237906740744618 0.6438059901686704 0.699739563583856 0.5843807665804943 0.5640809953996627 0.7179271356959886 0.5126157205678024 0.2903215476986364 0.6779277871068019 0.4698512823544431 0.5823698728119221 0.5222293341510359 0.8687729913672445 0.5811581626889976 0.6957862320050527 0.5954827691663931 0.7108755667532469 
0.4136162432839272 0.6311181688695929 0.4212522411582653 0.40718139873068787 0.6890381616936363 0.8455621412017428 0.6457360194027219 0.7073888345900579 0.5811193594489746 0.8261907098192339 0.4815642306919775 0.5408873955746603 0.5777791068232718 0.5114095243420023 0.6047537817270467 0.7003794202944724 0.5698389297558786 0.5325050193259124 0.7265451948440534 0.5123769689172681 0.6221503470391758 0.6782549813653298 0.5055512302855929 0.580768717377792 0.5683952260883564 0.9041455800282729 0.6085580692427262 0.2852419986912055 0.5575380265739863 0.46015769088157554 
0.4259438373261788 0.7099277627959852 0.41559077990775606 0.6505240593439645 0.7014006996796356 0.7533699059087577 0.6324720382288074 0.7145712689406403 0.5276924569058705 0.7627101314005624 0.5122982633578818 0.7680672550149632 0.5835756300017539 0.7858139876749489 0.7019832399207205 0.6991106080608511 0.8082342405781834 0.7050988843215353 0.7166118948218492 0.7538328730235703 0.8666170049573405 0.521868040683246 0.5646394262174107 0.6334063359670509 0.5670007990501414 0.9043556066204383 0.57991663470967 0.3465706860266444 0.5567485406764098 0.6902947814985243 
0.43026860214010754 0.706379268916646 0.38482026263171193 0.6196841455499699 0.7011967208194605 0.7536318320944762 0.6484467930216832 0.7122671544761368 0.6023577426064464 0.7653586384781429 0.5215890302362642 0.5493530115660921 0.5826414722862553 0.8008941143966597 0.6053055000839791 0.6995677891218673 0.7786089851983953 0.5368411563399191 0.6777954700673409 0.7484043163586832 0.8666170049573405 0.5194315813766728 0.5624335253903511 0.6345330287039361 0.6562834068620296 0.8658274917713676 0.5792606202455178 0.2880719688646198 0.5558634111650128 0.45780451257330135 
0.43817521247941355 0.7140294941349349 0.4157741588680609 0.6505246484306374 0.7018632594731687 0.7536352785931437 0.6476853666628594 0.7121642077874186 0.5276924568812865 0.8452318928955498 0.5123208943330152 0.5362105682973056 0.5816614333624295 0.8012429740825155 0.6444001411556971 0.6991106080608511 0.8189803049362132 0.6997100402926558 0.7169343706475638 0.7632657132133444 0.8666360817752807 0.5642270139121744 0.5454071337366065 0.6332625012216593 0.5668150659374326 0.8677014758054958 0.6048930963505457 0.296770060695164 0.645722271637605 0.6979270057489404 
0.4396236672056295 0.71402933306102 0.41572013519107187 0.6530275189535183 0.7011883409178017 0.750908720661208 0.647734286303125 0.7121642077874186 0.5276924568812865 0.7609019648283253 0.5121113991061635 0.7687536257662493 0.5836277257001555 0.8012429740825155 0.6444025300193805 0.6991106080608511 0.8082341390601536 0.6995703005771087 0.7166126611847614 0.7498447473316463 0.8666361492456289 0.5228842809046949 0.5454358318883152 0.6332625012216593 0.5670008282401738 0.9027137825940301 0.6048930963505457 0.29677021006067494 0.5566441097346947 0.6999803025498377 
0.44475154093241864 0.7124127099708226 0.4157200928826926 0.6527658856099812 0.6887070092014828 0.7509040508314598 0.6476854457831636 0.7121066098734822 0.527692456768308 0.7627101717184129 0.5123063444826428 0.5408286659509921 0.583420017916472 0.7861519595121269 0.7026364527785196 0.6989848088786607 0.7903471276639302 0.704996307969361 0.7163103166556919 0.8953190162060116 0.8666357142253245 0.5229802714539152 0.5624349704007438 0.63341058138941 0.5670008282401738 0.9042401170509493 0.6056102279598512 0.3465706860266444 0.5567464456294273 0.6978901248180508 
0.4523987181959839 0.7141018837246691 0.41572013519107187 0.6505246484306374 0.701188114842308 0.7536318320944762 0.6483887634934558 0.71224852166282 0.5276924551561052 0.7609118343986913 0.5123063004918108 0.5547528470161198 0.5815829709714148 0.7858139876749489 0.6440793914700403 0.6991106080608511 0.808248760610551 0.7049753140659917 0.716611901669783 0.8957180107892629 0.8666170049573405 0.5218663102847252 0.5589471300292954 0.6334064760171395 0.5670008282401738 0.9041455800282729 0.5795336392238501 0.3465706860266444 0.5567448101579597 0.6978901258147072 
0.453192720874906 0.7141018837246691 0.41572013519107187 0.6505240593439645 0.7016953785589638 0.7536267226461701 0.6476847638644274 0.7144830884191052 0.5276924569058705 0.7627101314005624 0.5123063004918108 0.5506425282543569 0.5836128643800264 0.7858139876749489 0.7019832399207205 0.6991106080608511 0.8082342405781834 0.7050030356794195 0.7166118948218492 0.8893221226051797 0.8666170049573405 0.521868040683246 0.5646394262174107 0.6334064760171395 0.5670008282401738 0.9043556066204383 0.5791960207688062 0.3465706860266444 0.5567448175009166 0.6978901196865546 
0.4612602874994101 0.7141018837246691 0.41572013519107187 0.6505240593439645 0.7016953785589638 0.7536267226461701 0.6476847638644274 0.7144830884191052 0.5276924569058705 0.7627101314005624 0.5123063004918108 0.5506425282543569 0.5836128643800264 0.7858139876749489 0.7019832399207205 0.6991106080608511 0.8082342405781834 0.7050030356794195 0.7166118948218492 0.8893221226051797 0.8666170049573405 0.521868040683246 0.5646394262174107 0.6334064760171395 0.5670008282401738 0.9043556066204383 0.5791960207688062 0.3465706860266444 0.5567448175009166 0.6978901196865546 
0.46874772548669663 0.7141003539539745 0.4157201424727983 0.6505246472317733 0.7016897027936851 0.7536478972814924 0.6684307451657517 0.7144471445396222 0.5276924568793674 0.7897935320106484 0.5123063004918108 0.6009778132243847 0.5835262119845628 0.7857008252801795 0.7025537957739629 0.6991106080608511 0.8085050303225008 0.7051635971882749 0.6705516085799816 0.8957180107892629 0.8666171273483254 0.5218680478550035 0.5644313641504994 0.6334067281221729 0.5670008282401738 0.9043583888320958 0.5795336392238501 0.3465706860266444 0.5567448101579597 0.6978901197173035 
0.4704701329259046 0.7141003567216064 0.41571181888600206 0.6505246484306374 0.701188114842308 0.7536470227479138 0.6483887634934558 0.71224852166282 0.5276924551561052 0.7892335618721087 0.5123063004918108 0.6009778132243847 0.5815229813593595 0.7857114334263147 0.643748423299058 0.6991106080608511 0.7996855560788783 0.7082064023327805 0.6724555245901916 0.8957180107892629 0.8666060508612197 0.5218663102847252 0.5589471300292954 0.6334109215419927 0.5670008282401738 0.9041455800282729 0.5795336392238501 0.3465706860266444 0.5567448101579597 0.6978901258147072 
0.47219111589628043 0.5582529667245297 0.41572013519107187 0.5894778395456449 0.6564454556481731 0.7536318320944762 0.7280650195956933 0.7150708919391746 0.762824676787974 0.7609243383051798 0.5121098390096732 0.505819171002218 0.6794828060271332 0.8012429740825155 0.6444025300193805 0.6991106080608511 0.609542056320556 0.6238315575936206 0.7158812045018569 0.744953717261637 0.8685623906921174 0.5348893870078518 0.5586587475592946 0.6332625012216593 0.5669966135697649 0.9041455800282729 0.605044953238433 0.29669486070922574 0.5535153172363961 0.6999860539713615 
0.47549868351396957 0.714683940771498 0.41572013519107187 0.6006906387544153 0.6564454556481731 0.7536318320944762 0.7280650195956933 0.7150068276839806 0.762824676787974 0.760820382190906 0.5121098390096732 0.4996194691430318 0.5819014030981663 0.7858612112942026 0.6444762179964207 0.6991106080608511 0.6165510167162243 0.6238315575936206 0.7195583689264649 0.744953717261637 0.8685623906921174 0.5348893870078518 0.5586587475592946 0.6332625012216593 0.5670006822301614 0.9041455800282729 0.6050474192562783 0.29669486070922574 0.5535153172363961 0.6999860539713615 
0.4772689818716889 0.5566712241799148 0.4157279040003579 0.6518868580940762 0.701188114842308 0.7536318320944762 0.6483887634934558 0.7151163493492687 0.5164852118037825 0.7654443820784899 0.5120939199159723 0.5063805010208043 0.5815298375950252 0.7858139876749489 0.6439616780340841 0.6991106080608511 0.7578150732995603 0.7049753140659917 0.6817187516556221 0.7318036751308573 0.8684682578822374 0.5217639793769322 0.5589477154655232 0.6334064760171395 0.5670008282401738 0.8016036211973163 0.5795365083580288 0.29670627770426933 0.5534811058036259 0.6978901258147072 
0.4987847868554665 0.5809120343643578 0.3122993666154123 0.6526681057359808 0.7003500917028923 0.7534439211476703 0.7286168702075155 0.8742900796390022 0.7773385051397043 0.7957394533042025 0.5374414488523974 0.5015279246725076 0.7655476922270585 0.7859819539909493 0.6730517007603044 0.6985943520440878 0.7577166103723942 0.5664679904713873 0.7136390908621784 0.8088527233123097 0.855028147790752 0.5945063956957859 0.5253707694958244 0.6336133694066639 0.5687815217732914 0.9042761113729795 0.5797255773624461 0.6594526430436388 0.5567757922061913 0.6977975313016378 
0.5093245492815802 0.6372238950430547 0.3124973453711416 0.5292655966551444 0.8218991650726198 0.7548983571088874 0.7342513230887547 0.7148320066474104 0.7617449598227629 0.6585289768885253 0.5140776087691763 0.5022633304962185 0.7597348295610087 0.5657149540778128 0.6649567162789437 0.6415168868676114 0.7988585554381996 0.566472442123602 0.7437636142147163 0.744951246595949 0.8685686976905271 0.5940520981615883 0.5219018666658237 0.7466972351298259 0.6497674386547803 0.7705784605221697 0.5919912319312716 0.638625888067964 0.6118326769277679 0.634320120249296 
0.5130808780553631 0.6345774869392684 0.31299560557868195 0.5289295012204268 0.8214362710216383 0.7440109278739574 0.6210542999666407 0.5817055650976873 0.777096089350669 0.8484275830723678 0.7474450603521363 0.792076605798668 0.6789113862269744 0.5590083698101925 0.663234975134133 0.6400901551778976 0.7986068083374332 0.5665307476745934 0.7824457564417822 0.7440789645284533 0.8538608222311386 0.5337850464979543 0.5220731244523205 0.6889391830061764 0.566852345836167 0.7730590666402841 0.5994118076858614 0.6587832958585881 0.6138345119444074 0.698103817612311 
0.5188422349458728 0.6503032044687695 0.31300023441007097 0.5180183581107166 0.8212232646636426 0.770908627474643 0.6176595890994948 0.6265567783835342 0.7773385051218497 0.7967731105529334 0.8102180260297607 0.7921043476411753 0.679461170433902 0.5714674577418657 0.7004634847217055 0.6416940706078113 0.7958701080244783 0.5664707846382884 0.8104895458723054 0.744941513512505 0.6624064868592429 0.5337026021820842 0.5270345057044139 0.688940077388761 0.562316572614181 0.8612969283721986 0.6821556816457538 0.6570797082284887 0.6348026804148479 0.6249523174084928 
0.5352836671985439 0.6535568849076479 0.5846584407852277 0.5269763856810719 0.8153135079718548 0.8503324954796305 0.6175831781098534 0.5813679764186519 0.7770787636376406 0.8497650546627437 0.4952865293003883 0.805286763630972 0.744191774757402 0.5654263849985137 0.6747966465172279 0.6401083071103331 0.7966283894260678 0.6953987852522464 0.7709253759165584 0.7114867200517929 0.6557668959812368 0.5338307986024219 0.5222718990902062 0.6926693166409424 0.5664986948317866 0.7731169030877685 0.598129676743035 0.6582480299607212 0.5285839015149014 0.633706744719466 
0.53864450349016 0.6152951797304573 0.6582771192007318 0.5272999386285919 0.8212216626523103 0.7736518455530659 0.725060273997017 0.8709681984433262 0.7770783891415783 0.8959339518271513 0.4240418547486287 0.7914493949569381 0.7448730701341072 0.5541184272896831 0.6651384511876659 0.6399807714851141 0.7984823550396616 0.6917843148584031 0.7620092509704652 0.7126802031040762 0.655251859379703 0.563957716437866 0.5213192337346075 0.6218651317852741 0.633038694814618 0.8659602544735999 0.5706415907957653 0.6940081553150507 0.5841127431013551 0.6340245413714832 
0.5408397068353649 0.6507157761169795 0.5672105517387722 0.5183321075995878 0.8346711263604581 0.8179406306927758 0.7306242622151329 0.8505493329467338 0.7566204313014521 0.8423705016475955 0.4941691778503607 0.8022281886924248 0.7451337238389552 0.563099780337582 0.656544811292382 0.6767869429069121 0.7957875043117313 0.6975625409613431 0.8156823247687647 0.7569449493272284 0.6659738859115079 0.531916361867605 0.5269050095494303 0.874348896042153 0.6275483903780278 0.8642573368584548 0.6043104355794577 0.566079130050868 0.5839085706992115 0.6329355186638029 
0.5415814026101556 0.6522002090947977 0.5823131557304578 0.5185533764717701 0.8337421920383217 0.8180273100781217 0.7330425809617727 0.8046403752761631 0.7773388029981676 0.8438548365918364 0.49308180637752674 0.7916926732154262 0.7598694741532992 0.5632783035218085 0.6656969325077132 0.6767869429069121 0.7957875043117313 0.5681842025583337 0.78124249473005 0.7569449493272284 0.6659738859115079 0.5337893904711869 0.5265741652238254 0.6898692965023339 0.5624036095311975 0.7730592111203232 0.6050623948059017 0.566099462987647 0.6360818720738607 0.6247356539073678 
0.5481923279126111 0.6412544881559707 0.5672082654271391 0.5275737892790556 0.8153898262579543 0.8202023413906975 0.7814349518699703 0.7828583104826945 0.7120350022669626 0.7961477274556685 0.48711892550432145 0.8008456648960286 0.7454385496497191 0.5605228721363558 0.6576772912030474 0.6759445994957836 0.7963989779464413 0.6968681120114048 0.7769396257575537 0.7464177538491816 0.8525718990800458 0.5969488140042498 0.43221272808747047 0.8801038224113891 0.6262960199152142 0.8652905092470833 0.6269340026037508 0.6963874184391716 0.5822279061549601 0.6467744539635834 
0.5590176283363627 0.6541516446195453 0.5812798580252682 0.5273050780412946 0.6954210400815968 0.7708262065453815 0.7815137618222895 0.8751479831921671 0.7773462194866833 0.8501862474319208 0.4952982031598569 0.8008280450663199 0.7449709492822923 0.7637932465238727 0.6572807031076097 0.6406510143532655 0.8171813675984384 0.7022127254863209 0.7623901122148918 0.7112571203212608 0.663006355294177 0.5303745900543265 0.5205383351410037 0.6234444780275397 0.6267924977289115 0.8660370877036494 0.6853816948724025 0.6552925187882888 0.5842355023028243 0.6340309037586751 
0.5636991979983262 0.7155773655817655 0.6024885277395597 0.5186870118348195 0.6947791179535853 0.8178685352487368 0.8098114493253448 0.876508730832024 0.7669210399993796 0.8529931072442177 0.49404232620424277 0.8021913786071424 0.748262593402006 0.699734975034359 0.6565639031589818 0.6323177829462356 0.7950344740569072 0.6983909465239845 0.7605325820011403 0.7556408694662162 0.7304757000253872 0.5351275970293287 0.5668143023550787 0.7486652598474595 0.6268812289783607 0.8590644849566523 0.5958002844664518 0.7000084049310716 0.5838312973135504 0.5633297048770599 
0.5698760970572037 0.6540533991004006 0.5807672552267928 0.5273050780412946 0.8213911784362011 0.7722482565551555 0.7815137618222895 0.8751136261423058 0.7773435352156642 0.8501862474319208 0.488665164547672 0.8008280450663199 0.745001810160397 0.7587941099083663 0.6572807031076097 0.6406510143532655 0.7964755632982515 0.7022127254863209 0.7621312072488856 0.7112571203212608 0.6639797768506306 0.6631667140755007 0.5213192337346075 0.6318752552044916 0.6267924977289115 0.8641752208860085 0.6857861841440656 0.6551047232415258 0.5842355023028243 0.6340309037586751 
0.5763061000993244 0.6548711508289125 0.5807825707032638 0.5273304806091796 0.8150813886382804 0.7235276579893825 0.7260507358747829 0.8607544562814337 0.7773423630102637 0.753017561748044 0.49500618682690906 0.7765255846760418 0.7455833954624304 0.7558563491898649 0.7106897935750749 0.6572552306361108 0.7963970176911465 0.7022550419294531 0.7439776510725493 0.7426260393556537 0.7421079892538741 0.6618424228614697 0.5675420465471953 0.6084850777484022 0.6278698078840733 0.841553460811779 0.5984667261681854 0.6548769241840317 0.5842344849000782 0.646717429719917 
0.5830538547445328 0.7112777444794911 0.5823169397849738 0.5274984887694587 0.6954289716719931 0.8064777816504047 0.7858047709379576 0.8783407335560991 0.7784654900183925 0.7565740129789389 0.4990721411880997 0.7850106609576857 0.7464793107490016 0.788156241288814 0.7131288638684165 0.6563657924272769 0.8185008540594102 0.6966386721942179 0.7811735041903227 0.8558540392783162 0.7318546751658132 0.62900442544248 0.5592838983778703 0.7684343896840194 0.6220539559381603 0.864207094103609 0.6055385070603563 0.7027170713930516 0.5847887788249828 0.6338034712073374 
0.591638165995324 0.7113031000275079 0.582309826058279 0.5276120958334004 0.6954289716719931 0.7975144422077468 0.7824435782833931 0.8607518629271326 0.7503973283963448 0.7566715478735933 0.5694076808443724 0.7857142625871815 0.7465667403457783 0.7749545215537623 0.7105004056777404 0.656269900234205 0.8183795330084495 0.699109076813743 0.7804440802768684 0.8558804615634739 0.739106623370025 0.6287977422904922 0.5622941190078289 0.7673270173847141 0.6278133480634143 0.8642070915297304 0.6055381477387581 0.7027697029628512 0.5839098464451052 0.6356032732399289 
