0.2790354838975365 0.9611018495935336 
0.2789900621230285 0.9615082284763911 
0.28754443652342343 0.9590095383874895 
0.30626024783204253 0.9527727306488708 
0.3255147276117709 0.9467903091746028 
0.33932374158865697 0.9415078029456275 
0.7905725277036628 0.6136551011516829 
0.8002237126310805 0.6010341788507059 
0.8150523481114152 0.5814237104856156 
0.827913754025671 0.5622542514308282 
1.000283774283849 0.03177481877878849 
1.0004512838070323 0.02596769415393209 
1.000788417873624 6.465644965277583E-5 
