0.8201163172483782 0.5000116453619207 0.5000104084888363 0.5000309941133215 0.5000094045894109 0.4999810869254863 0.49996541283374024 0.5000309055883163 0.4999998487408122 0.4999897202167093 0.5000091959479492 
0.8202161026701608 0.5000452536954638 0.5000104085002899 0.500030994113387 0.5000094045881943 0.4999810870940941 0.49996541283271206 0.5000309055876041 0.49999985760776877 0.4999897318411962 0.5000091960267484 
0.8145493300296144 0.5000465611780611 0.5000104085009622 0.5000309941134825 0.500009404569189 0.4999810851826738 0.49996541281888335 0.5000309057706683 0.4999998507828345 0.49998973170590993 0.5000092045620946 
0.8020051567925146 0.5000109282937478 0.5000104085013682 0.5000309941057001 0.5000094034815326 0.49998108680507086 0.4999654128337388 0.5000309056159999 0.49999985750214054 0.49998972018715687 0.5000092034143837 
0.7891842818174002 0.5000463057605122 0.500010408500971 0.5000309941110294 0.500009403469988 0.49998108693679477 0.4999654128341487 0.5000309057023253 0.4999998506894916 0.4999897317326473 0.5000092109597998 
0.7797844908752194 0.5000116377085478 0.5000104084889271 0.5000309941133186 0.5000094035068614 0.49998108692013865 0.4999654128337388 0.5000309056877044 0.4999998573959625 0.4999897202186963 0.5000092035164638 
0.4202132111806061 0.5000116457735083 0.5000104085007471 0.5000309941133875 0.5000094038371397 0.4999810848335897 0.4999654128327476 0.5000309056896558 0.4999998492646777 0.4999897318419531 0.5000091960265732 
0.4101064278724015 0.500013877726142 0.5000104085003644 0.5000309941136051 0.5000094035625066 0.49998108570518596 0.4999654128186522 0.5000309056885128 0.49999984926487084 0.4999897317016601 0.5000092048564961 
0.39447163281451847 0.5000460925742481 0.5000104085009083 0.5000309941212879 0.5000094035561365 0.49998108776089484 0.499965412816359 0.5000309056885078 0.49999984780390316 0.4999897317039421 0.5000092019178934 
0.37979199485100495 0.5000109107530142 0.5000104084885305 0.5000309941149397 0.5000094035569642 0.49998107950959997 0.4999654128326474 0.5000309056995601 0.4999998477971586 0.4999897320049761 0.5000091960053012 
0.020215941291460104 0.5000116244728784 0.5000104084885246 0.5000309942462985 0.5000094035406311 0.49998108704347893 0.49996541283381224 0.5000309056978434 0.499999847805078 0.4999897328638061 0.5000091959514321 
0.016520381154879513 0.5000115996037352 0.500010408488831 0.5000309941143186 0.5000094045610679 0.4999810870764192 0.4999654128568437 0.5000309057427339 0.49999985235127314 0.4999897322500376 0.5000092019660468 
4.112914724796121E-5 0.5000116335915542 0.500010408488831 0.500030994241568 0.5000094047226552 0.4999810876844768 0.49996541283360096 0.5000309057001057 0.4999997956659038 0.4999897328441104 0.5000092100847549 
