0.012082854563524372 1.0047284861584522 
0.03311149582443805 1.0033754276146039 
0.061364579769572644 1.0021889811820732 
0.06458296908791769 1.0015063649511358 
0.08279135724725001 0.9989750872612602 
0.08487622037556447 0.9979997470758482 
0.09032587396538685 0.9968177246014759 
0.10038556225408589 0.9952130093738759 
0.10502116024593404 0.9947902292960172 
0.11542687409184849 0.99223762339985 
0.12365870356815944 0.9921735976576181 
0.12633027486705894 0.9920548339136996 
0.13334752320902968 0.9889567283591072 
0.14051413131568677 0.9864201333565161 
0.14407740516531833 0.985137161962871 
0.14749667449561188 0.9844522759597704 
0.15698258592437928 0.9809266592534368 
0.15859031832637613 0.9807242450024121 
0.1627561948807396 0.9802862538390945 
0.16680864049773386 0.9791670144948141 
0.17408706165439966 0.9768188049778579 
0.17768283487604036 0.9751000394554818 
0.18665344172690707 0.9709398209204617 
0.2019260683258097 0.9650956952116192 
0.21450742719727126 0.9611385553541225 
0.22003768195820372 0.9580464004113327 
0.2240591982563555 0.9563903591537509 
0.23761250494547978 0.9492359806435157 
0.24449843093560245 0.9479162494853476 
0.2581180483378107 0.9408929224577359 
0.2594805760906772 0.9396475628743814 
0.26299353025118016 0.9372843728420298 
0.2769459245147415 0.930216899576595 
0.28014509201477955 0.9292106510368073 
0.2940270953025516 0.9218362182651378 
0.2964852966675654 0.9217973342498651 
0.3008112545446365 0.9197656321210443 
0.3037728281207957 0.9159864508569906 
0.308596506650965 0.9132299048593343 
0.3118068750902882 0.9111721239648229 
0.32022061220846476 0.9061025958507465 
0.32377684414063146 0.9042341865182271 
0.3376277497542273 0.893550491374973 
0.34096639187387917 0.8930013860618772 
0.34775114009431984 0.887612350716126 
0.35416612390369395 0.8844935621644525 
0.35629355060205176 0.8813395705961257 
0.3675669040694102 0.8733507450729833 
0.368781358791474 0.8727923909951796 
0.38031434792402746 0.8630271629886505 
0.3880018555627412 0.8562481009249362 
0.3909449775396263 0.855120100339809 
0.40143303495542126 0.8476351179558912 
0.4055846885427753 0.8433160152808903 
0.4131561398462937 0.8382674381098324 
0.4172556886909553 0.8345422743143773 
0.421684281585529 0.8293725078547469 
0.42526889176549154 0.8278221435524203 
0.42841363461989745 0.8255581189515114 
0.43473975406090315 0.8209553618582007 
0.43520392643799666 0.81851255032027 
0.44000287721055675 0.814831890770984 
0.4421743425138857 0.8130729383161919 
0.45044067288649015 0.8043947680210589 
0.4532618609779176 0.8021778915977774 
0.46680650964121684 0.7917853737935006 
0.46777747607029563 0.7901066349897389 
0.471525010243141 0.7879784391116986 
0.4732584383518644 0.7839160216906276 
0.4787283789327489 0.7809704248762164 
0.4831873354771782 0.7766364159544022 
0.48427836031003957 0.7732420018350865 
0.49096057676028526 0.7694003929687292 
0.4962880877625223 0.7633733245090747 
0.4975719576614716 0.7608326336899193 
0.5010457310050687 0.7567865502004831 
0.5036019464064727 0.7548107253316224 
0.5087201147904132 0.7495190721218558 
0.5107980071254878 0.7481708508949079 
0.515939923876138 0.74220518816037 
0.5220569900259838 0.7404613095637421 
0.5225921898066341 0.7368475774439424 
0.5288551745284594 0.7288616507224662 
0.5291529801946981 0.7280080533262385 
0.5339605328020213 0.7227236334569526 
0.5380049125060338 0.7199695508063154 
0.5422590880654912 0.7155064305885332 
0.5457338819176355 0.712945829386264 
0.5484789187885221 0.7074509209037904 
0.5523059649828664 0.7036442583318858 
0.5564441566555646 0.699099047893493 
0.5592959827216796 0.6962729166249 
0.5595535108504268 0.6960447025821769 
0.5679100007489003 0.6859862295514412 
0.5700552118692594 0.6857686875970256 
0.5726058172000501 0.680544371416292 
0.5773066427014263 0.6772345136335787 
0.5773796887670947 0.6754884034392933 
0.5773792311583265 0.6754920693804863 
0.5773764758942996 0.6754934742000549 
1.2169612281143118 0.670293013322996 
1.231896481138672 0.6551595899574665 
1.2444790517137876 0.6399840987243824 
1.26815133793573 0.6214973565903906 
1.2814991749898708 0.6026596319535558 
1.286396052594844 0.5946990570647238 
1.2893517848296852 0.591488295517798 
1.3062925761362978 0.5695277859373749 
1.3124960583148872 0.5652937632595499 
1.3279434089806603 0.5319842546415654 
1.3286605730938352 0.5289224348970673 
1.3365760940274707 0.5208593036907574 
1.3417838712012675 0.5139995496891581 
1.3425605777102074 0.5089305398325404 
1.3499535679399268 0.4949187879605015 
1.352942407247482 0.4901688026400609 
1.3638404674732127 0.4699859491809548 
1.3664811914044015 0.46521894209239134 
1.3830247183282074 0.4323955949251438 
1.384299796001688 0.4303851130754972 
1.3979020000322429 0.39790200003224285 
