0.007301062885809508 0.4997924127808386 0.49996671493382056 0.5001631407706403 0.5005047144157302 0.5002278128474266 0.49965622885474004 0.5000445250946455 0.49996003908303227 0.49947804642028426 0.4998750285055165 0.49979796525137454 0.5000874904538956 0.500388682282444 0.5003568943651373 0.4998822454791055 0.4995714922549887 0.5001971771690344 0.49984635260272414 0.5002405557560419 0.5002890545041466 0.49955124048306676 0.5001942465397544 0.5002145756533762 0.5001726343603788 0.4997164216768932 0.5000593164193332 0.5000596398690198 0.5006173451927557 0.4996503352802347 
0.028900811315159855 0.4997902674278975 0.49996514969454375 0.4998129831961095 0.5005031231067737 0.5002266778726895 0.4996562443046051 0.499959131907807 0.4999624406142223 0.4994803119839893 0.4997703551346689 0.4997950006259952 0.5000880796002712 0.5003884227529927 0.4998196249560748 0.4998516285932631 0.4995748533781534 0.5001960153890729 0.49984563544189714 0.5002401734501271 0.5002905720205778 0.49991396359676554 0.5001935732536158 0.5001707696163283 0.5001695249833005 0.49971642842100134 0.5000552918134885 0.5000497762591004 0.5006193108426922 0.49969856018153147 
0.05603560910026194 0.49979059576847285 0.4999644758876188 0.4997882207757196 0.5005538325162174 0.500198835908243 0.4996562298256692 0.4999224838734914 0.5000001606154794 0.49947813612563413 0.49981278528166956 0.49979788708735345 0.5000894681053766 0.5003886603850931 0.5003616961081383 0.49988180687102274 0.5002660283981933 0.5001952183539402 0.4998457554462442 0.5002404861800488 0.5002981273969204 0.4993616448811625 0.5001953524914472 0.5001935210567728 0.5001726133795101 0.499731475825874 0.5003377983082758 0.5000532500959587 0.5005730206229051 0.4995801118476189 
0.05953248711471789 0.49979238218000643 0.499989774471457 0.5001627276961326 0.5005518642755775 0.500222707612279 0.49965617521657346 0.5000434695151966 0.49999789692149743 0.4994744975452124 0.4998752533650162 0.49964371827499404 0.5000879152901712 0.5003850859621516 0.5003715585343355 0.49985739731497114 0.5002537471213041 0.5001958263986718 0.4998470994084591 0.5002405535021286 0.5002892826991746 0.4994635205797628 0.5003111710487264 0.5002153087968709 0.5001623448469096 0.4997164214470794 0.500059312482266 0.5000642279043847 0.5006118115054653 0.49969492187620085 
0.0777683532229762 0.49979234904486197 0.49996507481557306 0.4998097294495391 0.5005489453287645 0.5002208222171829 0.49965614593159524 0.5000183525760225 0.49996320017039875 0.499479990993749 0.4997700329311289 0.49979800132030666 0.5000879198111502 0.500384972188284 0.500357887638635 0.49985618994011266 0.5002378151664828 0.500195806682164 0.49984662775883154 0.5002402069535592 0.5002890740917705 0.4994977821304699 0.5002301426476455 0.5001684328680588 0.5001718553230795 0.4997164116269762 0.5003367744588167 0.5000644482754604 0.5006180151497913 0.49965146304332225 
0.0804106075010314 0.49979028109368945 0.4999640391162642 0.4998129831961095 0.5005039112727249 0.5002198507518273 0.4996582106527439 0.4999650936987427 0.49994655770215307 0.4994803119839893 0.49982433725358444 0.4997950006259952 0.5000761119944819 0.5003887336106547 0.4998196249560748 0.49985157315407275 0.4995782830970542 0.5001960086335984 0.49984587229210864 0.5002401734501271 0.5002893734328347 0.49958950598494845 0.5001935732536158 0.5001582999634038 0.5001708173120388 0.4997176233213206 0.5000552918134885 0.5000496373382768 0.5006193268524118 0.49969506437911315 
0.08609568277194382 0.49979024593349014 0.4999651527853796 0.4996638951339312 0.5005484723090976 0.5002235678988387 0.4996550849848699 0.4999575216977591 0.49994639416216563 0.4995219341662248 0.4998949425189034 0.49964333770814723 0.5000879169605683 0.5003599718627343 0.49981096023322297 0.4999518462802131 0.5002468656410215 0.5001875982945735 0.4999643997423215 0.5002401285766669 0.5002905546861792 0.4999011107013266 0.5000822721691593 0.5001706295174915 0.5001617806357025 0.499716400376516 0.5003133756986855 0.500053012750077 0.500617788940484 0.4996952478104989 
0.0959635499593998 0.49979025164254826 0.4999651526511942 0.4996638951339312 0.5005552202732947 0.5002267884825108 0.49965623703065176 0.4999575216977591 0.49994639416216563 0.4995219341662248 0.4998936496425232 0.4996458693663449 0.5000879152901712 0.5003610687722106 0.4997882850047416 0.4998583675642281 0.5002537471213041 0.500195784703861 0.4998426082086061 0.5002405519779394 0.5002905546861792 0.4999011107013266 0.5001926282734085 0.5001706295174915 0.5001695289635555 0.4997164214470794 0.5003133756986855 0.5000642279043847 0.5006165227109879 0.4996952478104989 
0.10019241160640872 0.4997902776256403 0.49996408637605316 0.5000418451107697 0.5005105708168995 0.5002210889223779 0.49965824836941053 0.49994573867824516 0.49994520720513225 0.4994837008052023 0.49989522331922204 0.4998016010515033 0.5000756983589788 0.5003885625196461 0.5003607915042487 0.499853972763038 0.49948194931306655 0.5001960465756526 0.49981879600761764 0.5002402508756574 0.5002891571165853 0.49954451400634464 0.5001924361906787 0.5001929645437712 0.5001693643874585 0.49971632283240885 0.5000560214758575 0.5000480414254542 0.5006096567174033 0.4996970855190186 
0.11089217599507561 0.4997923971439981 0.4999640751483505 0.5000418451107697 0.5005047887597592 0.5002279405973857 0.49965823560650097 0.4999383126679374 0.49994520720513225 0.4994837008052023 0.49976837919521033 0.4997949758327489 0.5000756983589788 0.5003886890636068 0.4998238312143754 0.4998554350164609 0.49957648212739886 0.5001960268518714 0.499836919184822 0.5002402508756574 0.5002893227588343 0.49956075321788534 0.5002247862117242 0.5001627647360374 0.5001694814020033 0.4997165233490724 0.5000551267509157 0.5000643399862665 0.5006193962980289 0.49969490601286537 
0.11764480562095014 0.49979055084781904 0.4999650878382858 0.49965268953605235 0.5005546200757487 0.5002195616314454 0.4996561631047299 0.49987208758040014 0.4999366719436776 0.49948010352935557 0.5001789033542785 0.4997981479915047 0.5000728164421732 0.5003887296039798 0.5003600559949015 0.49987022832449984 0.4995832722971292 0.5001974128978058 0.4998371640715377 0.5002402603859178 0.5002953261956039 0.49958961109821637 0.500769731820058 0.5001721905999219 0.5001695959608532 0.4997174510317498 0.5000402313849195 0.5000496719949117 0.5005743153976776 0.4996504694289715 
0.11989954101721945 0.49979259086764194 0.49990774495806495 0.49976624164844474 0.5005552858139426 0.5002225418912472 0.49965622880310717 0.5004852093791986 0.49999990743337375 0.4992038806360577 0.49982851318283217 0.49979797014829014 0.5001055651473167 0.5003887361008739 0.5003743131693488 0.4998518388661864 0.4995912759381679 0.5001844235595254 0.4998186432750088 0.5002402292576666 0.5002949767080747 0.49946456175079174 0.5001260166482856 0.5001590149862171 0.5001697013778353 0.4997173747614842 0.4997007771005385 0.5000494759050398 0.5006175606616154 0.4996508237103317 
0.12800540988905698 0.499790341078279 0.4999650706322029 0.4996526512530674 0.5005535608327056 0.5002089868444748 0.4996582737580628 0.4999458307184807 0.5005576008431054 0.49947997294894986 0.49976368580269004 0.4998014730928531 0.5000543148182274 0.5003599976419385 0.5003597913130513 0.49966620887285196 0.5002259738751513 0.500190474075544 0.49983630721676353 0.5002403614493636 0.5002952065903898 0.5000100954289413 0.5001927236887866 0.5001704209405907 0.5001693637924628 0.49969138556723575 0.5003348625790606 0.5000634408400858 0.5005767379912621 0.4996515439649746 
0.1356838820979895 0.4997902504903554 0.4999640892642412 0.5000308350466296 0.5005046782636999 0.500227721880099 0.4996557136678448 0.49993861507007387 0.5005652088483684 0.4994814438317847 0.4997741130147061 0.49979499288958384 0.5000751197125654 0.5003625914466587 0.49982430731280536 0.4999016755249418 0.49957627590232884 0.5001959134534943 0.49983701880203774 0.5002405697583698 0.5002906084328753 0.49973619215985216 0.5001929950105783 0.5001631951336173 0.5001694638910177 0.4997181934399464 0.5000412849812972 0.5000721623819547 0.5006193571686992 0.4996952693399499 
0.1394843572773671 0.49979059046782676 0.4999652138856049 0.4996640541713751 0.5005539559828587 0.5002084064460203 0.49965827181129435 0.49994582971887336 0.4998630218815568 0.4995530469641259 0.4998254930887213 0.4997983782590012 0.5001099459578332 0.5003884048525291 0.5003637061528414 0.49966225219033134 0.5002903364505429 0.5001956373106718 0.4998363327373769 0.5002406248969731 0.5002953702462973 0.4999030646247975 0.5001927236887866 0.5001704429012869 0.5001707425506269 0.4996906423386087 0.49991651080517113 0.5000642199630887 0.5006094145949334 0.49965139782011897 
0.1426853028783539 0.49979059046782676 0.4999652138856049 0.4996640541713751 0.5005532097661702 0.5002084064460203 0.49965620668059646 0.4998694524587485 0.4998630218815568 0.4995530469641259 0.4998254930887213 0.4998015363666658 0.5001099496894782 0.5003884048525291 0.5003637061528414 0.49966575179755784 0.4995681850753243 0.5001956373817243 0.4998363327373769 0.5002406248969731 0.5002884781551107 0.4999030646247975 0.5001927236887866 0.5001704429012869 0.5001707425506269 0.4996906336385586 0.4999125588721458 0.5000642199630887 0.5006094145949334 0.4996504701223129 
0.1527295969013068 0.499790341078279 0.5000185289458293 0.5000281282065204 0.5005581645080635 0.5002088660586069 0.4996582737580628 0.49992611687503963 0.4998246134135198 0.49947974455224514 0.49976368752889605 0.499801529169323 0.5000520167842746 0.5003617608611247 0.499893065706984 0.4997504882234918 0.4995924483219784 0.5001956626650529 0.4998369000055482 0.5002403614493636 0.5002640240101347 0.49991838324259913 0.5001506925322502 0.5001701191734417 0.5001693637060691 0.4997176120053759 0.49992557353652417 0.5000635927573328 0.5006087280169308 0.4996509008970395 
0.15411472489461972 0.499790341078279 0.49996515289742227 0.4996637764730795 0.5005535797199404 0.5002081981514788 0.4996582737580628 0.49994571750064176 0.4998246134135198 0.4994802465361004 0.4998740658867975 0.4998014723338639 0.5000520167842746 0.5003610372246716 0.4998499633250944 0.4997504882234918 0.49955985016168913 0.5001956371807954 0.499836687433488 0.5002403614493636 0.5002640240101347 0.499918655788363 0.5001927943128165 0.5001701191734417 0.5001693637060691 0.4997260536790336 0.49992557353652417 0.5000635927573328 0.5006087280169308 0.4996509008970395 
0.15762446809835556 0.499789847127487 0.49996487109883203 0.4997145974954545 0.5004871374800902 0.5002081284277912 0.4996582329456418 0.49994585831163196 0.5005576008431054 0.49947992879504016 0.499765102457646 0.4998014730928531 0.5000511263616173 0.5003610372246716 0.50037552542063 0.49975237285937274 0.4995598684294683 0.5001957641026049 0.4998372612545765 0.5002403692234225 0.5002949367734353 0.4999030646247975 0.5001927236887866 0.5001703536092577 0.5001693882009514 0.4996910173312546 0.5000475968200976 0.5000635567739969 0.5005739175855504 0.4996515513928795 
0.1615448782984566 0.4997898706435445 0.4999650065852961 0.4996882374456393 0.5004997691917304 0.5002195726776243 0.4996582356256036 0.49992353713139054 0.5005681133187235 0.49955357387212374 0.4997357033504045 0.4997979706826026 0.5000741335884167 0.5003887186208871 0.4998588040465658 0.49993607397447837 0.49959181969892247 0.5001956425313487 0.4998464057670633 0.5002406426775247 0.5002873222197107 0.49991856171278437 0.49947815251730165 0.5001726406293666 0.5001695160959123 0.4997182907877346 0.49984417303849976 0.5000629140388505 0.5006199416034463 0.49969905084067584 
0.16878117248958333 0.4997906151159818 0.49996515764913513 0.4996634900771975 0.5005073200943269 0.500207428330603 0.4996582339595706 0.4999437311084921 0.5005771028152881 0.49948596401955764 0.5001850830392816 0.49980133166515917 0.5000515693575983 0.5003601627719404 0.4997740806616711 0.49966211709517305 0.500265797905634 0.5001956373108236 0.49983623150338696 0.5002405590420781 0.5002952047524573 0.49981799440943814 0.500198449386858 0.5001704512305105 0.500161668826899 0.4996916258844689 0.5003311852908373 0.5000640193455227 0.5006056004278644 0.49960570731945914 
0.17274274089027414 0.49979038326096537 0.49996463392130047 0.49969060397132004 0.5004875190300352 0.500212547507516 0.4996582335521269 0.4999458307184807 0.500570548105629 0.4995520777476336 0.4997935408491995 0.4997955312330897 0.5000520406042472 0.5003615384582486 0.49973581874188283 0.4997539943632213 0.4995596830088903 0.5001956368501748 0.49983633315418974 0.5002405209915597 0.5002907671833685 0.4999044843002744 0.5001704015906729 0.5001587050901379 0.5001692019896518 0.49969016343331507 0.49981923733137046 0.5000638773364041 0.5006094145949334 0.4997062519843541 
0.1824321364109734 0.49979061062237445 0.4999651567020968 0.4996639620487072 0.5005536280079387 0.5002082001209762 0.4996582858789736 0.4999457180444927 0.4998472460226749 0.4994859565139249 0.5001786473536209 0.49979793979128934 0.4999747797110709 0.5003368956947356 0.4997751387197107 0.4998542040395433 0.5002819773190059 0.5001905579016286 0.5000802344397525 0.5002403334520202 0.5002952717903784 0.4999011057320577 0.5001822077424403 0.5001705855573557 0.500161555661433 0.4996906452200623 0.49992294840235313 0.5000638425302353 0.5006093490390868 0.4996516283069022 
0.19773230763251212 0.499790341078279 0.49996515289742227 0.4996883337665493 0.5005535888251557 0.5002081981514788 0.4996582737580628 0.49994571750064176 0.4998386156916528 0.49955044377726415 0.5002017842530562 0.4997983153992066 0.5000520167842746 0.5003610372246716 0.4998499633250944 0.4997504882234918 0.5003151300072519 0.5001956373753307 0.499836687433488 0.5002403634942204 0.500289504357971 0.4999177957233163 0.5001927943128165 0.5001700941868562 0.5001693637060691 0.4997260536790336 0.49992557353652417 0.500063592753685 0.5006087280169308 0.4996509008970395 
0.20948493419039474 0.4997905476043294 0.49996349407202684 0.4996916937056494 0.5005491776544218 0.5002077262948784 0.4996582439718286 0.49994782400812654 0.5005699464207831 0.4995517398148813 0.5001781676141316 0.4998016473418205 0.5000511287947211 0.5003270211910663 0.4998085174333028 0.4997597960750335 0.49955967377726435 0.5001995335497176 0.49984460969167405 0.500207042424534 0.5002954487768116 0.499909405656536 0.5001946401552496 0.5001471034915721 0.5001634399303181 0.4996911661819944 0.500317549756657 0.5000633905285712 0.5005778271407831 0.4996515436450581 
0.2155356605696679 0.49979061192645036 0.49996500522686466 0.499691657287009 0.5004956224034401 0.500207866505011 0.4996582444848755 0.4999472126725318 0.5005614862180359 0.4995815694023847 0.49990306345197144 0.49979797049588265 0.5000741061947203 0.5003294641537429 0.4997755766512401 0.4998565981665885 0.500266897019077 0.5001959496457559 0.5000806007847768 0.5002403379278194 0.500233699183561 0.49991833161075566 0.5001953803767216 0.5001724859101117 0.5001614747140604 0.4997183451941161 0.500316942898332 0.5000632567164748 0.5006093537501716 0.49965163780905214 
0.21949207021523492 0.49979029158537497 0.49996507568381365 0.5000636687148882 0.5004683317013253 0.5002058505713513 0.49965824040748025 0.49994225386207164 0.5005609641980312 0.4995770744013976 0.5001844480293679 0.49975576892681245 0.5000502438898986 0.5003892179029177 0.5003810922085092 0.499751976177871 0.5003121747640712 0.5001913304065625 0.5000768477795492 0.5002385580489248 0.5002334025687504 0.4999043788388198 0.5001885022315106 0.5001607175431663 0.5001693623528416 0.49968904116774615 0.500020873478378 0.5001681984431048 0.5006079067024478 0.49970316119683683 
0.23374145603336613 0.4997903495680962 0.4999651567020968 0.5000746646410371 0.5004699936230641 0.5002035519416297 0.4996582858789736 0.4999506634643831 0.4998472460226749 0.4995592981843759 0.5001786473536209 0.49979793979128934 0.4999747797110709 0.5003368956947356 0.5003757607183946 0.4998542040395433 0.5002819773190059 0.5001905579016286 0.5000802344397525 0.5002385481056945 0.5002916688052876 0.4999011057320577 0.5001822077424403 0.5001705855573557 0.500161555661433 0.4996906452200623 0.499921303349574 0.5000638425302353 0.5006093490390868 0.4996516283069022 
0.2393119649040281 0.4997902834386849 0.4999650834852345 0.4995233883250269 0.5005502018788143 0.500208226637382 0.4996561860755131 0.4999508232269199 0.4998822939490937 0.4994796725052213 0.5001832865929243 0.49975265841047006 0.500050837367751 0.5003320318887948 0.5003748918869879 0.49960926514066495 0.499559674771652 0.5001956404201314 0.49983382112431995 0.5002403415307688 0.5002965537583722 0.4999036304980443 0.5001828795598436 0.5001698434430093 0.5001691263036856 0.499694970419144 0.49991969314421897 0.5000651240240502 0.5006091377112042 0.49965157276408 
0.25314349620777765 0.4997903374732857 0.49996465950214447 0.4996914068241491 0.5005037240797161 0.5002076173674423 0.4996582444379468 0.4999473244279653 0.5005614862180359 0.4995503809489063 0.5001776313790604 0.49979830279530485 0.5000494632798423 0.5003364701849357 0.5003440713081193 0.4997539957069094 0.5002716591716799 0.5001956412743966 0.49984918952250884 0.5002389611323813 0.5002952618355748 0.499908581046898 0.5001983620315599 0.5001704615028881 0.5001613605882915 0.49969510487230395 0.5003248031888372 0.5000635599126164 0.5006105254738857 0.4996524349064554 
0.2548728457272097 0.4997900734064994 0.4999638308602145 0.5000453400597179 0.5005511498005115 0.500207866505011 0.4996586348117212 0.49994731198838854 0.5005614862180359 0.4995767551342263 0.4999034404239278 0.49979808415897564 0.5000955370109845 0.5003276950330676 0.5003622981798229 0.4999312195357823 0.5003158528042249 0.5001972788275136 0.4998512088373852 0.5002403451809151 0.5002361334203951 0.4999030646247975 0.5001991871110996 0.5001609745292265 0.5001614707471767 0.49971986763026727 0.500316942898332 0.5000618642524499 0.5006103121512057 0.4996968156512088 
0.25875500486596487 0.4997903705137704 0.49996507568381365 0.5000636687148882 0.5004668750898018 0.5002058505713513 0.49965856321889285 0.49995069621923033 0.4998907505551608 0.49955683698315323 0.5001844480293679 0.49975576892681245 0.500050659264574 0.5003892179029177 0.5003810922085092 0.49972218941823293 0.5003121747640712 0.5001913304065625 0.5000768477795492 0.5002385580489248 0.5002334073852682 0.4999043788388198 0.5003770353758652 0.5001572499311233 0.5001693623528416 0.4996889298253088 0.500020873478378 0.5001681984431048 0.5006079067024478 0.4997031108172001 
0.2724823783997577 0.49979282766923894 0.4999650415523797 0.5002844907730276 0.5004654582586571 0.500227307932881 0.49965874492693246 0.49995074861255584 0.4998846615998483 0.49955670991522116 0.49992327425345334 0.49979865130280876 0.5000507546637359 0.5003328143767943 0.5003591091750684 0.49973163200154286 0.5002494873814496 0.500195713216327 0.4998338354641738 0.5002385342386635 0.5002967946734778 0.49992410455014147 0.500376012019565 0.5001698366901092 0.5001645226257828 0.4996881463659272 0.5003332145784567 0.5001681564809867 0.5006091379237182 0.499694090198967 
0.27519961363378675 0.4997906430148867 0.4999646734567831 0.5000737325533677 0.5004644534574393 0.5004337925660978 0.4996549819527515 0.49995026430378736 0.49989109327435 0.49955686153022993 0.500189486850838 0.49975564453036403 0.5000513611051282 0.5003891777387228 0.5003763090299994 0.49974985238382763 0.49956766669479 0.5001913327247614 0.5000764717082248 0.5002407769068014 0.5002915252477396 0.49991758448915874 0.5003714562766918 0.5001702087770361 0.5001588937842067 0.49971800621829177 0.5003513895604708 0.500161199537344 0.5006115970426739 0.499696876029347 
0.28879076885915306 0.4997922316318807 0.4999641577445992 0.5002643513008297 0.5005509614879664 0.5002273173069325 0.4996586398964234 0.49994407791445133 0.49988570206133376 0.49955671027365006 0.49991634342109004 0.49979148453994376 0.5001192852061489 0.5003336646037287 0.5003803963397521 0.49991698862905076 0.4995622814134801 0.500195832182617 0.5000730921945478 0.5002407191254338 0.5002325252467437 0.5006616435447092 0.5003353374799318 0.500157502555434 0.5001643899026578 0.49971975229922455 0.4999165372770283 0.500169295532865 0.5006092676667666 0.49969924367880125 
0.29037204050858245 0.49979226435977825 0.49996508433795744 0.5002717092631497 0.5005509484442819 0.5002315082204541 0.49965864384728087 0.49999686060319437 0.49987958284421213 0.499475899858382 0.5001831404804176 0.49979148096437864 0.5007007976216387 0.5003891626697148 0.5003633844674108 0.4995900881405599 0.49956238243251017 0.5001971941678599 0.49983214913134555 0.5002416979114614 0.500297896426121 0.49990563889160083 0.5003332295077724 0.5001573524502482 0.5001692167118416 0.49969507009339587 0.4999165372770283 0.5000565525080202 0.5006092676667666 0.4996237727626095 
0.2943838004539066 0.49979046769834135 0.49996509364890285 0.5002717092631497 0.5005509614879664 0.5002313624108813 0.4996586775944597 0.49999686060319437 0.49987958284421213 0.49955762351961425 0.5001742481039981 0.4997874922998727 0.5007007976216387 0.5003867900257863 0.5003645547060519 0.49991360678844093 0.4995598667209228 0.5001971941678599 0.4998885072432623 0.5002416013600853 0.5002336195667615 0.5006616435447092 0.5003604947005832 0.5001574100604956 0.5001618814820311 0.49969524996693515 0.49991633291764115 0.5000566150031369 0.500611676607268 0.4996237727626095 
0.2986152873967572 0.4997905312475002 0.49996508230763903 0.5006756280612085 0.500550691751072 0.500182393836976 0.49965603644446666 0.4999507044067332 0.49993058047141714 0.49947910114640426 0.49991482053210673 0.49979650062811665 0.5000518885470121 0.5003953767017804 0.5004148632803223 0.49974364746788447 0.5002688305976772 0.5001954884388536 0.4998303459943287 0.5002385120409727 0.5002965693713162 0.4999908981666291 0.4998475978598551 0.5001704191775386 0.5001624263480113 0.4996892150448855 0.5000213225267963 0.5000635821530848 0.5006117086703848 0.49969487099809556 
0.3033471240949523 0.4997904708603313 0.49996473395127694 0.5006019882839143 0.5005493585466264 0.5004274040853066 0.49965856335177006 0.4999662323078235 0.49992097399201624 0.4995566617759625 0.5001961561604852 0.4997954429114247 0.5000534241952346 0.500389174658541 0.5003619630758467 0.49970026158325165 0.5002538769472871 0.5001971719376797 0.5000816406613684 0.5002084385556271 0.5002975167334777 0.49987470385104965 0.4998641916558408 0.5001874290635349 0.500157967294876 0.4996875077636302 0.5003569577974232 0.5000621082075342 0.5005772265291775 0.49969688153972025 
0.3066193347084269 0.49979007417806676 0.4999641937124275 0.5006080188468379 0.5005499007243389 0.5004142283484304 0.499658639511679 0.4999446598084034 0.4998853355940593 0.4995567097495136 0.49985145023295396 0.4997589830468992 0.5001211471686058 0.500389174658541 0.500361801742896 0.49993000750595484 0.5003171793647032 0.5001958228714292 0.49995394778690055 0.5002403630130383 0.5002904104713183 0.49987329159603233 0.49959809694739654 0.5001690080710663 0.500163300500425 0.49971856111630775 0.5000211644514696 0.5000721811395451 0.5005776412004063 0.49969667456065914 
0.31493436322057144 0.4997922304524081 0.4999650625196187 0.49964212530657137 0.5005534590592975 0.5002113082691474 0.49965857928060703 0.4999599331204398 0.49989155984536177 0.49947996621438284 0.4999238625794762 0.49975912060416916 0.5000503660419471 0.5003891322434733 0.5003762295267541 0.49975249597484983 0.4995609433179184 0.5001955445438713 0.5000941160300528 0.5002402439159769 0.5002953076920564 0.4999030646247975 0.49956734670552644 0.500195563000142 0.5001589031510487 0.4997205486667888 0.500333850835052 0.5000706642236531 0.5006094145949334 0.49965118697539573 
0.3182558631763077 0.49979046033483054 0.4999638263353943 0.4999790325784901 0.5005492864153577 0.5002084385668294 0.4996587387241866 0.49990261973412314 0.5000141196543285 0.4995246548544058 0.49985017334370324 0.49961863573751986 0.5000713574036489 0.5003903700888154 0.500349696055344 0.4997318021777802 0.5002671406784276 0.5001979397881424 0.49990261436401867 0.500241977703236 0.5002615935623218 0.500585181666565 0.4995937016025826 0.5001588396201245 0.5001614822712867 0.49971614137045284 0.500338117267924 0.5000728045822852 0.5006117979673256 0.4996089703291629 
0.3331129925641865 0.49979051664215085 0.49996507387223355 0.5002527986779057 0.5004668750898018 0.5002082222192954 0.49965863441146874 0.49995121233810524 0.4999209156905518 0.49955686153022993 0.4999174584527454 0.4997958332501543 0.5000615949989554 0.5003891787725486 0.5003633481966263 0.4998750763792611 0.4995587999742995 0.5001971189313713 0.49983214067133047 0.5002385330257471 0.5002605024964301 0.4999030646733675 0.5003216316965294 0.5001702087770361 0.5001693584562922 0.49968952804881744 0.5003332145784567 0.5000751172407762 0.500611799642283 0.49968598930580355 
0.3354429997384633 0.49979237019575795 0.4999641697663075 0.500577691276371 0.5004875495605137 0.5004279813995433 0.4996585756670257 0.49996494088063465 0.4998851786386836 0.4995570006304986 0.4999105027111245 0.4997964587759318 0.5001042696024921 0.5003897006926328 0.5003575826033462 0.4999045088153299 0.5002899183418554 0.5001970657752386 0.5000492780595646 0.5002414960157638 0.5002605455276325 0.499338901451629 0.499851492527698 0.500185082823153 0.5001690375366842 0.49972056268661824 0.5000179943641768 0.5000725771495392 0.500610214015235 0.4996965150016803 
0.3426973296375122 0.4997922318168563 0.4999642259155601 0.49964212530657137 0.5005493943931101 0.5004429160796257 0.4996585668628394 0.4999440176209424 0.49988516835635155 0.49952164811078975 0.4999113115569071 0.4997591175250569 0.5000877938006392 0.5003896950958844 0.5003762435635822 0.4997247297092903 0.5002892185237396 0.50019725456611 0.4999675949014521 0.5002408929501039 0.5002583821091773 0.49987329461685165 0.499566069783756 0.5001849224055916 0.5001690118146072 0.4997206398238352 0.49985346202078146 0.5000626513673494 0.5006093330362544 0.4996936135081138 
0.34833517063672503 0.49979259898223843 0.49996379917546424 0.5000288827308599 0.5004637913245356 0.4992243847328053 0.49965877771170475 0.49995944750285437 0.499999190824737 0.49955700546066023 0.49991715041454254 0.499754688582846 0.5000512886599942 0.5003914504759508 0.5003798021062011 0.4999037430698009 0.49997479583043414 0.5001875380768659 0.499823334766825 0.5002413559432688 0.5002925280415405 0.4992890172866606 0.5000825271383413 0.5001541775161867 0.5001626836320925 0.4997376107009981 0.49991274372469136 0.5000724867577677 0.5006117857407523 0.49958666502728555 
0.3514422939964435 0.4997922868188493 0.4999647348378341 0.5006019607904363 0.5004644175652487 0.5004265362548033 0.4996587306479029 0.4999507044067332 0.4999208647465072 0.4995569944635705 0.4999103911733668 0.49979650062811665 0.5000518885470121 0.5003891746217978 0.5003590911145739 0.49973487841780767 0.5002463675464235 0.5001974801056268 0.49982686174448854 0.5002385120409727 0.5002970086345624 0.4999908981666291 0.49984709423673146 0.5001831273737413 0.5001689589158734 0.4996892150448855 0.5000219530599195 0.5000640592032211 0.5006110603069006 0.49969487099809556 
0.36267963868195413 0.49979050313721674 0.4999650715022324 0.49966399930042427 0.5005493585466264 0.500442987568612 0.49965848456600015 0.499968740020177 0.4998916538443353 0.49952229980920704 0.49991131912204234 0.4997580224205142 0.5000534101532611 0.5003887330668785 0.5003774413820263 0.4997051807007449 0.5002437191024114 0.5001971608129588 0.4999692449913679 0.5002409089915364 0.5002975177044351 0.49987329159603233 0.4995786019172324 0.5001686552824071 0.5001623839282386 0.49972053798517085 0.49991287537740653 0.5000706788838061 0.5005770770987045 0.4996941550969061 
0.3637065287447435 0.4997922613099335 0.4999650681263668 0.4995909862046291 0.5005534590592975 0.5004176219231986 0.4996585637792548 0.49994436152228855 0.49989172185736735 0.49948157129285203 0.4999113115569071 0.4997580731815388 0.5000877938006392 0.5003887393167639 0.500376260583072 0.4997173346887788 0.5002891899068306 0.5001972469019932 0.49996698544744134 0.5002406728310421 0.5002952636565925 0.499872847724434 0.5003650934128492 0.5001960622129884 0.5001588883278612 0.49971854879683825 0.4999070905517507 0.5000621070177859 0.5005782876878248 0.49964994311524613 
0.37594930500307894 0.4997925800664972 0.49996460786582086 0.5000532770190785 0.500490479585292 0.5002197423088762 0.49965519143224724 0.4999519486161479 0.49992951597887575 0.4995574218069106 0.5001660990984268 0.49975718252127804 0.5001050226501879 0.5003992617983265 0.5003624690387177 0.49971867342689047 0.5002073182255836 0.5001884423092854 0.499966919930409 0.5002422057283504 0.5002898046311768 0.49955895494732316 0.5001583050172896 0.5001557291975913 0.5001630783186743 0.49971653788017095 0.4998707170566601 0.5000721976726338 0.5006094092158638 0.49965575038948323 
0.3841683972172976 0.4997905131162915 0.4999646701474572 0.5000514005178129 0.500490479585292 0.5002197423088762 0.49965519143224724 0.4999666417447243 0.49992951597887575 0.4995509212038348 0.4998586228405411 0.4997974934249455 0.5001054051936894 0.5003356247017328 0.49978610076008023 0.49971867342689047 0.5002752079173088 0.5001885267536682 0.49996784619364104 0.5002417510200456 0.5002908036427088 0.4997518226679462 0.5001138898435679 0.5001651472998088 0.5001614486364353 0.4997179144753425 0.49990371424579244 0.5000721840246589 0.5006102066337951 0.4996555934501203 
0.386467640244029 0.49979238558368316 0.49996419055549357 0.4999950210911081 0.5004905197535804 0.5002244883473344 0.4996551070277936 0.49996665953166003 0.49992919216919357 0.4995554027490893 0.5001676871203826 0.4997964587759318 0.5001042696024921 0.5003897006926328 0.49982586713751836 0.4999045088153299 0.5002899183418554 0.5001973572376145 0.5000492780595646 0.5002396208210432 0.5002605455276325 0.499338901451629 0.5001050940002653 0.5001852524906371 0.5001690375366842 0.49971820291963004 0.5000245071730364 0.5000725771495392 0.500610214015235 0.4996564614707039 
0.396547777310016 0.49979279192437176 0.4999644755820394 0.4999958258543395 0.5005270876982497 0.5002239861620922 0.49965507168809414 0.4998771212308375 0.49988989116220733 0.49947821876717846 0.49981114646655495 0.49980454812189284 0.5001068159759363 0.5003408353712149 0.5004022613422501 0.49990175292971917 0.5002595738691191 0.5001985053186206 0.4999673986488239 0.5002409063790391 0.5002593613257362 0.49936320796676403 0.5002149249689712 0.5001860096853943 0.5001623241914409 0.4997182024137226 0.4999130399870864 0.5000752451567204 0.5006164057037557 0.4996968961857409 
0.40125949274439543 0.499792778004253 0.4999638061051733 0.499829040836078 0.5005142779809744 0.5001886619521264 0.4996558282791019 0.49987853944848804 0.5000109812281295 0.49957910287233015 0.49991030245121904 0.49979551324509097 0.5000888252069952 0.500332778140936 0.49979086577600024 0.49995174634937545 0.49957577388544566 0.5002005370645773 0.49996113501526224 0.5002098260264278 0.500259658093964 0.49955817160651955 0.5003322239712128 0.5001548648431113 0.5001619493223073 0.4997182163007683 0.5000019571381421 0.5000723939332277 0.5006115100927648 0.4996204371234304 
0.40823383648510986 0.49979259898223843 0.49996379917546424 0.5000288827308599 0.5004637913245356 0.5004277161308646 0.49965877771170475 0.49995944750285437 0.499999190824737 0.49955700546066023 0.49990999300206057 0.499754688582846 0.5000878639759588 0.500388234670206 0.5003798021062011 0.4999036798171583 0.49997479583043414 0.5001875380768659 0.49982224299952777 0.5002413559432688 0.5002925280415405 0.499321117411187 0.5000825271383413 0.5001541775161867 0.5001626821234271 0.4997376107009981 0.4999148389881208 0.5000724867577677 0.5006111144412951 0.49958666502728555 
0.4125313224084848 0.4997928147181523 0.4999644842620637 0.4999958258543395 0.5005271236009387 0.500226578039562 0.4996562331926063 0.4998609134344776 0.49987277140034475 0.4994794879102792 0.49981114646655495 0.4997983674587183 0.5001068159759363 0.5003296012104682 0.5003687918802432 0.4998822668495121 0.5002595738691191 0.5001985120054675 0.4999673986488239 0.4999453434502612 0.5002593613257362 0.49936320796676403 0.5002149249689712 0.5001862481200159 0.5001623241914409 0.4997182024137226 0.4999130399870864 0.5000751508011307 0.5006105307607498 0.4996968961857409 
0.4177754484244946 0.4997904267333087 0.499965286418823 0.5000444928470809 0.5005295737751276 0.5002192909279085 0.4996578757291824 0.49995777761773247 0.49992903978349673 0.4995225090942602 0.49986694187222663 0.4997956664247942 0.5000879423608974 0.5003880857257217 0.500407507654706 0.49990671572509415 0.499972069653322 0.5001836347306235 0.49996500593447507 0.5002411011851169 0.5002589597520185 0.4999584182558472 0.500140057876395 0.5001547221778373 0.5001615429960985 0.49973215634664714 0.5000701051920221 0.5000597799211044 0.5006088748817054 0.49958043420984893 
0.42056870912119926 0.4997904457373518 0.4999641830238396 0.5000414355544482 0.49928705984012633 0.5004306507899743 0.49965865587522484 0.4999652895009982 0.4999266300999605 0.49952565819559375 0.49982422962515716 0.4996261447811704 0.5000895786657658 0.5003373552392525 0.49980000420163423 0.4998548244041041 0.500285503653812 0.5001978058866206 0.4999457160843377 0.5002402545459657 0.5002597411135993 0.4998602811045332 0.5001474251994846 0.5001557874046967 0.5001630777874434 0.4997327431785212 0.4999389779690695 0.5000527715937334 0.5006094753244502 0.4996159355489282 
0.4235017680916404 0.49979259898223843 0.49996379917546424 0.5000288827308599 0.5004637913245356 0.5004277161308646 0.4996587793210959 0.4999834434735004 0.49999918797272674 0.49955700546066023 0.49990999300206057 0.4997539312122755 0.5000878639759588 0.5003882467488138 0.5003744788330712 0.4999028597820709 0.49997479583043414 0.5001875380768659 0.4998185699374865 0.5002413559432688 0.500292517743838 0.49932194852614303 0.5000825271383413 0.5001541775161867 0.500162600822115 0.4997376107009981 0.4999148389881208 0.5000724867577677 0.5006111206007169 0.4995873981178125 
0.42940001732445776 0.49979265713879273 0.4999637991782829 0.4999935206503997 0.4993143858858927 0.5004423925497852 0.499655164779232 0.49987855264594794 0.5000016977318562 0.49952127860326084 0.4998501040066851 0.49975478086794006 0.5000714662204484 0.5003295666463002 0.49978931502228013 0.49994906196247124 0.4999788714895266 0.500188556467329 0.4999672855877778 0.5002413567033072 0.5002620930341537 0.4992871673314503 0.5003375084201553 0.5001542795998872 0.5001628365901494 0.499732954162883 0.49991522196181243 0.5000720458304974 0.5006111133226511 0.4996930191719987 
0.4309626072607463 0.4997904470150711 0.49996381808350904 0.4998507035713512 0.500529850759023 0.5002132913441583 0.49965587916546045 0.4999662935301997 0.49992903978349673 0.49952308402037154 0.49982320412452563 0.4997567209745706 0.5000711360644745 0.500330367942286 0.5004052379768422 0.4999285695061843 0.5002678947305991 0.5001972264550799 0.4999452249415708 0.5002104603379172 0.5002597482764297 0.49986569240659945 0.5003116799678066 0.5001559149727922 0.5001614712021157 0.49971893983681426 0.4999401918234125 0.5000724783406416 0.5006094711376755 0.4995784625699673 
0.43550573832530437 0.49979276268792794 0.4999637945982562 0.5000392099337041 0.5005271316411504 0.5002218871549718 0.499655160379372 0.4998771212308375 0.5000113073539943 0.49958074535477504 0.49981666024862537 0.4997946698644183 0.5000888220725593 0.5003407544729795 0.5004652686306141 0.4998903898631648 0.4995756179426616 0.500188238864509 0.49989588542502433 0.5002096669765865 0.5002594145155038 0.4995625887395688 0.5001780305669933 0.5001549582210104 0.5001619472812455 0.49971819891471286 0.5000024212662887 0.5000517497060477 0.500616303404605 0.49969443959948445 
0.4376040764617514 0.4997906608331153 0.4999637836980131 0.5000444928470809 0.5005497445723651 0.5002194068752515 0.4996551001515122 0.49995725168531474 0.49992903978349673 0.4995242007482094 0.4998674914806217 0.4997956664247942 0.5000875217367812 0.5003406179803068 0.500407507654706 0.4999075215775361 0.49995900267129256 0.5001884297326543 0.49996577692178046 0.500216339153191 0.500259576317165 0.4999584182558472 0.5001416541093294 0.5001539827610377 0.5001619294873172 0.49973215634664714 0.4994007288146941 0.5000715511052064 0.5006088930422885 0.49958043420984893 
0.44659701291807974 0.4997927719437827 0.4999638209179788 0.5000405370406209 0.5005484182534983 0.5002221410895227 0.4996558037448087 0.49996983269540535 0.5000106981995377 0.4995538747529112 0.49991034012960567 0.49980147397623825 0.5000875322855725 0.5003404009500597 0.49980098623470715 0.4998719165433362 0.4995732374059654 0.5001884252361934 0.499890419199072 0.500210563446724 0.5002613596668384 0.49991819737497195 0.5000597208101889 0.5001548093742906 0.5001619324570671 0.4997197212266432 0.499922731632935 0.5000488043923977 0.5006089508107395 0.4996200380294661 
0.44925442815935296 0.4997928224073247 0.49996381873732737 0.5000405370406209 0.5005448884699027 0.5002221410895227 0.49965580078620064 0.49987717490104233 0.5000102370764565 0.49947855508074773 0.49990482455842045 0.49980147397623825 0.5000878702529141 0.5003406215157904 0.49980337963051824 0.4998548244041041 0.5002716698542078 0.5001884252361934 0.4999622202388359 0.500210563446724 0.5002615789992446 0.49975479945471835 0.5001728342363085 0.5001544731660482 0.5001619324604919 0.4997197212266432 0.4999434259998259 0.5000732024635438 0.5006094957565985 0.49957872820596816 
0.46178019102480805 0.4997927970246557 0.49996448989625186 0.4997894410377945 0.500457041092503 0.5002020991847951 0.49965516983028224 0.49988137890118045 0.4999948793433657 0.49951917032131815 0.49981666024862537 0.4997946080978783 0.5000876583113116 0.5003893856377306 0.49982391752898003 0.4998820073507883 0.5002662572721265 0.5001878172586551 0.4998995370907893 0.5002407455018254 0.5002600032290166 0.49928561318756487 0.500335794292903 0.5001842491781407 0.5001620708308441 0.4997328906882679 0.4999334647876635 0.5000522169933026 0.5006177344001767 0.4995786412453765 
0.4631567063985781 0.49979070283754495 0.49996381775430715 0.49978784231249096 0.5005291148401637 0.5002196022686776 0.49965786267359186 0.4998734938311635 0.49999486696337125 0.49947951348896996 0.4998607306396612 0.4997981522642527 0.5000876680365105 0.5003295906110085 0.4998233179520381 0.49988175971416954 0.4999697325740565 0.5001878184902044 0.49989918508549464 0.499947166451971 0.5002948151030632 0.5006723024873886 0.500108475084563 0.500182682516441 0.5001693863418052 0.49973239070085246 0.4999141092440017 0.5000495961270709 0.5006187922185458 0.49958803358318554 
0.4662021378218133 0.4997905671814197 0.4999651619791015 0.4996634900771975 0.5005070632456636 0.5002209433984529 0.4996582339595706 0.4999437311084921 0.5005803132440663 0.49948596401955764 0.5001850830392816 0.49980133166515917 0.500087626324454 0.5003601627719404 0.4997740806616711 0.4996516349360975 0.5002718224983357 0.5001886015401135 0.49983695427404656 0.5002405590420781 0.5002949226798512 0.49981799440943814 0.500198449386858 0.5001704512305105 0.5001616677801263 0.4996916258844689 0.5003089277742979 0.5000730516793828 0.5006056004278644 0.49960570731945914 
0.4691967894402234 0.4997904697438587 0.499964521604857 0.5000416237830659 0.49928474108216125 0.5001819302110105 0.4996551272622778 0.49999139264424297 0.4999266300999605 0.499525455261792 0.49982401975229246 0.49980591359191695 0.5000895786657658 0.5003296532848783 0.49980000420163423 0.4998548244041041 0.4999736201184786 0.5001875487099022 0.49994447510483103 0.5002088174949241 0.5002604445757585 0.4998602811045332 0.5001457259720731 0.5001558728852366 0.5001630777874434 0.49973277538624916 0.4999371759922255 0.5000527715937334 0.5006093282581708 0.49957840205524945 
0.47352860977812694 0.4997927859863927 0.49997174429169305 0.4999590964099999 0.5005508193188619 0.5004412861570133 0.49965516042305247 0.49997010067681064 0.5000002088431567 0.4994898260260886 0.4998264309951735 0.49979685385800937 0.5000900381313961 0.5003908371450541 0.499819838719781 0.4999539941417024 0.5002579569926777 0.5001979601212723 0.4999625790885441 0.5002168546188976 0.5002595405978322 0.49933249463423157 0.5003110381821024 0.5001539104897094 0.5001622718115252 0.4997327483224725 0.4999175688311615 0.5000743171971412 0.500609150706907 0.49958287097008663 
0.4780342118365676 0.49979226435977825 0.49996508433795744 0.5002736552085836 0.5005502642022186 0.5002315082204541 0.49965864384728087 0.4999647161351738 0.49987958284421213 0.499475899858382 0.5001831404804176 0.49979148096437864 0.5000621327374442 0.5003891626697148 0.5003626670066328 0.49959282642943614 0.49956238243251017 0.5001971941678599 0.49983047459936525 0.500242410322357 0.5002997559820651 0.49990441747926445 0.5003332295077724 0.5001573524502482 0.5001692977332941 0.49969507009339587 0.4999165372770283 0.5000560636509439 0.5006092714561025 0.4996237727626095 
0.4803246189272985 0.4997903265982821 0.4999638187560908 0.4998474279029857 0.5004985771206252 0.5004277950216343 0.49965582935769287 0.49996587888126637 0.49992893197844307 0.49954545380391746 0.4999032057648315 0.49979745027439404 0.5000875325486163 0.5003329392439928 0.5004161592658943 0.49993767283359625 0.4999731530984862 0.5001876730558258 0.49996731123835614 0.5002103741254663 0.5001981944165125 0.49993821989683906 0.5001566281776478 0.5001549421863756 0.500161931651177 0.4997321525756494 0.499940379595231 0.5000723515242587 0.5006094722508804 0.4995833630408131 
0.48567752525435826 0.4997906109990132 0.4999637973561719 0.5000376362927864 0.5005296993262487 0.5004413076109329 0.4996552560625676 0.499868908387817 0.49999491039825344 0.49948349047172647 0.4998171322996654 0.4997977628033287 0.5000900147992737 0.5003328584810172 0.49976536290542656 0.4998819004402883 0.5002660833796464 0.5001876145866414 0.499897600014205 0.5002407455018254 0.5002600424860736 0.49932661337505674 0.500335794292903 0.5001529327699905 0.5001622738920619 0.4997332687003668 0.4999141860178816 0.5000519992823136 0.5006100752953245 0.49957941512003107 
0.49142057838913533 0.49979068371125124 0.4999637698598288 0.5000273141354797 0.5005438097594466 0.5004461724987376 0.4996551625153344 0.49996758948457876 0.4999978208064436 0.4994900275221687 0.4998702553067148 0.4997968189498446 0.5000901205436785 0.50033488870822 0.4998007653086481 0.49995447488617806 0.49996638956669337 0.5001877285035503 0.4999854462827775 0.5002159005867983 0.5002598767583917 0.4993236879215827 0.5003327477901028 0.5001539992036625 0.5001636007982672 0.4997182784863209 0.5000036212208443 0.5000517785666896 0.5006173649132742 0.4996975697349013 
0.4933475343360713 0.4997906594480638 0.4999638090211704 0.5000458516913544 0.5005291148401637 0.500240456943936 0.49965785193911166 0.5004591699657163 0.4999948664136022 0.4994824625602574 0.4998663761680712 0.4997979757781884 0.5000877581229672 0.5003303710228785 0.49976357269886673 0.49990669031238494 0.4999661787103621 0.5001876255049246 0.49989721475711624 0.5002167023058566 0.5002955529657215 0.4997957058514442 0.5000882419100898 0.5001540705181188 0.5001619912053501 0.4997320418991751 0.4999195481929395 0.5000503087146589 0.5006187940723161 0.4995830745264166 
0.497125458909051 0.49979455116481586 0.49996391512360705 0.5000332369912844 0.5005484010103098 0.500443218044814 0.4996551226096835 0.49988528979685193 0.4999950578327421 0.4995551948782448 0.49986811190231795 0.49979575874558696 0.5000875201789522 0.5003327846924414 0.5004033402738064 0.4999521200271596 0.4999710504747752 0.5001875260096103 0.4998957048907873 0.500216485119249 0.500261348797352 0.4999200978257526 0.5000837569082855 0.5001524983264378 0.5001617970644098 0.4997321685597868 0.499922997199389 0.5000507542409786 0.500608949220249 0.49969186857817444 
0.49939542778364276 0.4997906594480638 0.4999638090211704 0.500045850507294 0.5005291148401637 0.500240456943936 0.49965785193911166 0.5004591699657163 0.4999948664136022 0.4994824625602574 0.4998663761680712 0.4997979757781884 0.5000878532718382 0.5003303710228785 0.49976307041072243 0.49990669031238494 0.4999661787103621 0.5001855606098763 0.49989721475711624 0.5002425322791649 0.5002599694479358 0.4997957058514442 0.5000864309047743 0.5001540705181188 0.5001619912053501 0.4997320418991751 0.4999195481929395 0.5000521584580231 0.5006183751139922 0.4995830745264166 
0.5045899873423771 0.49979046715332937 0.49996390077968594 0.5000449184759842 0.5005484117807961 0.5004591015263744 0.49965502729882727 0.4999913464248642 0.4999947486962493 0.49955756869424717 0.49981006068962985 0.499797785280144 0.5000878690078354 0.5003327975774812 0.5004048324839503 0.4998662158300903 0.4999484419114847 0.5001876223028537 0.49996404940110395 0.5002164166198063 0.5002607540414882 0.4997520495003254 0.500200577515925 0.5001533516257588 0.5001024272374758 0.4997319226805543 0.5000605330292276 0.5000530834060105 0.500617749187427 0.49969847133099554 
0.5062937723302177 0.4998367345103305 0.49996399489932825 0.500044998753733 0.5005484191140657 0.5004582925452563 0.49965508370219003 0.5004576127830345 0.49999569108006814 0.4995503660510643 0.49990407741305215 0.4997981010497284 0.5000877553627773 0.5003371693581392 0.49980816376201576 0.49985345912593765 0.499971099354503 0.5001876254348199 0.4998440867854972 0.5002174591118635 0.5002953673843451 0.4997561595776283 0.5001993526831761 0.5001536097273392 0.5001613773741298 0.4997320491868497 0.49991974276294276 0.500050321809218 0.5006177541059472 0.49958311296520846 
0.5117977741207815 0.4997926079738767 0.49996513365345724 0.5000449837256594 0.5005485261906802 0.500458690991192 0.4996550831212679 0.4999801827084407 0.5000028460445537 0.49952200732602003 0.499868101960399 0.4997977834675912 0.5000878385432057 0.5003326598030521 0.5004036695798509 0.49995067292462914 0.49994819918828476 0.5001876219069636 0.4999642039814017 0.500217459115256 0.5002932942088307 0.49975537461609576 0.5000842399296147 0.5001534018226877 0.5001617878319444 0.4997187867993452 0.49991970301646504 0.5000531306009174 0.500617746323698 0.49969832858194674 
0.5156749876127903 0.49979238631213113 0.4999637698598288 0.5000279657386584 0.5005806093055019 0.5004423925497852 0.4996551625153344 0.4998771212308375 0.4999978208064436 0.4995210264544009 0.5002252539970673 0.4997950910420126 0.5000878702529141 0.5003893856377306 0.49980098623470715 0.4998721742666414 0.5002715392814322 0.5001878172586551 0.49989588542502433 0.5002407455018254 0.5002598642110611 0.5010045998288136 0.500335794292903 0.5001837145044377 0.5001620708308441 0.49971827600794816 0.5000058173217198 0.5000515781127802 0.5006178335923434 0.4996976356536969 
0.5177153886832466 0.4997904963392294 0.49997171168634574 0.5000451353136152 0.5006146280432571 0.5004369033787849 0.49965518588232316 0.4999911538090566 0.5000012557984007 0.4995544272458538 0.49986900910667553 0.4997975391199475 0.5000878540249314 0.5003372206914929 0.4998109661107794 0.49994944795242036 0.4999591349354355 0.5001855992885621 0.4999614680496926 0.5002425109921151 0.5002567623099838 0.49931707503825223 0.5001445931202614 0.5001539104897094 0.5001622827842883 0.4997327483224725 0.5000582554110492 0.500052806146683 0.5006090710885167 0.4995869860641012 
0.5246919165319853 0.4997904699034746 0.4999638665085285 0.500044927774484 0.5005484121291437 0.5004472385483512 0.49965508575113354 0.4999971962002814 0.49999478153553173 0.49955567331833295 0.49980910312065613 0.49979773298142927 0.5000878234104084 0.5003329451817662 0.5004049630629706 0.49985190364303156 0.49997097958338643 0.5001876190852604 0.4999641246591583 0.500210927318598 0.5002604409286713 0.4999158971958411 0.5001478787834079 0.5001536019209288 0.500161356552399 0.4997321624143845 0.500057315377236 0.5000503367241629 0.5006177473688869 0.49958222785483775 
0.5252535914925924 0.4997902346648193 0.4999715249184739 0.5000318052525441 0.5005439092610423 0.5002207168939526 0.49965583277037695 0.49995793304670905 0.499994486779876 0.4994928592805856 0.49980882845193064 0.49979578058060087 0.50008786423865 0.5003348557442298 0.5004082713436615 0.4999567294792125 0.49994642703166864 0.5001855940548395 0.4999615408220432 0.5002161744536909 0.5001975178078854 0.499923305774679 0.5001553294661173 0.5001536036438501 0.5001613023613377 0.4997321728291778 0.5000581436896842 0.5000726716534017 0.5006179727708515 0.4995832710709828 
0.5301635303897477 0.4997925215847817 0.4999638182938583 0.5000450007596863 0.500548411784945 0.5002214103660748 0.49965588682554446 0.49999002671528137 0.49992893060403365 0.49948096000574294 0.4998681993934616 0.4997977371180058 0.5000878687863434 0.5003326599585199 0.5004058054570366 0.49986266066320156 0.49997302935918864 0.5001875188244083 0.4999680621962153 0.5002104140617855 0.5002926379096608 0.49992984881535146 0.5001459635112121 0.5001541612810445 0.5001623018012965 0.49973274895688596 0.4999422883297211 0.5000530935661438 0.5006097107711073 0.4997155195501386 
0.5334579631991416 0.4997926079738767 0.49996390609653274 0.5000453346661357 0.5005485261906802 0.5004487538041472 0.4996550832119964 0.49998033461196395 0.5000029098379991 0.49955512577924205 0.49986817806974415 0.499797966944802 0.5000878382881359 0.5003326598418866 0.5003737027546648 0.4999553777673036 0.49997675430803384 0.5001876208002564 0.4999870613056479 0.5002167196913758 0.5002598388901522 0.5006010835349848 0.5000842399296147 0.5001539643339413 0.5001617878319444 0.4997187867993452 0.499922997199389 0.5000507504741171 0.500608949220249 0.49969781866407775 
0.5376669299331833 0.4997906594480638 0.4999638015972061 0.5000339748734779 0.5005291148401637 0.5002280205760321 0.49965785193911166 0.49987866011108184 0.4999948664136022 0.49948497336741793 0.49986630366628504 0.4997979757781884 0.5000874917382248 0.5003303710228785 0.49976252203445265 0.49985327338995655 0.499966202704489 0.5001875358978258 0.49996574556728673 0.5002167023058566 0.500257521572782 0.5006723024873886 0.5000921325781593 0.5001540705181188 0.5001619912053501 0.499732422833325 0.4999148389881208 0.5000535270306998 0.5006188114354994 0.4995866725309 
0.540571022338875 0.4997926260065319 0.4999638965400239 0.5000340323871113 0.5005484835454762 0.5004430381900534 0.4996551220225099 0.49996421100973193 0.49999454501698043 0.49955539495193013 0.49986951434295895 0.4997979626227598 0.5000878309618706 0.5003326528252446 0.5003748027609072 0.4999524524874131 0.4995961768183166 0.500187512329799 0.49998579178104957 0.5002164879407403 0.5002924810466196 0.49935515247888324 0.5000903257329352 0.5001539353357801 0.500162285297989 0.4997319589427694 0.5000563332243608 0.5000524026034385 0.5006177636582991 0.49958686237080974 
0.5445228565640542 0.49979046598075577 0.49996399892976817 0.500033419679438 0.5005484185423369 0.5004432531980826 0.4996551226096835 0.49988528979685193 0.49999507140638383 0.4995551798066298 0.49986811190231795 0.4997958037987372 0.5000877511227 0.5003327486468672 0.5004033402738064 0.4999521200271596 0.4999488162804293 0.5001875260096103 0.4998957048907873 0.5002164323889688 0.5002599610326881 0.4999160454736631 0.5000837569082855 0.5001525197164843 0.5001617970644098 0.4997189593023038 0.4999195848848 0.5000508805176435 0.5006177106456922 0.49969824927112266 
0.5481706476766942 0.4997926236472201 0.49996390041274874 0.5000361528851575 0.5005484104653912 0.5004370206070768 0.49965516295520473 0.4999900481147504 0.49999476189831094 0.49948095557645195 0.4999041247879999 0.49979570305696236 0.5000878638628218 0.5003326533721423 0.5004036213120535 0.4998624551446497 0.49995962918178555 0.5001876216164703 0.4999642348603487 0.5002164343787184 0.500259162109137 0.49975201719112683 0.5000861027502331 0.5001526856500187 0.5001623021249044 0.4997188005708469 0.5000593311796958 0.5000530874827294 0.5006177490880127 0.4997182055860304 
0.5523046653712372 0.49979046748583406 0.4999639004081386 0.5000450486869735 0.500548411784945 0.5004591015263744 0.49965502729882727 0.4999794770116572 0.49999476189831094 0.4995554946734159 0.49986890223054886 0.49979778537525293 0.5000878687876275 0.5003327975774812 0.5004048337252839 0.49986620573796187 0.4999484609851594 0.5001876223028537 0.49995722229842976 0.5002164166137358 0.5002926400226423 0.4997520495003254 0.500200577515925 0.5001533332495474 0.5001024660528463 0.4997319226805543 0.4999162944635943 0.500053084639887 0.5006177490880127 0.4996986275095925 
0.5549990834577913 0.49979262182628936 0.4999639004700636 0.5000450486869735 0.500548411784945 0.5004604254128143 0.49965502729882727 0.4999794770116572 0.49999476189831094 0.49948095999526154 0.49986890223054886 0.49979778537525293 0.5000878407765701 0.5003327975774812 0.5004048337252839 0.4998647265724097 0.4999484609851594 0.500187518439371 0.49995722229842976 0.5002164166137358 0.5002926400226423 0.4997520495003254 0.500200577515925 0.5001533798711051 0.5001024660528463 0.4997187971703943 0.4999162944635943 0.5000530870718776 0.5006177490880127 0.4996986275095925 
0.5552292681063438 0.49979262182628936 0.4999639004645577 0.5000450486869735 0.500548411784945 0.5004604254128143 0.49965502729882727 0.4999794835475206 0.49999479244028755 0.4994812857552086 0.49986883579057995 0.4997977851332097 0.5000878688080114 0.5003327942968511 0.5004048337252839 0.49986467108961724 0.4999484609851594 0.500187518439371 0.49995722229842976 0.5002163942913712 0.5002926400226423 0.4997520495003254 0.500200577515925 0.5001533795722267 0.5001614189815228 0.4997186875843889 0.4999162944635943 0.5000530870718776 0.5006177490880127 0.4997010594413245 
0.5639190623339067 0.4997905247600017 0.4999646954139257 0.5000357069557685 0.5005484186292979 0.5002276719636994 0.499655111056555 0.5004095563332415 0.5000028161288039 0.4995557845351801 0.4998090543172155 0.4997957129323407 0.5000878638775565 0.5003327963876025 0.49980803568131943 0.49994549436532165 0.49996638602451704 0.5001875251283299 0.49996140043627657 0.5002164514915843 0.500295372979821 0.4999158971958411 0.5002004361693396 0.5001536019209288 0.5001613023613377 0.49973274742624796 0.5000561946377968 0.5000503964741456 0.5006177423889754 0.4995829140079565 
0.5650288842431617 0.4997904963392294 0.4999716357740328 0.5000448569947196 0.5006146280432571 0.5004412861570133 0.49965518588232316 0.499986570066394 0.5000028733643059 0.4995521892335479 0.4998660715672561 0.4997975391199475 0.500087864038935 0.5003325619130172 0.49980209331257996 0.499950618427127 0.4999662603372368 0.50018753224449 0.4999614680496926 0.500216446105268 0.5002924688531291 0.49933249463423157 0.5003110381821024 0.5001539104897094 0.5001622827842883 0.4997327483224725 0.4999232518161263 0.500052806146683 0.500609150706907 0.49958294723094915 
0.5686727496215847 0.49979262324541435 0.49996389240097505 0.5000453384681053 0.5005485237668276 0.5002220808641508 0.4996550839331982 0.4999899967410983 0.49999476189831094 0.4995522316095026 0.4999016053649123 0.4997977813459358 0.5000878691313984 0.5003326598030521 0.5004048353301943 0.49995774571052404 0.49997668423172004 0.5001876212890991 0.499957262995136 0.500217677983913 0.5002596139088553 0.4997521216136654 0.5002018459206865 0.5001518437923335 0.5001623019144512 0.4997192357934144 0.500060054061032 0.5000531448475235 0.5006177472112108 0.4995876469610773 
0.5724141593003366 0.49979042356461584 0.4999716357740328 0.5000448569947196 0.5005491264488671 0.5004412861570133 0.49965518588232316 0.49998659017250274 0.5000028733643059 0.4995521892335479 0.4998660933895012 0.4997975391199475 0.500087864038935 0.5003327983006487 0.49980209331257996 0.49995135703039634 0.4999564211962651 0.5001875320723023 0.4999614680496926 0.5002163918693121 0.5002924688531291 0.49933246297501066 0.5003116225027359 0.5001533584922201 0.5001622830246484 0.49971855846369423 0.49992609534034366 0.5000527964099957 0.500609150706907 0.49958294723094915 
0.5732619835472611 0.49979264279043073 0.49996390440717065 0.5000450487073145 0.500548411784945 0.5004591015263744 0.4996550272875031 0.49998988215100393 0.499994898281561 0.4995554946734159 0.4998693402147015 0.499795629781632 0.5000878690435492 0.5003327975774812 0.5004048299587087 0.49986238007151584 0.4999484609851594 0.5001876216449007 0.49995722229842976 0.5002167194902262 0.50025916811205 0.49975201750974824 0.500201059061136 0.5001518801457396 0.5001022234114915 0.4997190652037616 0.4999162944635943 0.500053084639887 0.5006176094677611 0.499698403792513 
0.573260062509474 0.4997904701515282 0.4999639004081386 0.5000450486869735 0.500548411784945 0.5004591015263744 0.4996550272991268 0.4999794271373998 0.49999476189831094 0.4995574569598862 0.49986890223054886 0.4997955760307262 0.5000878687833573 0.5003327975774812 0.5004048294580803 0.49986238007151584 0.4999484609851594 0.5001876150408453 0.49995722229842976 0.5002164331878335 0.500260113302593 0.4997520495003254 0.5002010670224768 0.5001533334776496 0.5001024715020934 0.4997190652037616 0.4999162944635943 0.500053084639887 0.5006177490880127 0.49969824046261124 
0.5732581244482824 0.4997904766360693 0.4999639004081386 0.5000450486869735 0.500548411784945 0.5004591015263744 0.4996550272871537 0.4999891268403749 0.49999476189831094 0.4995554946734159 0.49986890223054886 0.49979569281734937 0.5000878687876279 0.5003327975774812 0.5004048336662498 0.4998661741399247 0.49994823450413073 0.5001876223078372 0.49995722229842976 0.5002164159009217 0.5002590742258136 0.4997520495003254 0.5002010593886695 0.5001533332495474 0.5001012595638369 0.4997190652037616 0.4999162944635943 0.500053084639887 0.5006177490880127 0.4996982428268177 
0.8403985283456991 0.49979561793466415 0.5011851053578121 0.49530132828814766 0.39985243897053346 0.5003321407040487 0.3997409236237229 0.4013035251804132 0.5981461567328885 0.49962192920007514 0.6991523401678172 0.49928548783826204 0.6004210225746751 0.5003887861688583 0.5998515547288954 0.6993965824131524 0.5002860605993301 0.6003722235105494 0.6982627200959151 0.4000135025852572 0.5005504613263985 0.40000529812541646 0.3999237425221528 0.5994695327750375 0.5995149760825318 0.5986275751793536 0.6995631963074554 0.5000655755377049 0.49861581168242225 0.39899200197271856 
0.8515683079967529 0.49979767902017447 0.40001931908151034 0.39990141703282805 0.40100485492576504 0.4996368549068436 0.399747116303372 0.3999467855532364 0.6988707255300031 0.49983669369777006 0.6986805046573668 0.49934650792978874 0.5960713424213956 0.5003889033575425 0.5994631964784624 0.6996674448664173 0.5002923511769587 0.6003625098477373 0.6015681936487488 0.3990741913273431 0.5002229572185313 0.400476237050056 0.40006451173764396 0.5982910465364911 0.6002751194676265 0.5982684712203602 0.6999420412431905 0.5001075237681663 0.5006827300157726 0.39915008240642996 
0.8617984259755205 0.4997956176610649 0.5014794892988185 0.39993186847747064 0.3999317436833156 0.5003285192432675 0.3997048532422383 0.3999285324502304 0.5969383679967782 0.499757981999132 0.6991206780530596 0.49933822647347553 0.5961526878766452 0.5003887558747998 0.5995535510557571 0.6993973654620284 0.5002926027044109 0.6003623872820063 0.7006062608393032 0.3999718634403202 0.500270181000108 0.4000054902626946 0.39992860105035627 0.5983769292914952 0.5995324408852781 0.5982686618851089 0.699557855699247 0.5001054950943096 0.49878432361113145 0.3988598181268125 
0.8771906118418538 0.4997953113113964 0.4979600456204911 0.39945043189712576 0.3999500876074166 0.5003250014903259 0.39976992640077536 0.4011866562977529 0.6015236829027846 0.49962127626350367 0.6991221763841776 0.49934142564235384 0.5988704146745274 0.5003886669808372 0.5995544027412824 0.6997600037377149 0.5002715112442528 0.6003601404454115 0.703175482582633 0.4000640198013364 0.5002294573757409 0.3998923073783168 0.4000717193244099 0.599363775945043 0.6998031420577778 0.5982683168787896 0.6995580793914007 0.5000804495740989 0.5004341379923103 0.39961255442331556 
0.8888266785442721 0.4997953758709721 0.49790007445852363 0.3999339192296921 0.3999323742402543 0.4966149441502522 0.39991163331262886 0.40131281860324886 0.5960954033718551 0.49961316735402217 0.6990695252093319 0.4978446319263123 0.5988743585031089 0.5003895406462235 0.5995535561551518 0.6996670018557357 0.5003049557114421 0.4994774099735607 0.7013030303648079 0.40008392999764636 0.5002638226914147 0.40002089791812373 0.3999303429269081 0.5994799637165518 0.5986945886881504 0.5986404512530235 0.6995618235866636 0.5002321598723105 0.49877775906899025 0.40042841276242 
0.8934478804498287 0.4997953114278304 0.4980060597719926 0.39992872970946397 0.3999296205287842 0.49661447376675294 0.3997698047666658 0.40131281788597456 0.5960954033718551 0.49961317048569465 0.6991371649168034 0.49944880893211785 0.5988677300992669 0.5003887385367051 0.5995535440952391 0.6997643906014056 0.5002926113201723 0.6006743098172875 0.6999804319778438 0.40006255011603736 0.5002637190078936 0.40003683923357236 0.39992396692139875 0.5994782606421615 0.5987076231572367 0.5982686436563853 0.6995618236069507 0.5002321598723105 0.4985615572916998 0.40039681326105836 
0.8956588011802481 0.4997953114278304 0.3999767584093704 0.3999283942744972 0.3999757778211403 0.49685351396012933 0.3997713097429932 0.40132211622146874 0.5960954033718551 0.49961317048569465 0.6991117962087767 0.4993373279317111 0.5989469517005365 0.5003887525844632 0.5993727045872264 0.6997734507586607 0.5003028055232256 0.6003603131170243 0.6999760174783222 0.4000430777236209 0.500263714992817 0.3998926468370871 0.39993050936614505 0.5993668165264321 0.5984759528836409 0.5982686436563853 0.7000642766245841 0.5002231664913638 0.49870832212341093 0.39914068074114534 
0.9095264418232539 0.499795376220104 0.402011287442975 0.39993454065067735 0.3999477972606556 0.49962768786222134 0.39902490490367265 0.40114341853992286 0.5960954033718551 0.4996219738933653 0.6990695592196796 0.49941178083569143 0.5988649368410236 0.5003895185610671 0.5993703696219419 0.6996695483986228 0.500291724330473 0.6003651907019207 0.7008833582779588 0.40010399359785515 0.5002607673400825 0.40048205001956694 0.3999306384356167 0.599367393402676 0.6025529728134434 0.5982742385789848 0.6995427985463436 0.5002317493787634 0.4985459080835217 0.3989113492212521 
0.9132240781473182 0.4997953113113964 0.4046854807706958 0.3994444154022341 0.39994964688356643 0.5003350915338086 0.39974852103339664 0.40115036363684164 0.5971298611052038 0.4996101401489679 0.6991221763841776 0.49937334374944287 0.5988704146745274 0.5003886669808372 0.5995676293388494 0.6993963581542215 0.5002927326992368 0.6003600753933501 0.7005467689408034 0.40023613508787204 0.5002226246839971 0.3998923073783168 0.4000649756835553 0.5982865411900721 0.6004870627886558 0.5986341588462782 0.6995580793914007 0.5001070249390658 0.5006870655883049 0.40039017845619335 
0.930370285743903 0.49979527066178603 0.399852698865592 0.3999317912614646 0.39994865136806795 0.4995961004282537 0.39977020836499594 0.40118194687714404 0.6997278762839787 0.4998177253210265 0.699116479168239 0.4993022970504523 0.5992932071726673 0.5003895191155944 0.5994611330487915 0.6997586395667633 0.5003021483160395 0.6002916078261681 0.7008760260854283 0.40004196009550386 0.5002484875421386 0.3999095990664365 0.4000892864900962 0.5993637677216569 0.6997794179621352 0.5982742177829625 0.7000299003462749 0.5002481727650064 0.5001982514163047 0.39913236472738606 
0.9316906572988343 0.4997953495054229 0.40334975560968567 0.3999344802972246 0.3999487789845316 0.4996126245598628 0.3990291556011265 0.4000002561981108 0.6997426211600729 0.4998190967514991 0.6991259632946722 0.4993929721768631 0.5989720886496837 0.5003895184017699 0.5994647213441335 0.6997736743672155 0.5002920295516966 0.600362278987816 0.699930956082287 0.3991057235718432 0.5002293261456106 0.4004771333084982 0.40008174960040577 0.5993674343627421 0.6017842695998333 0.5982741878902108 0.6999912506175984 0.5002481973091583 0.5003500474860414 0.39890755704633873 
0.9372601679364503 0.4997953129437744 0.3998467448214015 0.39993200378026766 0.3999486333488025 0.5005607696849943 0.39977037674993704 0.4011820646695372 0.6997267264417989 0.49981791866827124 0.6991279823318255 0.4993652843558497 0.5988739505540928 0.5003895208653077 0.5995535443286366 0.6997735258146283 0.5002915976409309 0.6002993852889371 0.7008663205978147 0.4000430745187826 0.5002294517652522 0.3998921575498802 0.4000808967883093 0.5993637869896571 0.6997820782066119 0.5982726862177923 0.6999691338547102 0.5002541345036885 0.5002862424787222 0.3990407442780898 
0.9414521572054029 0.4997953769913663 0.39985074276988813 0.39993200215547065 0.399948644857205 0.5005607690687891 0.39976851852935025 0.4013019118615925 0.6997266816317191 0.4998179235913027 0.699127080596185 0.49933927876137596 0.5988739545199789 0.500389520600753 0.5995535155693333 0.6997587350011143 0.5002946862034808 0.6003560005685632 0.7008741659278478 0.4000430745187826 0.5002294403032974 0.39988855313117916 0.40008111057304796 0.5993666945740854 0.6997045557232532 0.5982726900521212 0.6995604329951227 0.5002560223104541 0.5002869369783287 0.3990416882630211 
0.943478450783962 0.4997953464457135 0.39985246904041966 0.39993179766809855 0.3999485644923626 0.49968893558478045 0.3997682319354328 0.4011818590843096 0.6997265393594777 0.49981772169741223 0.6991264178260527 0.4993677272861266 0.5988762427060969 0.5003895205954023 0.5995550836241597 0.6997587444446519 0.5002944210770289 0.6003605904410719 0.7008760353678127 0.4000431100086319 0.5002303167697647 0.3999002333337852 0.4000892861041631 0.5993638031378634 0.6997814635165581 0.5982684313429744 0.6999858381570992 0.5002543651438134 0.5002869961859437 0.39903069437670075 
0.9508737987776281 0.4997953469695904 0.39985226141318064 0.39993179766809855 0.399948632995444 0.49968893558478045 0.3997703790526624 0.4011818590843096 0.6997265393594777 0.49981772169741223 0.6991264178260527 0.49936649884137 0.5988762427060969 0.5003895205954023 0.5995550836241597 0.6997587444446519 0.5002913694329151 0.6003605902629993 0.7008760353678127 0.4000431100086319 0.5002297665644265 0.3999002402662537 0.4000892861041631 0.5993638031378634 0.6997814635165581 0.5982684313429744 0.6999858381570992 0.5002560201076999 0.5002862806113582 0.39903069437670075 
0.953538305173765 0.499795311494143 0.3998452678956887 0.3999320012140824 0.39994855511151584 0.5005615944034327 0.39977020953962383 0.40115529534511335 0.6997263869770007 0.4998179211322736 0.6991264192561091 0.49933925811179236 0.5988761853740703 0.5003895092297337 0.5993669597978539 0.6997587030989162 0.5003029571398718 0.6003601282199892 0.7008741129011262 0.40004307456158195 0.5002303170562835 0.3998922990297978 0.40008903223693115 0.5993652062154843 0.6998174290703062 0.5982725702069966 0.7000136961378267 0.5002465572522306 0.500286265022076 0.39913437278377767 
0.9641907383576287 0.49979534847183527 0.3998507423103736 0.399932002662033 0.3999486456978785 0.5005607776484842 0.3997702941648729 0.40118209341928046 0.6997267284892651 0.4998190927447808 0.699127694181279 0.49933925772863386 0.5988741657009964 0.5003895206035384 0.5995537165341548 0.6997735554357614 0.5003029607720656 0.6002983004089765 0.7008759548072292 0.4000431100086319 0.5002294572785106 0.39989231891135146 0.4000892861041631 0.5993666265168107 0.6997792995197795 0.5982725328150615 0.6995604345284048 0.5002559791270843 0.5002862722229503 0.3990388274346847 
0.9667181901483359 0.49979534837820005 0.3998468625467447 0.399932001182013 0.3999486462421685 0.5005607776484842 0.3997702998206623 0.40118206343301727 0.6997266665654778 0.49981784487516845 0.6991264178260527 0.4993392452597067 0.5988740220749296 0.5003895107973996 0.599555727676214 0.6997587647890022 0.5003028621805069 0.6003606871497947 0.7008760353678127 0.4000431100086319 0.5002294521967439 0.39989231914998924 0.4000892861041631 0.5993637697478654 0.6997791441297183 0.5982725784276477 0.6995604345284048 0.5002560206433097 0.500286272926509 0.3990388274346847 
0.9834517597155169 0.49979531153844625 0.3998467952133585 0.3999320038607574 0.3999486129938402 0.5005615875048343 0.3997702943795838 0.4011824526471296 0.699726732977936 0.4998178824592554 0.6991264192561091 0.49933925806969626 0.5988740066969115 0.5003895103861964 0.5993669597978539 0.6997587581208189 0.5003029812680317 0.6003601182109785 0.7008833067978785 0.400043074436126 0.5002303170562835 0.3998922990297978 0.4000893483524296 0.5993652062154843 0.6998158615801308 0.5982725698863659 0.700008398033683 0.5002542374656993 0.5002862642350643 0.39913437278377767 
0.9845587502440551 0.49979531152474693 0.3998454338281703 0.3999320038466224 0.3999485625256143 0.5005607690687891 0.39976851852935025 0.40118210009238237 0.6997267626140251 0.4998179235913027 0.6991266199165078 0.49933924587693007 0.5988739505540928 0.5003895103556071 0.5995535440620303 0.6997587603459203 0.5002943338705628 0.600362515260542 0.7008740062003421 0.4000430745187826 0.50022945737134 0.39989230677744864 0.40008102782095667 0.5993651457116421 0.6998031081800431 0.5982726900521212 0.6995579929699205 0.500256198206658 0.50028694664274 0.399039419739916 
1.0 0.4997953113113964 0.39984674233883466 0.399932003785516 0.39994861239049695 0.5005607685471922 0.399770294197613 0.4011820938204192 0.6997267296838003 0.4998179236562447 0.6991227517709441 0.4993392458920776 0.5988739495917393 0.5003895106489317 0.599553544062245 0.6997587615020727 0.500302861774451 0.6003601421761098 0.7000181308193342 0.400043074941792 0.5002294573757409 0.3998923073783168 0.40008093027627617 0.599363775945043 0.6998031420577778 0.5982725289013369 0.6995580793914007 0.5002541122035405 0.500286272961113 0.39904074673738743 
