0.017663039913927574 57.42058397004511 
0.7913552989200592 57.415133303292535 
1.492242990756643 57.40119324805468 
2.2598989222830705 57.37609809236808 
3.1623111494355407 57.33344193084989 
3.873367043119451 57.28979667613821 
4.724584922346016 57.225886386805065 
5.5577801850054955 57.15098297369119 
6.344017626015263 57.06905655260816 
7.319706997792605 56.95213485823378 
8.495502759772021 56.78864506486034 
9.144348058827491 56.687782405232596 
10.09345463198059 56.52650660562821 
11.097241864103584 56.3380421957807 
12.072937526812918 56.13704618981705 
13.111499357898792 55.90359881109444 
14.096728178280166 55.663327515624346 
15.162081827560476 55.38262408100885 
16.726778762323626 54.930307187200945 
17.335939489504497 54.74110866122661 
18.45784813433999 54.373078059767984 
19.660777809410895 53.949769150321266 
20.898101385622436 53.48264329593504 
22.380463940108182 52.879472475332975 
22.95360284392858 52.633220421395215 
24.12755810451044 52.105515210555716 
25.059486725756894 51.66377745079811 
26.432704720183963 50.97485553309146 
27.61977586704113 50.34155099416776 
28.81348616260305 49.66796543650105 
30.181509705183448 48.84874867752395 
31.119417456811767 48.25666412623918 
32.29222114529742 47.47985076795405 
33.48150339149402 46.64882320154877 
34.603071426324796 45.823042492927556 
35.68018915554562 44.98941961471014 
36.86144632117414 44.026782196240255 
37.959228162462445 43.083880660336284 
39.033768209675905 42.11280939093562 
40.10972305113684 41.089340371987994 
41.10843009713174 40.090157774611136 
42.110853964522 39.03587777702305 
42.59399328876808 38.5081226647101 
44.036923006602194 36.84933089697248 
44.93756954378643 35.745469907966495 
46.14892942039556 34.16723706704026 
46.65927176306295 33.466940911661126 
47.467256375253996 32.310731153130675 
48.23591263548628 31.151573117030793 
48.92087867124097 30.064454185594332 
49.591279785303755 28.94527154302933 
50.26528175606473 27.758336142993272 
50.9606169005986 26.460145512721674 
51.63100746471078 25.12693462448137 
52.19131930870508 23.941386013778907 
52.617669181444334 22.989229333669794 
53.11671367248902 21.811430583040597 
53.51036996902008 20.82700365445243 
53.989769912000746 19.55066546931842 
54.38002419806382 18.437373556501296 
54.74280005112602 17.33059773944388 
55.068662149631855 16.26549183067283 
55.41662388807082 15.037339269035538 
55.712057684636314 13.902891928938256 
55.907009534935796 13.096948511182987 
56.13803453847833 12.068340963056785 
56.33295386506009 11.123042941614107 
56.520725101433165 10.125779449119126 
56.68371636403486 9.16951877721115 
56.82642985588348 8.238971129839864 
56.95862188815356 7.269055512673921 
57.06015263223013 6.423609346043838 
57.14021469907037 5.667419129385336 
57.234894819861694 4.614172775628322 
57.28983363257043 3.8728203929930545 
57.339262686036726 3.0549517288587156 
57.37577185376186 2.2681665787697964 
57.40123877161499 1.4904908345993169 
57.41575757615693 0.7446861083427826 
57.42058660784588 0.0030091279418036 
