0.9998041705723417 0.39656414807475043 0.3019216678183643 0.5004172041794732 0.7053186458374284 0.402189047609483 0.09959062693783054 0.4982514479385827 0.8010088463251437 0.5009491591378972 0.19731055291926164 
0.9912259973510237 0.39656414807475043 0.3019216678183643 0.5004172041794732 0.7053186458374284 0.402189047609483 0.09959062693783054 0.4982514479385827 0.8010088463251437 0.5009491591378972 0.19731055291926164 
0.9834536981672609 0.39656414807475043 0.3019216678183643 0.5004172041794732 0.7053186458374284 0.402189047609483 0.09959062693783054 0.4982514479385827 0.8010088463251437 0.5009491591378972 0.19731055291926164 
0.974938117220767 0.39656414807475043 0.3019216678183643 0.5004172041794732 0.7053186458374284 0.402189047609483 0.09959062693783054 0.4982514479385827 0.8010088463251437 0.5009491591378972 0.19731055291926164 
0.9649218340865561 0.39656414807475043 0.3019216678183643 0.5004172041794732 0.7053186458374284 0.402189047609483 0.09959062693783054 0.4982514479385827 0.8010088463251437 0.5009491591378972 0.19731055291926164 
0.9570234979345655 0.39656414807475043 0.3019216678183643 0.5004172041794732 0.7053186458374284 0.402189047609483 0.09959062693783054 0.4982514479385827 0.8010088463251437 0.5009491591378972 0.19731055291926164 
0.947559429121074 0.39656414807475043 0.3019216678183643 0.5004172041794732 0.7053186458374284 0.402189047609483 0.09959062693783054 0.4982514479385827 0.8010088463251437 0.5009491591378972 0.19731055291926164 
0.938284490943025 0.39656414807475043 0.3019216678183643 0.5004172041794732 0.7053186458374284 0.402189047609483 0.09959062693783054 0.4982514479385827 0.8010088463251437 0.5009491591378972 0.19731055291926164 
0.9295202426130043 0.39656414807475043 0.3019216678183643 0.5004172041794732 0.7053186458374284 0.402189047609483 0.09959062693783054 0.4982514479385827 0.8010088463251437 0.5009491591378972 0.19731055291926164 
0.9186252856680434 0.39656414807475043 0.3019216678183643 0.5004172041794732 0.7053186458374284 0.402189047609483 0.09959062693783054 0.4982514479385827 0.8010088463251437 0.5009491591378972 0.19731055291926164 
0.9054636356643769 0.39656414807475043 0.3019216678183643 0.5004172041794732 0.7053186458374284 0.402189047609483 0.09959062693783054 0.4982514479385827 0.8010088463251437 0.5009491591378972 0.19731055291926164 
0.898183476176792 0.39656414807475043 0.3019216678183643 0.5004172041794732 0.7053186458374284 0.402189047609483 0.09959062693783054 0.4982514479385827 0.8010088463251437 0.5009491591378972 0.19731055291926164 
0.8875098083614014 0.39656414807475043 0.3019216678183643 0.5004172041794732 0.7053186458374284 0.402189047609483 0.09959062693783054 0.4982514479385827 0.8010088463251437 0.5009491591378972 0.19731055291926164 
0.8761862535691607 0.39656414807475043 0.3019216678183643 0.5004172041794732 0.7053186458374284 0.402189047609483 0.09959062693783054 0.4982514479385827 0.8010088463251437 0.5009491591378972 0.19731055291926164 
0.8651414688167515 0.39656414807475043 0.3019216678183643 0.5004172041794732 0.7053186458374284 0.402189047609483 0.09959062693783054 0.4982514479385827 0.8010088463251437 0.5009491591378972 0.19731055291926164 
0.8533395006872901 0.39656414807475043 0.3019216678183643 0.5004172041794732 0.7053186458374284 0.402189047609483 0.09959062693783054 0.4982514479385827 0.8010088463251437 0.5009491591378972 0.19731055291926164 
0.8420960280097999 0.39656414807475043 0.3019216678183643 0.5004172041794732 0.7053186458374284 0.402189047609483 0.09959062693783054 0.4982514479385827 0.8010088463251437 0.5009491591378972 0.19731055291926164 
0.8298811857597271 0.39656414807475043 0.3019216678183643 0.5004172041794732 0.7053186458374284 0.402189047609483 0.09959062693783054 0.4982514479385827 0.8010088463251437 0.5009491591378972 0.19731055291926164 
0.8118225556439271 0.39656414807475043 0.3019216678183643 0.5004172041794732 0.7053186458374284 0.402189047609483 0.09959062693783054 0.4982514479385827 0.8010088463251437 0.5009491591378972 0.19731055291926164 
0.8047505255724253 0.39656414807475043 0.3019216678183643 0.5004172041794732 0.7053186458374284 0.402189047609483 0.09959062693783054 0.4982514479385827 0.8010088463251437 0.5009491591378972 0.19731055291926164 
0.7916595778234586 0.39656414807475043 0.3019216678183643 0.5004172041794732 0.7053186458374284 0.402189047609483 0.09959062693783054 0.4982514479385827 0.8010088463251437 0.5009491591378972 0.19731055291926164 
0.7775207814822006 0.39656414807475043 0.3019216678183643 0.5004172041794732 0.7053186458374284 0.402189047609483 0.09959062693783054 0.4982514479385827 0.8010088463251437 0.5009491591378972 0.19731055291926164 
0.7628572398283548 0.39656414807475043 0.3019216678183643 0.5004172041794732 0.7053186458374284 0.402189047609483 0.09959062693783054 0.4982514479385827 0.8010088463251437 0.5009491591378972 0.19731055291926164 
0.7451133239370408 0.39656414807475043 0.3019216678183643 0.5004172041794732 0.7053186458374284 0.402189047609483 0.09959062693783054 0.4982514479385827 0.8010088463251437 0.5009491591378972 0.19731055291926164 
0.7381972276855274 0.39656414807475043 0.3019216678183643 0.5004172041794732 0.7053186458374284 0.402189047609483 0.09959062693783054 0.4982514479385827 0.8010088463251437 0.5009491591378972 0.19731055291926164 
0.7239268274961603 0.39656414807475043 0.3019216678183643 0.5004172041794732 0.7053186458374284 0.402189047609483 0.09959062693783054 0.4982514479385827 0.8010088463251437 0.5009491591378972 0.19731055291926164 
0.7124924576172113 0.39656414807475043 0.3019216678183643 0.5004172041794732 0.7053186458374284 0.402189047609483 0.09959062693783054 0.4982514479385827 0.8010088463251437 0.5009491591378972 0.19731055291926164 
0.6954586070085974 0.39656414807475043 0.3019216678183643 0.5004172041794732 0.7053186458374284 0.402189047609483 0.09959062693783054 0.4982514479385827 0.8010088463251437 0.5009491591378972 0.19731055291926164 
0.6805414102448724 0.39656414807475043 0.3019216678183643 0.5004172041794732 0.7053186458374284 0.402189047609483 0.09959062693783054 0.4982514479385827 0.8010088463251437 0.5009491591378972 0.19731055291926164 
0.6653447866036463 0.39656414807475043 0.3019216678183643 0.5004172041794732 0.7053186458374284 0.402189047609483 0.09959062693783054 0.4982514479385827 0.8010088463251437 0.5009491591378972 0.19731055291926164 
0.6476654542736333 0.39656414807475043 0.3019216678183643 0.5004172041794732 0.7053186458374284 0.402189047609483 0.09959062693783054 0.4982514479385827 0.8010088463251437 0.5009491591378972 0.19731055291926164 
0.6353680542484705 0.39656414807475043 0.3019216678183643 0.5004172041794732 0.7053186458374284 0.402189047609483 0.09959062693783054 0.4982514479385827 0.8010088463251437 0.5009491591378972 0.19731055291926164 
0.6197712326526769 0.39656414807475043 0.3019216678183643 0.5004172041794732 0.7053186458374284 0.402189047609483 0.09959062693783054 0.4982514479385827 0.8010088463251437 0.5009491591378972 0.19731055291926164 
0.6036851607399516 0.39656414807475043 0.3019216678183643 0.5004172041794732 0.7053186458374284 0.402189047609483 0.09959062693783054 0.4982514479385827 0.8010088463251437 0.5009491591378972 0.19731055291926164 
0.5882431152531296 0.39656414807475043 0.3019216678183643 0.5004172041794732 0.7053186458374284 0.402189047609483 0.09959062693783054 0.4982514479385827 0.8010088463251437 0.5009491591378972 0.19731055291926164 
0.5731420536867945 0.39656414807475043 0.3019216678183643 0.5004172041794732 0.7053186458374284 0.402189047609483 0.09959062693783054 0.4982514479385827 0.8010088463251437 0.5009491591378972 0.19731055291926164 
0.556246982563992 0.39656414807475043 0.3019216678183643 0.5004172041794732 0.7053186458374284 0.402189047609483 0.09959062693783054 0.4982514479385827 0.8010088463251437 0.5009491591378972 0.19731055291926164 
0.5402022732321631 0.39656414807475043 0.3019216678183643 0.5004172041794732 0.7053186458374284 0.402189047609483 0.09959062693783054 0.4982514479385827 0.8010088463251437 0.5009491591378972 0.19731055291926164 
0.5241444388140999 0.39656414807475043 0.3019216678183643 0.5004172041794732 0.7053186458374284 0.402189047609483 0.09959062693783054 0.4982514479385827 0.8010088463251437 0.5009491591378972 0.19731055291926164 
0.5076800578127004 0.39656414807475043 0.3019216678183643 0.5004172041794732 0.7053186458374284 0.402189047609483 0.09959062693783054 0.4982514479385827 0.8010088463251437 0.5009491591378972 0.19731055291926164 
0.49201687699266516 0.39656414807475043 0.3019216678183643 0.5004172041794732 0.7053186458374284 0.402189047609483 0.09959062693783054 0.4982514479385827 0.8010088463251437 0.5009491591378972 0.19731055291926164 
0.47588745227756135 0.39656414807475043 0.3019216678183643 0.5004172041794732 0.7053186458374284 0.402189047609483 0.09959062693783054 0.4982514479385827 0.8010088463251437 0.5009491591378972 0.19731055291926164 
0.4679546124705989 0.39656414807475043 0.3019216678183643 0.5004172041794732 0.7053186458374284 0.402189047609483 0.09959062693783054 0.4982514479385827 0.8010088463251437 0.5009491591378972 0.19731055291926164 
0.44357785063985816 0.39656414807475043 0.3019216678183643 0.5004172041794732 0.7053186458374284 0.402189047609483 0.09959062693783054 0.4982514479385827 0.8010088463251437 0.5009491591378972 0.19731055291926164 
0.42778222968652585 0.39656414807475043 0.3019216678183643 0.5004172041794732 0.7053186458374284 0.402189047609483 0.09959062693783054 0.4982514479385827 0.8010088463251437 0.5009491591378972 0.19731055291926164 
0.40572333587389353 0.39656414807475043 0.3019216678183643 0.5004172041794732 0.7053186458374284 0.402189047609483 0.09959062693783054 0.4982514479385827 0.8010088463251437 0.5009491591378972 0.19731055291926164 
0.39611612632898774 0.39656414807475043 0.3019216678183643 0.5004172041794732 0.7053186458374284 0.402189047609483 0.09959062693783054 0.4982514479385827 0.8010088463251437 0.5009491591378972 0.19731055291926164 
0.380476986322679 0.39656414807475043 0.3019216678183643 0.5004172041794732 0.7053186458374284 0.402189047609483 0.09959062693783054 0.4982514479385827 0.8010088463251437 0.5009491591378972 0.19731055291926164 
0.36505624633543315 0.39656414807475043 0.3019216678183643 0.5004172041794732 0.7053186458374284 0.402189047609483 0.09959062693783054 0.4982514479385827 0.8010088463251437 0.5009491591378972 0.19731055291926164 
0.3508101495585648 0.39656414807475043 0.3019216678183643 0.5004172041794732 0.7053186458374284 0.402189047609483 0.09959062693783054 0.4982514479385827 0.8010088463251437 0.5009491591378972 0.19731055291926164 
0.33634567818689576 0.39656414807475043 0.3019216678183643 0.5004172041794732 0.7053186458374284 0.402189047609483 0.09959062693783054 0.4982514479385827 0.8010088463251437 0.5009491591378972 0.19731055291926164 
0.3212121516783501 0.39656414807475043 0.3019216678183643 0.5004172041794732 0.7053186458374284 0.402189047609483 0.09959062693783054 0.4982514479385827 0.8010088463251437 0.5009491591378972 0.19731055291926164 
0.30488414611276227 0.39656414807475043 0.3019216678183643 0.5004172041794732 0.7053186458374284 0.402189047609483 0.09959062693783054 0.4982514479385827 0.8010088463251437 0.5009491591378972 0.19731055291926164 
0.2883389233642251 0.39656414807475043 0.3019216678183643 0.5004172041794732 0.7053186458374284 0.402189047609483 0.09959062693783054 0.4982514479385827 0.8010088463251437 0.5009491591378972 0.19731055291926164 
0.273800414971203 0.39656414807475043 0.3019216678183643 0.5004172041794732 0.7053186458374284 0.402189047609483 0.09959062693783054 0.4982514479385827 0.8010088463251437 0.5009491591378972 0.19731055291926164 
0.26223375255622977 0.39656414807475043 0.3019216678183643 0.5004172041794732 0.7053186458374284 0.402189047609483 0.09959062693783054 0.4982514479385827 0.8010088463251437 0.5009491591378972 0.19731055291926164 
0.2480514413366427 0.39656414807475043 0.3019216678183643 0.5004172041794732 0.7053186458374284 0.402189047609483 0.09959062693783054 0.4982514479385827 0.8010088463251437 0.5009491591378972 0.19731055291926164 
0.236296682219638 0.39656414807475043 0.3019216678183643 0.5004172041794732 0.7053186458374284 0.402189047609483 0.09959062693783054 0.4982514479385827 0.8010088463251437 0.5009491591378972 0.19731055291926164 
0.22118034936981623 0.39656414807475043 0.3019216678183643 0.5004172041794732 0.7053186458374284 0.402189047609483 0.09959062693783054 0.4982514479385827 0.8010088463251437 0.5009491591378972 0.19731055291926164 
0.208100713687158 0.39656414807475043 0.3019216678183643 0.5004172041794732 0.7053186458374284 0.402189047609483 0.09959062693783054 0.4982514479385827 0.8010088463251437 0.5009491591378972 0.19731055291926164 
0.19518735271955506 0.39656414807475043 0.3019216678183643 0.5004172041794732 0.7053186458374284 0.402189047609483 0.09959062693783054 0.4982514479385827 0.8010088463251437 0.5009491591378972 0.19731055291926164 
0.1828380732372416 0.39656414807475043 0.3019216678183643 0.5004172041794732 0.7053186458374284 0.402189047609483 0.09959062693783054 0.4982514479385827 0.8010088463251437 0.5009491591378972 0.19731055291926164 
0.16868534700803958 0.39656414807475043 0.3019216678183643 0.5004172041794732 0.7053186458374284 0.402189047609483 0.09959062693783054 0.4982514479385827 0.8010088463251437 0.5009491591378972 0.19731055291926164 
0.15568804494096328 0.39656414807475043 0.3019216678183643 0.5004172041794732 0.7053186458374284 0.402189047609483 0.09959062693783054 0.4982514479385827 0.8010088463251437 0.5009491591378972 0.19731055291926164 
0.1464948020357036 0.39656414807475043 0.3019216678183643 0.5004172041794732 0.7053186458374284 0.402189047609483 0.09959062693783054 0.4982514479385827 0.8010088463251437 0.5009491591378972 0.19731055291926164 
0.13480640450738268 0.39656414807475043 0.3019216678183643 0.5004172041794732 0.7053186458374284 0.402189047609483 0.09959062693783054 0.4982514479385827 0.8010088463251437 0.5009491591378972 0.19731055291926164 
0.12410531172055435 0.39656414807475043 0.3019216678183643 0.5004172041794732 0.7053186458374284 0.402189047609483 0.09959062693783054 0.4982514479385827 0.8010088463251437 0.5009491591378972 0.19731055291926164 
0.11285426277695311 0.39656414807475043 0.3019216678183643 0.5004172041794732 0.7053186458374284 0.402189047609483 0.09959062693783054 0.4982514479385827 0.8010088463251437 0.5009491591378972 0.19731055291926164 
0.10209920821775863 0.39656414807475043 0.3019216678183643 0.5004172041794732 0.7053186458374284 0.402189047609483 0.09959062693783054 0.4982514479385827 0.8010088463251437 0.5009491591378972 0.19731055291926164 
0.09166151994657687 0.39656414807475043 0.3019216678183643 0.5004172041794732 0.7053186458374284 0.402189047609483 0.09959062693783054 0.4982514479385827 0.8010088463251437 0.5009491591378972 0.19731055291926164 
0.0808085564778235 0.39656414807475043 0.3019216678183643 0.5004172041794732 0.7053186458374284 0.402189047609483 0.09959062693783054 0.4982514479385827 0.8010088463251437 0.5009491591378972 0.19731055291926164 
0.07136769229576415 0.39656414807475043 0.3019216678183643 0.5004172041794732 0.7053186458374284 0.402189047609483 0.09959062693783054 0.4982514479385827 0.8010088463251437 0.5009491591378972 0.19731055291926164 
0.06293692067614498 0.39656414807475043 0.3019216678183643 0.5004172041794732 0.7053186458374284 0.402189047609483 0.09959062693783054 0.4982514479385827 0.8010088463251437 0.5009491591378972 0.19731055291926164 
0.05121236794046886 0.39656414807475043 0.3019216678183643 0.5004172041794732 0.7053186458374284 0.402189047609483 0.09959062693783054 0.4982514479385827 0.8010088463251437 0.5009491591378972 0.19731055291926164 
0.04297042754279747 0.39656414807475043 0.3019216678183643 0.5004172041794732 0.7053186458374284 0.402189047609483 0.09959062693783054 0.4982514479385827 0.8010088463251437 0.5009491591378972 0.19731055291926164 
0.03388612792762415 0.39656414807475043 0.3019216678183643 0.5004172041794732 0.7053186458374284 0.402189047609483 0.09959062693783054 0.4982514479385827 0.8010088463251437 0.5009491591378972 0.19731055291926164 
0.025153617294478153 0.39656414807475043 0.3019216678183643 0.5004172041794732 0.7053186458374284 0.402189047609483 0.09959062693783054 0.4982514479385827 0.8010088463251437 0.5009491591378972 0.19731055291926164 
0.016526869191211924 0.39656414807475043 0.3019216678183643 0.5004172041794732 0.7053186458374284 0.402189047609483 0.09959062693783054 0.4982514479385827 0.8010088463251437 0.5009491591378972 0.19731055291926164 
0.008256536876159763 0.39656414807475043 0.3019216678183643 0.5004172041794732 0.7053186458374284 0.402189047609483 0.09959062693783054 0.4982514479385827 0.8010088463251437 0.5009491591378972 0.19731055291926164 
3.3362082429867074E-5 0.39656414807475043 0.3019216678183643 0.5004172041794732 0.7053186458374284 0.402189047609483 0.09959062693783054 0.4982514479385827 0.8010088463251437 0.5009491591378972 0.19731055291926164 
