0.7423444322120205 1.0077151343682225 
0.7453031958798912 1.0047754103691173 
0.7503224135201867 0.9997942578160087 
0.7550389414875436 0.9952029900001376 
0.7556498221898875 0.9943962039074332 
0.7650676588030869 0.9852608213200897 
0.7656980859816687 0.984664392109189 
0.7726709250369643 0.9784991429087693 
0.7732596439611124 0.978033118270669 
0.7783192607766751 0.9732080344151669 
0.7805312251719079 0.9719056930620913 
0.7847771368824012 0.9663823583824785 
0.790003224645075 0.9615134769424548 
0.7905906552713533 0.9609441617822397 
0.7979485896137553 0.9547610567322495 
0.8027419646872365 0.9497917332559267 
0.8048844466548648 0.9479347603339628 
0.809335534367213 0.9439176895045188 
0.811526259159799 0.9420634894359309 
0.8179223252520027 0.9363338840143199 
0.8198138932002341 0.9349650331283157 
0.8227113997383175 0.9328330319763389 
0.8298962219979347 0.9286494532548826 
0.8327216387416302 0.923183882474426 
0.8350513680257567 0.9213023033863489 
0.8404011590553923 0.9190483458637954 
0.8416729293247533 0.9155475077201761 
0.8452252427782769 0.9128331911118235 
0.8527373458939725 0.9061693697507325 
0.8534348415593486 0.9055824053514819 
0.8572906117443486 0.9024083231978568 
0.8596544098096701 0.9003350009622589 
0.8642678861418329 0.8964582565884959 
0.8689941817589876 0.8926032980263996 
0.8736125724418964 0.8888979491124736 
0.8759563770509031 0.8869009352839005 
0.8781837914439496 0.8850753399668975 
0.885201414701508 0.8793931749987137 
0.8884558671697098 0.8770156749505054 
0.8912512680069563 0.8745664739934077 
0.9197370984909318 0.852135759834758 
0.9233277007701022 0.8494008628397507 
0.9257333913188285 0.8477848972947167 
0.9315853217834332 0.8433527969060454 
0.9332189187446207 0.8420381964192217 
0.9405640946299846 0.8374898005698677 
0.9434290659604581 0.8341027997313107 
0.9474680795539183 0.8312076363662063 
0.9494061542503749 0.8298573319621368 
0.9558560009377467 0.8248294180423381 
0.9611536661108855 0.8212864421880788 
0.9651619043313933 0.8182020864228808 
0.968055164376026 0.8161520258171886 
0.9689933426211452 0.815169376519686 
