0.24234441040279797 0.5080320046307523 0.4948624556969329 0.5131084470209334 0.5122318722862506 0.5089527081158927 0.5052355299570451 0.5052627730086935 0.5096564940026648 0.514240802965729 0.5030119225315648 0.5143163035687573 0.509477392730561 0.5033682061834385 0.5047633486353891 0.504782384303148 0.49293156864070287 0.4617492867896488 0.5054262485030843 0.4579627238983288 0.5047729397791618 0.5034443113340575 0.5042898899204462 0.5020145186650796 0.5090412485640978 0.491712030861643 0.504256719831793 0.5011302853116896 0.5097072964461007 0.5049809238327955 
0.24527516154499202 0.5079536346016673 0.5052856306546368 0.5131084470209334 0.5122318722862506 0.4383519681233302 0.49533803132806087 0.5052627730086935 0.5096564940026648 0.5035059956054649 0.5030119225315648 0.5143163035687573 0.509477392730561 0.5290860968804157 0.410677296628264 0.5047698412996056 0.5064754455006656 0.46423518050083096 0.505420120280989 0.3307293935514063 0.5055942429136344 0.5034443113340575 0.3661807378614765 0.5020145186650796 0.509041488478278 0.52845820949049 0.6572432102916764 0.5011302853116896 0.5140443176992862 0.5049809102830394 
0.25026411271143995 0.5202215971429912 0.4948624556969329 0.5131084470209334 0.5122318722862506 0.47733969120961156 0.5052355299570451 0.5006073476632985 0.5096564940026648 0.5580322822274203 0.5025758721913487 0.5143163035687573 0.509477392730561 0.5020402685203795 0.5047633486353891 0.504782384303148 0.6231694017256639 0.4705177886587061 0.5054262485030843 0.5222910829397636 0.4836879400343346 0.5034474098483901 0.5224095414985429 0.549981181301859 0.5090412485640978 0.49171930371941924 0.504256719831793 0.5047684404137462 0.5097072964461007 0.5049809238327955 
0.2549300098752539 0.5066371567294011 0.4974554742286921 0.5072516032396258 0.5102036042645054 0.5089527081158927 0.5919170693509462 0.6488697824087132 0.5762350640963799 0.5143139531566655 0.5030119225315648 0.5142423684952576 0.509494515448532 0.5033682061834385 0.5047633486353891 0.5034893401214744 0.4929750490252193 0.46137156296022064 0.46656163775953563 0.5278046375580119 0.5047679006229618 0.4990932258821513 0.504357178098056 0.4685279638389396 0.601437389366427 0.4897235512261444 0.5007808846800842 0.502761147000066 0.5096430718691625 0.5049865256501485 
0.2556425511782511 0.5080320046307542 0.4948624556969329 0.5072516032396258 0.512865493095814 0.5089527081158927 0.5919170693509462 0.6486837034304472 0.5762350640963799 0.5143139531566655 0.5030119225315648 0.5142423684952576 0.509494515448532 0.5033682061834385 0.5047633486353891 0.5034893401214744 0.4929750490252193 0.46137156296022064 0.46656163775953563 0.5268161216348599 0.5047679006229618 0.4990932258821513 0.504357178098056 0.5034883765006714 0.6011141467670084 0.4897235512261444 0.504256719831793 0.502761147000066 0.5096430718691625 0.5049865256501485 
0.26501284977761214 0.5080593836171156 0.6307056053871888 0.5129713347311975 0.5101087678784453 0.45724708727209873 0.5886708896148805 0.6463403362178903 0.5773729185557562 0.5578003793165154 0.500620169168325 0.5143946625232663 0.49264608749640815 0.5605174982163822 0.5055243465872324 0.5047816729611495 0.6228356956951008 0.4623823050545546 0.5054886458241099 0.5233385431157963 0.48527767140101435 0.5166458776817666 0.49224571379582277 0.5034921174231034 0.6007801335858521 0.4919823774936693 0.4995525154911735 0.4702991725339559 0.5071291979802757 0.50443565682757 
0.26563540065327224 0.5112092800823557 0.6311749692920156 0.3648619589960967 0.5101087678784453 0.457495197545626 0.5917484585377077 0.6463403362178903 0.49046584233198287 0.5578003793165154 0.5711301260072741 0.5183093417379968 0.49264608749640815 0.5603042732660063 0.5055243465872324 0.504963806808257 0.6246125705076266 0.39104638018158216 0.5054884337439136 0.5233385431157963 0.486429129925124 0.5121677234245505 0.49254348665360753 0.3906631490541194 0.6007801335858521 0.4961780530043541 0.49107041894828285 0.21868317445411392 0.5071291979802757 0.5044325728048903 
0.27232454201439255 0.5115144521822467 0.5646963710247914 0.3298378912440282 0.5878246226751453 0.5013365718512519 0.5880860959045197 0.6463403362178903 0.4949271095417416 0.6470737862801098 0.5667134433134275 0.6281519419200257 0.5049669011971354 0.5255861501177855 0.5031082808407061 0.4803032503291932 0.6069940116788539 0.40839513328281657 0.5123472644536924 0.3168993549402004 0.4873289177173461 0.5162625690958614 0.46790648140001045 0.4702913088336558 0.6030940052232067 0.5982093907267627 0.4986308465419172 0.5024980609869132 0.5068030082297559 0.5107671298673928 
0.2728633193442626 0.5115144521822467 0.5646963710247914 0.3298378912440282 0.5878246226751453 0.5013365718512519 0.5880860959045197 0.6463403362178903 0.4949271095417416 0.6470737862801098 0.5667134433134275 0.6273772629429406 0.5049669011971354 0.5255861501177855 0.5031082808407061 0.5520907669192893 0.6069940116788539 0.40839513328281657 0.5123472644536924 0.3963803670694197 0.4873289177173461 0.5162625690958614 0.46790648140001045 0.4702913088336558 0.6030940052232067 0.5982093907267627 0.4986308465419172 0.5024980609869132 0.5068030082297559 0.5107671298673928 
0.27792515443417326 0.4103583640409185 0.6169333374526473 0.5177537495530606 0.5904313378066635 0.42817581987913006 0.5882484587549223 0.6452865737801289 0.5827016314070825 0.5562441404434713 0.5839799021860443 0.611994018412284 0.5481239263814599 0.5304675497697985 0.5880823960436723 0.498775914346567 0.6046441196428384 0.39824580387277986 0.3845613402626231 0.5051912942931612 0.4611238591692448 0.5675773800763944 0.4587263747907446 0.43429092609045306 0.6075771033087374 0.4849966494427721 0.6396026303208058 0.49471558783897457 0.5858620843060844 0.44771860763295745 
0.2797302351481595 0.44631720648644246 0.6128931753103148 0.5177537495530606 0.5895556589028018 0.44250638192866665 0.5882484587549223 0.6457480200805823 0.5827016314070825 0.5578004451673659 0.5147294956543802 0.6098096506965177 0.5493523753426707 0.5304644376122778 0.5880823960436723 0.5006275380018989 0.6047773790244184 0.3953156659547598 0.5031091914603186 0.5050777569834534 0.4877068013500242 0.5160278150207639 0.46543743489086925 0.4347896920345372 0.6079710267953458 0.5255902330590849 0.6924763067883466 0.496886631966458 0.5858956342393928 0.5074271331844226 
0.2847629395456833 0.6308181568274249 0.6128931753103148 0.5184426851300638 0.46401972414753295 0.44301056612523204 0.5639765831952974 0.6188540235017771 0.4922667466047392 0.5578016471211096 0.5444879480806316 0.6092747972477238 0.5490291934999064 0.5304644376122778 0.586319034870881 0.5090938111384261 0.38636366877446615 0.39762115002018855 0.5307984369990298 0.504586169658411 0.487707203340656 0.5789641206969963 0.46541911678937464 0.4692147911979918 0.6861692353023257 0.5150445005073682 0.6924763067883466 0.6038476294693089 0.6150868317751728 0.5067982762595108 
0.28998613783762783 0.6312308667211216 0.570409103387793 0.3485378325212405 0.4683469217355656 0.43929921156843604 0.561217939492607 0.6663270891329596 0.4927922053445896 0.4607668099680551 0.5678443083022182 0.609175840823589 0.5773754789308756 0.5675964646048324 0.5400511014375236 0.47997433369870135 0.24049601037758117 0.399027912446016 0.5307998143579291 0.3313426591693528 0.5910618518886891 0.5605392195755196 0.4683139021713463 0.46970068905648443 0.6852990036309498 0.5150391664537946 0.6565293841129436 0.6126041640550627 0.6136743616736619 0.49309290722163807 
0.29058610376717176 0.6289310145924909 0.6195159375445631 0.3867183880595637 0.4683469217355656 0.4790527817955949 0.561217939492607 0.6635891725083483 0.4927922053445896 0.5928854588365665 0.5678443083022182 0.609175840823589 0.5773754789308756 0.5675964646048324 0.5400511014375236 0.47997433369870135 0.24240779976518342 0.399027912446016 0.5307998143579291 0.3313426591693528 0.5247335720988453 0.5603492494695296 0.4683139021713463 0.46837006322291214 0.6852990036309498 0.5150391664537946 0.6565293841129436 0.3122569001565422 0.6187544361344707 0.49309290722163807 
0.29763144501175126 0.444011329863099 0.6172110741851451 0.5113017839362767 0.5830052238776878 0.4384808811043269 0.5150131734078341 0.886721773402646 0.5766195286054825 0.4517818286296543 0.5831414273309843 0.6391515403942671 0.5084789977268318 0.5244038275204196 0.5346165270629484 0.504322017315656 0.37547035776796145 0.46211252448017653 0.5270905724966894 0.5233385419326279 0.48474134569461924 0.5162576519871008 0.493239083118057 0.5034793916117021 0.5998580436342373 0.39397796683984454 0.6993068815212329 0.606752790297786 0.6150903925717052 0.5109212179626408 
0.3027358573955562 0.6312294134884732 0.5703251508808089 0.509633372145885 0.5111346008901938 0.4392858340764303 0.564982693328392 0.3977340880900076 0.49506233588214804 0.6486167675744428 0.8351377539872291 0.6366920843913229 0.5786087914029797 0.5269063363741229 0.5400510632018932 0.5118677981153779 0.38636366877446615 0.39890373421705894 0.5307031072987229 0.5084817540396488 0.4888236901370817 0.560080426496351 0.5039692394256234 0.4754687151118857 0.6865057729048445 0.5997839294375226 0.6649903389396006 0.6056482401916816 0.6150863980530589 0.5108909902841445 
0.30483292173585746 0.6312198996833601 0.5703251508808089 0.509633372145885 0.511040266344509 0.4392858340764303 0.564982693328392 0.6165750080937337 0.49506233588214804 0.6486167675744428 0.8487206689274231 0.6057695503664281 0.551534155911824 0.5269261613844557 0.5400487219331102 0.5118529324680627 0.38636366877446615 0.3942481093388724 0.5307031072987229 0.5061605978007118 0.4888236901370817 0.5589433852740758 0.5058809322009414 0.4754687151118857 0.6865070155598864 0.5997839294375226 0.6648276631859353 0.6056482401916816 0.6150868317751728 0.5108909902841445 
0.30928440402167323 0.6231640426231977 0.5702185862218443 0.5095408593591934 0.51137492975544 0.43928541965198037 0.5643963639852607 0.6165690699861708 0.49506233588214804 0.6128425552310645 0.8486924552242313 0.6108889794910792 0.5481275898689385 0.5301020191585651 0.543356779590733 0.5120693819136622 0.38636366877446615 0.3942331941166974 0.5307017559607362 0.49929764986844105 0.4883712164914855 0.5589306291804864 0.5066451902306004 0.4758368629040248 0.686461105957962 0.5972422666895765 0.6564516188630789 0.2275807084309142 0.6150868317751728 0.5841465910160972 
0.3114160931902342 0.6367582308144695 0.5629320935495354 0.35679476834597357 0.5112100773722955 0.4430766133869107 0.564098422068915 0.3877087748584153 0.4955153901566029 0.6472484784664044 0.5712027944690783 0.6278269927068382 0.5477492130404176 0.5268955225173619 0.5861627984909662 0.5125980586345331 0.38636366877446615 0.39899428116297597 0.5370277224488524 0.1886950111392749 0.4877184746542338 0.7065980304690854 0.5059040718472978 0.39380885652037534 0.6861594232574221 0.5948972662721539 0.6565380163003088 0.2213159724270007 0.6150868317751728 0.5108143383612764 
0.3178269824332745 0.598617256975178 0.5652049553766105 0.35006526419349604 0.4607378168609341 0.4394071731271123 0.667108084580962 0.7325652986260498 0.52697130638405 0.4607473004848323 0.5503329337721115 0.6369828445610503 0.5143665181984306 0.5893298953192593 0.5409251301044006 0.47544953939580825 0.24044595926338758 0.3990040388241496 0.5307858454501188 0.3327130162240586 0.5910599075069287 0.5603022316246371 0.4677521623928316 0.47609089259401927 0.6853931042339766 0.5164550646672438 0.6560992395035247 0.3075139196163361 0.6094675363196908 0.7637099752899245 
0.31955600828330416 0.631309400148223 0.6161893768719556 0.5102356631417858 0.4681336417267695 0.4827901893113959 0.6386151098565571 0.399022856634511 0.5269167788376206 0.650485674208992 0.8461842814237099 0.6093386577692005 0.5145395560864696 0.5746709958480236 0.5446016967309872 0.6132634319884394 0.24232093845208014 0.39894846126147265 0.5309974885302349 0.5311226890531412 0.5881208253381827 0.5585141461103689 0.4689555911767232 0.3957275141710397 0.684052142782844 0.5827474609493495 0.6989396120605428 0.6142649081725136 0.5492239157361882 0.49393997659994254 
0.32222750359243246 0.631226929446094 0.6161893768719556 0.5102356631417858 0.476570256575524 0.4827901893113959 0.6386151098565571 0.39894326843522365 0.4927887625257857 0.6528099038829319 0.8544658439162812 0.6092936745783253 0.5145411434144759 0.5746709958480236 0.5398876154299667 0.6110902944919548 0.24232093845208014 0.39419567513575665 0.5326409739752718 0.5294712555276898 0.588226764285169 0.5592721527694418 0.46895413020783444 0.39822906309983 0.6865825455635199 0.5858742624634035 0.69892879072701 0.6142649081725136 0.5979448206213819 0.49393997659994254 
0.32828508781355487 0.35735100934497954 0.6115683371583254 0.5040912930692956 0.5901859642132997 0.4746720408551359 0.5772862868580585 0.36426871262637883 0.6853523486947254 0.6472471364335888 0.847876716795204 0.6119317669263272 0.5492607390640317 0.5274604544268477 0.5345615968830638 0.5652549112237869 0.2926028580713438 0.39335784460446027 0.46634452356196365 0.5066372515077002 0.5674739103484453 0.5958988137236586 0.46915305597452495 0.393110972368652 0.708962064322803 0.5986036852580942 0.631332774318722 0.24295810852238672 0.5718876031956299 0.5108143377719495 
0.33271940748817075 0.44490542045089687 0.5806470525340752 0.3789559092744148 0.4625829689539499 0.4769175012074178 0.6385133303245911 0.6295920299823878 0.5295825339650476 0.5947584285196458 0.8489145125835416 0.5307618854227825 0.32304783925554337 0.5296151343439446 0.5759875363892724 0.6624008313774667 0.24241602787043673 0.3988951104977072 0.4695890760851281 0.530013027057351 0.5245233188040551 0.589518597670807 0.47045351993520645 0.38959505989174265 0.7188786430481089 0.5193814916119289 0.6975020815215671 0.30438688645757767 0.6186575518776947 0.5115185985283511 
0.3349770476499942 0.4435410520854596 0.5979913981275999 0.3873761575254431 0.45951223006777075 0.4425088923053799 0.6386151098565571 0.6221068931833442 0.5862595061965241 0.5963464666887703 0.8410778149720743 0.5294387941333555 0.32304783925554337 0.5305680100450146 0.5776469335310034 0.6591921501583947 0.2424389943978566 0.39427283639504024 0.4685787285279896 0.5301248544241245 0.6138742072753316 0.5905504009780077 0.4680242573735397 0.38952124796779464 0.7172303693352945 0.524354805873878 0.6975112469592681 0.3051481528836923 0.5503399965602742 0.502117975757804 
0.3390622730908359 0.3565703782404654 0.6164361975559941 0.37813618513870306 0.4568456641001302 0.4747126457923825 0.6391017458894978 0.3857497139545295 0.584686026398956 0.5990261322611413 0.8465933502188917 0.6029137240579884 0.5112936726978722 0.5927218839283268 0.5774213189372644 0.6166066072265206 0.242458248837686 0.3968365463342391 0.5365051585223066 0.42290909283996214 0.5286777037010509 0.5895887590848718 0.46799673886747956 0.3898143046491522 0.6556208739629656 0.5656902467521131 0.6975831555224629 0.24456979395371026 0.5977102824382281 0.49988149874047877 
0.341632258138538 0.6370226292374601 0.5630000196149677 0.3555539702087233 0.4609273035527227 0.4993445477700158 0.6382570362943243 0.3999421924601388 0.48162277737779224 0.44786501229714737 0.5672909992797267 0.6370400012519537 0.5791193378283869 0.5064957362458826 0.5004362357027788 0.5849426753293119 0.24212760104978415 0.3990290705257518 0.5370686933949512 0.18897060495669094 0.5907190931984373 0.7052161989752149 0.5074465473514234 0.39340334731333576 0.6854164499837654 0.2484022434348526 0.6564751903605239 0.6269328791286326 0.6151035714110351 0.510752610004319 
0.3450135289493393 0.3564925064581482 0.6115593028243463 0.3792064453550448 0.46603924944306924 0.47472571176753076 0.5371782789639673 0.38600371638674597 0.6838165981489371 0.6472471364335888 0.8528742111485731 0.6119233833319705 0.578016487036289 0.5268441971072323 0.4620871813813245 0.6137232480250917 0.29691935592138463 0.39421289779754104 0.5362367803485732 0.5066339602522385 0.45826866899828544 0.593733066873901 0.46915135668438024 0.3931085305268195 0.6861885667063469 0.595208915115393 0.6989070182438947 0.24295810852238672 0.4288291174897647 0.5107759498023324 
0.3526904801944295 0.3564925064581482 0.6115593028243463 0.37909208799995936 0.46085895787263864 0.47472571176753076 0.6382459041813306 0.38600535868873986 0.5231079737015732 0.6564103844537048 0.8520385144445354 0.6343945042362157 0.582315326204014 0.5909776926596935 0.43667392447052095 0.6143616762941924 0.291710922686234 0.39417481432553586 0.5200649327184377 0.5142389171866086 0.5913982019752765 0.6009074281376066 0.46915135668438024 0.39311082739250625 0.6938209449038708 0.5816294867730378 0.699919068102913 0.24295810852238672 0.5303666529350486 0.5108143377719495 
0.3533879844288851 0.35735100934497954 0.6115593028243463 0.3792064453550448 0.46603924944306924 0.47472571176753076 0.5772862868580585 0.38600535868873986 0.6853523486947254 0.6472471364335888 0.8528742111485731 0.6119462811252474 0.5112808718855116 0.5269351956389988 0.43667392447052095 0.5652549112237869 0.2936920258807801 0.39421289779754104 0.46634452356196365 0.5066372515077002 0.5201531729822976 0.5958988137236586 0.46915135668438024 0.393110972368652 0.708962064322803 0.595208915115393 0.6986612488169394 0.24295810852238672 0.5407695478249898 0.5108143377719495 
0.3572109859488099 0.4534175856729157 0.6127445759401765 0.37814390734023334 0.5826236372755808 0.4999289602571333 0.577228555310418 0.357244293866136 0.5401866962020859 0.5960345565489936 0.8520753153036441 0.6121921861996938 0.5112730612520645 0.5914016100607066 0.4349790732269052 0.6590549897051896 0.29325810829250815 0.39422687431229647 0.4669695484965933 0.5065471676774421 0.5225614871625832 0.7063626928681612 0.46909982369066716 0.39311097291542557 0.716908108497064 0.4637895044965603 0.697558394345203 0.24296172135314423 0.541001542048004 0.5109238599080973 
0.3596288119759952 0.3565453823768361 0.6127246631909453 0.37920640850895854 0.46603524577373817 0.4747207183040671 0.5642939079255508 0.38993496739958156 0.6745672126573785 0.6475290509437445 0.8491369124427366 0.6119462811252474 0.5478949559331807 0.676876113161215 0.4623500943023417 0.6166066357278759 0.3280877691291585 0.3942320798682605 0.4662608147771363 0.5088683722479534 0.5886691872911497 0.5958989811561282 0.46915135668438024 0.39310850103024053 0.6861633141115264 0.5952095828472556 0.6988019111489767 0.2429613528390182 0.5497339981605317 0.5108143383379209 
0.3642655073935854 0.3595782962339652 0.6164361975559941 0.37808263856422936 0.4607349398440976 0.4756172769263452 0.5768792723261758 0.38579867854519057 0.5862595061965241 0.5963464666887703 0.8464994949886093 0.6276124930034628 0.5145396270475892 0.5913878618970787 0.5774213189372644 0.6165910901344827 0.24241602787043673 0.3968324503050984 0.5370780490220971 0.506820740272415 0.5903085788589281 0.5895889383387134 0.46900166097245055 0.39582678311582703 0.6841997059566503 0.5828067516422442 0.6999116263309962 0.24381957596271134 0.5977102824382281 0.5107382075294534 
0.36896554370618784 0.46775252279162505 0.5042461396270194 0.351408140016624 0.6995209221237794 0.44309553815081665 0.5608165212546817 0.6277777518533149 0.4953002407567192 0.6418624371051276 0.8632037167970148 0.6318066580675773 0.5115265423288928 0.66037259035504 0.5336420750603974 0.5134987990441451 0.3991841184997186 0.3989922246437176 0.5328308194603001 0.45655762880420053 0.4115747536575487 0.5797568121163247 0.5905444497189478 0.39496574868730133 0.7170782681910359 0.40089153877204686 0.6975110882231395 0.22243575836200025 0.5803293702081995 0.5017531206867315 
0.3735374892371924 0.3675012171000813 0.6171344395427635 0.35198957581400336 0.46276839995584657 0.4432349892540528 0.5766807511194416 0.600149288326336 0.5436128851667142 0.6441969395601562 0.861241883610135 0.6124695602547395 0.5143777404550984 0.66037259035504 0.5336712644267906 0.5562012366860393 0.24363686844124266 0.3990312617240077 0.5077721049569043 0.5312404848307279 0.4115747536575487 0.5797568121163247 0.4706125017317388 0.3931084680355417 0.7188803515951083 0.5853962774581981 0.6565523160321853 0.30865242983207447 0.5420131219670241 0.5022337309151663 
0.37592676916576084 0.3592806996657467 0.6183490583794021 0.37902776324916204 0.4607327085692988 0.4756172769263452 0.6384112172681281 0.39473875077021636 0.529758531806935 0.5963040055024278 0.8490898813586589 0.612613869112057 0.5145396270475892 0.5893538651189539 0.5748671962606217 0.6148534259565203 0.24212297943355474 0.39419545391041216 0.47510711756955504 0.5365227552375037 0.5906629767219611 0.5895889383387134 0.4677615523837097 0.3930699358831552 0.7087906813695581 0.5819999582170294 0.6989182368104323 0.3044182119463489 0.5398854125682406 0.5108253708751164 
0.37816071661364065 0.3592806996657467 0.6171343113548948 0.37808263856422936 0.4607327085692988 0.4756172769263452 0.6386151098565571 0.38940319181337496 0.5862595061965241 0.5963464666887703 0.8464994949886093 0.6276124930034628 0.5145396270475892 0.5913873260564378 0.5774213189372644 0.6165910901344827 0.24241602787043673 0.3968324503050984 0.46963910117496604 0.5301711981850052 0.5907895871082958 0.5895889383387134 0.46900974848758603 0.39582678311582703 0.6840229836191588 0.5828067516422442 0.6999116263309962 0.30518529385483795 0.5494027590356992 0.5113696153022743 
0.3851797376099757 0.44388645192705606 0.6171240005459344 0.38726259023665405 0.5797062596611265 0.47712767479124096 0.6379197180422538 0.6305213547130644 0.5347778326282028 0.5967314452098598 0.8464619229993186 0.5270130384056173 0.5113014376912296 0.6286709152879861 0.5257820843000472 0.659264211826609 0.2452352168316848 0.3942257053115755 0.4685602038941977 0.5365319935209382 0.520374755251991 0.5894771889600565 0.4679950355715143 0.38959931551398386 0.7168129158119838 0.4000059592597784 0.6975110882231395 0.305148756442417 0.6145378926060991 0.5021031431044168 
0.38830164679428475 0.44400971383293303 0.6171240037535756 0.3862956538338165 0.5803983770118255 0.47712767479124096 0.5304275451898874 0.600850632503909 0.6689409787520255 0.6472434950955649 0.8464672639537797 0.656898839188548 0.5112523328977044 0.5651996624853035 0.5257846926907136 0.6597840258538401 0.22748387468696843 0.3942257049934908 0.46839812524322477 0.5239350184506508 0.5201003781418584 0.5894771889600565 0.4680237405794797 0.3895989056764698 0.6178136157597203 0.44374885950111365 0.6975136562211456 0.3051827367366587 0.6144969379144705 0.5021034145215033 
0.39121387301489896 0.44388645192705606 0.6171240037828799 0.38726683890714864 0.5792437883202753 0.47712767479124096 0.6379197180422538 0.6305213547130644 0.5335602573009895 0.5967314452098598 0.8464619229993186 0.5282440083112185 0.5112998097614597 0.6286705506313572 0.5257820843000472 0.6597826634160416 0.2452352168316848 0.3942257052743605 0.4685602038941977 0.5369579723605179 0.5203733050052349 0.5894771889600565 0.467994120420544 0.38959890200799996 0.6178918878722524 0.4000059592597784 0.6975110612377993 0.3051832499428904 0.6145378926060991 0.5021031431044168 
0.41973316736812305 0.44386471803758454 0.6171240458437287 0.3873732340965838 0.5804594323319091 0.47712772626086636 0.6389929078566718 0.611142162728042 0.6730174060414184 0.6472434950955649 0.8464617426042799 0.5227572790080581 0.5113002187471722 0.6275144523763182 0.5270279964689889 0.6597840258538401 0.6224695171271997 0.39422572015485113 0.4683924891921662 0.5372374414051964 0.5201000788674321 0.5894728009551494 0.4679941044935397 0.3895979623864496 0.6178153334465061 0.4000059592597784 0.6975136536676655 0.3051827367366587 0.6144969379144705 0.5021032982309589 
0.4233066408495113 0.44292554827931807 0.6174371150542052 0.5073101017991868 0.5895166896810028 0.47709565076952615 0.5770846505193554 0.6462212585588636 0.6553004821673212 0.6472438368536385 0.8463655573797162 0.6116140306822682 0.5112523328977044 0.5632392516578067 0.436728675466676 0.5191972324828505 0.6202659531983569 0.39679241676463006 0.5090932508800184 0.5331472061350518 0.5197577422358383 0.516795276373031 0.49178057707888206 0.38933585900656004 0.7132180644620619 0.5854517854787339 0.6531597366920114 0.23988962504694356 0.5667223866270779 0.5018530374932978 
0.4255820184512965 0.4439961814295832 0.6171275333881503 0.38736478714323186 0.591341537121073 0.4771258763984209 0.6389876119784457 0.6005071232884793 0.6553601935793832 0.6477161502561434 0.846465925286641 0.5198565448820862 0.5112523406213615 0.627520731671295 0.4352259075827364 0.6543188088369741 0.6227751295433828 0.39422714422893124 0.4684608555371865 0.536081318906712 0.5200922167928376 0.5894749473994206 0.4680236568989809 0.38933585900656004 0.6140015317777299 0.5836954879277317 0.6531597366920114 0.3057973606071561 0.6144875282752409 0.5020953019126344 
0.4314125194844193 0.5087902075796552 0.617127569447543 0.3850163080575321 0.5880696811618524 0.4767162543519517 0.5757148889980146 0.6020157109903774 0.671280839827232 0.5136138845401134 0.49421008154644563 0.5247157435973167 0.49441788706227363 0.5658827635835141 0.4326181171270108 0.6609414220832043 0.49190407694172966 0.4617593540091813 0.5056788701749212 0.5239966226422116 0.4842077466191185 0.5022655408656616 0.5199379053576737 0.500914374213741 0.5096378592799043 0.5860100925234294 0.5045505141363764 0.3057941091423748 0.509583684776567 0.5020953019126344 
0.4330871499723706 0.44653550081574567 0.6171462479131907 0.387457278524124 0.5891664630195091 0.47672673157487266 0.5896741432303856 0.6007016171731406 0.6687211189469958 0.6448240441592837 0.4902973621367932 0.5249568805513345 0.512362589247855 0.537760817028566 0.43610669659371215 0.5743860688233685 0.6226133024810784 0.46608997698343335 0.5030737443942388 0.5233392296926617 0.4844271370752276 0.5854234662273848 0.5207132119206982 0.3852970967569077 0.5098505303724702 0.5828361487304132 0.6529661026592294 0.3057941091423748 0.57030190718436 0.5074351526392129 
0.4398570770021347 0.5035562027711623 0.6592009763841399 0.5109198114032448 0.5164323918069095 0.4767461778111247 0.6412643299818281 0.5056570683543691 0.5757008188040963 0.5577488319663889 0.4992661847995535 0.5165882647150388 0.5073758476554695 0.5395133016738364 0.5338611571278938 0.5667613725089801 0.4937821139034107 0.4703149277830274 0.5053091347244775 0.451733084223261 0.5679361120173373 0.5034215927054391 0.4412811628530021 0.5035154040459173 0.5090412485640978 0.39756139315363875 0.504256719831793 0.501064875135259 0.508032923206444 0.5075916540584522 
0.4434247840149993 0.44291700673900747 0.47541609204551893 0.507310101801709 0.58937788144391 0.4773283352918633 0.5893966519570625 0.6463403473038128 0.5785422691080095 0.5578002751252055 0.5764586698145157 0.6343205113914303 0.5083696953557677 0.5632394147585544 0.5345998327609129 0.5667691713000438 0.6228367545073459 0.47056100795174016 0.509093250973244 0.5233386469125144 0.4847413515486692 0.5162621980148788 0.4916543309502705 0.37469889815912827 0.516649775512323 0.39397796683984454 0.653615932919941 0.4712030678219182 0.5668101426545237 0.5017448166281692 
0.44738900321336134 0.4438322327731658 0.6178129177277021 0.4955304989561194 0.6992916053321542 0.479644486664034 0.5120350748693312 0.646350813941868 0.57835786056061 0.5968133512011992 0.8589540552722432 0.6370055026744371 0.5081718169640783 0.6283638484852258 0.5345172576175424 0.6504541531061837 0.6228370642268989 0.3921064985717044 0.4919179037633327 0.5231352026544983 0.48474134569461924 0.5162625690958614 0.47645553121049994 0.503488082561439 0.6816470056142389 0.41772016159316894 0.6488182728348824 0.4708360009505791 0.6160187265578179 0.5017448851282291 
0.4492715806534885 0.44293098842019885 0.6178229709262537 0.5113017839362767 0.584783870739313 0.477328053490696 0.5148264348806607 0.6463402178817483 0.5772562585731603 0.5578026391417891 0.5820086025563747 0.636707335584138 0.5096160032730971 0.5937188207548376 0.5345172576175424 0.6539155090564808 0.622884357307495 0.3929803424287276 0.46684808183928833 0.523338823713074 0.48474134569461924 0.5162625690958614 0.47645553121049994 0.5035964597430206 0.6007801335858521 0.39397796683984454 0.6973449453892056 0.4702973408549005 0.6160187265578179 0.5020076784431864 
0.4558557089815728 0.44292554827931807 0.6175088738884492 0.5073101017991868 0.5893780422753184 0.47732833263584645 0.5896739334713893 0.6463403362178903 0.5772548811297312 0.5578003793165154 0.5764586698145157 0.6370055233878937 0.508250874298992 0.5632394147585544 0.5345998327609129 0.5667691713000438 0.6228356956951008 0.4704761596733119 0.5090932508800184 0.5233385431157963 0.4847413514985107 0.5162625690958614 0.49178057707888206 0.5034921174231034 0.6007801335858521 0.39397796683984454 0.6536003196124319 0.4702991725339559 0.5668101542389901 0.501744894189476 
0.4609409226118186 0.44302460050222914 0.6174196760054642 0.5109219474045897 0.5892863488318766 0.4758098410862214 0.5890369029954183 0.6462338944125332 0.5845096128985596 0.5585530068247353 0.5757453414216385 0.6430383716113437 0.5095037871693759 0.5030466280590846 0.5339330588558754 0.5659461951357676 0.49483636214533366 0.46202840551169616 0.5659147397277708 0.524303876344369 0.6811165239910442 0.5162625690958614 0.4688001699162842 0.5038852969597626 0.6008114719370304 0.3979031766138269 0.6493931550683427 0.6069921072387908 0.6639339576494996 0.5076126362026958 
0.46502927091832974 0.5035948150556067 0.6594640394520574 0.5109998684380186 0.5167607476840501 0.4767333509437249 0.5896739334713893 0.6486216480639327 0.5833449255902672 0.5578003793165154 0.4992523186497105 0.6360291322292048 0.5481553016712589 0.5378074642540432 0.5345998327609129 0.5649104479630955 0.6244147519179984 0.4704761596733119 0.5029955702365989 0.5233428550123529 0.5049400595141452 0.5162625690958614 0.4689003250212032 0.5034848970950702 0.6076127737186172 0.5073527066861078 0.6361432704036024 0.5818344521742719 0.5704027855095747 0.5052151602197541 
0.467883232240182 0.4429433565803284 0.6171462484218726 0.5109998091479503 0.5893820834617971 0.4767333509437249 0.5896739334713893 0.6464844501384603 0.5833449255902672 0.5578003793165154 0.5764587611814733 0.6376409889379189 0.5486991374753427 0.5383231005604782 0.5346357596118795 0.5658396725491589 0.6228240706967115 0.4693653279612466 0.5029954373354184 0.523988352787228 0.5161965084491029 0.5142896492223925 0.4689012563990733 0.5197136959791241 0.6076101555105616 0.5079032167359661 0.6357438661829686 0.6031705453792686 0.5704027855095747 0.5074339003340225 
0.46899319079999907 0.4429433565803284 0.6171462484218726 0.5109998091479503 0.5893780876444943 0.4767333509437249 0.5896739334713893 0.6463388393638677 0.5833449255902672 0.5578003793165154 0.5764587611814733 0.6376409889379189 0.5486991374753427 0.5378074642540432 0.5345998327609129 0.5658396725491589 0.6228240706967115 0.4704761596733119 0.5029954373354184 0.5233428550123529 0.5688357008970301 0.5162625690958614 0.4689003250212032 0.5034848970950702 0.6076127737186172 0.5079032167359661 0.6361432711946833 0.6031705453792686 0.5704027855095747 0.5074341399450096 
