1.09253623045754E-5 1.0016404735229587 
0.010083101562775903 0.9916251173748868 
0.020245993712722267 0.9810851457401434 
0.030294549549770754 0.9711433392309272 
0.04041305057059381 0.9608437016457652 
0.05049250461094839 0.950732224707847 
0.06058294685874472 0.9407656170972362 
0.07066058681845103 0.9305991326383835 
0.08085275557722289 0.9204353880669109 
0.09087458495923952 0.9106082590227494 
0.10105214136608197 0.900179333699527 
0.11105729047418053 0.890211864123463 
0.12121589145577878 0.8803951629110089 
0.13136344585899273 0.8704647777693428 
0.1416207001971621 0.8602006875103483 
0.15259494999344236 0.854047093015042 
0.17655303152342774 0.853606423323395 
0.18268865109475915 0.8534348486990573 
0.23779976535679803 0.8515305220853215 
0.2984446751868649 0.8423825625687138 
0.314211802232387 0.8394897918063108 
0.32210676498835955 0.8251481673030852 
0.3369608421918174 0.8147053797841071 
0.350797453597112 0.808400089090804 
0.35766420883397293 0.7867396735277983 
0.3688956670237544 0.7723719919795067 
0.3766605232925738 0.7547022000027431 
0.3799833956478722 0.7279450759964878 
0.38282288820682375 0.6714617091421382 
0.3839617208631203 0.644702607486658 
0.3877573165513671 0.6240183648966933 
0.3983529643302221 0.6144901796192188 
0.4095172444798506 0.6057090180776331 
0.41958979537839314 0.5951169979399236 
0.42661824302873175 0.5801569132417739 
0.43929248701752044 0.5736943104972989 
0.4469273188936239 0.5600601614006221 
0.456701102990173 0.5495480984045749 
0.4672425687341261 0.5398689353379625 
0.47647706555815644 0.5284845528998339 
0.48712615417457583 0.5189565109684554 
0.49696190048240124 0.5086087770392006 
0.5068126478252125 0.498227966797766 
0.5168163962788599 0.4879127368557446 
0.5273666333568926 0.47818339389006387 
0.5377889478479584 0.46836605819543803 
0.5477375861787552 0.4579941046969491 
0.5576812639839848 0.44770948714695785 
0.5678403503881535 0.4377089459655244 
0.5780142748870898 0.4274567376192946 
0.5897842237672004 0.41845548834594953 
0.5986581426414824 0.40731026634565926 
0.6078976006503118 0.39664043401766463 
0.6182277939820549 0.38676686198531635 
0.6427204909998314 0.3851129383786384 
0.6464212939452355 0.38224369580907214 
0.7276867582721924 0.3820990184997439 
0.7371704500929549 0.3753221157795935 
0.7908728255416235 0.3623208740076453 
0.8144153962480397 0.33905763032743047 
0.8333738749937476 0.3302062349598294 
0.835142359576429 0.31403488626864584 
0.8470359656601644 0.28762890538164515 
0.8471958958182833 0.27279659076232 
0.8522067407750871 0.24511929136525493 
0.8545015953628514 0.1787408810820022 
0.8545476705920736 0.15414627406046572 
0.8595153271425822 0.14318316865135122 
0.8696643179969138 0.13297252910628127 
0.8791678182483205 0.12286756030204775 
0.8901486361034016 0.1127875521235081 
0.8992897643121334 0.10247893301590544 
0.9092213083220156 0.09253587080648223 
0.9190352994877304 0.08231048253742522 
0.929443103375823 0.07224323132073288 
0.9395512054693194 0.06227814943394769 
0.9498801305848384 0.052037941195307025 
0.9610855080922774 0.04202207899227637 
0.973592616609538 0.031743128515191614 
0.979943534269292 0.021660829781965225 
0.98988275576747 0.011620267661869873 
0.9998568823136373 0.001514504533015423 
