1.09253623045754E-5 0.7612328608958878 0.9250165591100199 0.8324417200066867 0.886678118971169 0.8524528462600592 0.8695513867228156 0.8712860578456598 0.8563832864998367 0.8836837992240723 0.8487998836745082 0.887546160386831 0.8402594497663198 0.8891054468382729 0.8513866609886992 
0.010083101562775903 0.7727701733022687 0.9263418970364728 0.8324386340469048 0.8866825848084138 0.8530946185940729 0.8695505123462274 0.8711548548685665 0.8563833229705914 0.8836654998513735 0.8484959002299285 0.8880722190023598 0.840314691434675 0.8892178679243165 0.8446154866051662 
0.020245993712722267 0.7727711901114475 0.9262712728924789 0.8324450342264442 0.8866782037589579 0.8530988946119584 0.869550307140789 0.8711866790157218 0.8563789604032799 0.8815799929993441 0.848505865982072 0.8880789659302982 0.8403145264012656 0.8891800471604976 0.8512254653592657 
0.030294549549770754 0.7727744787861942 0.9263418970364728 0.8324416147993312 0.8866833457811067 0.8530947878570707 0.8695514003855785 0.8689933738810194 0.856383625693314 0.8836053665769661 0.8484956701095864 0.8880426295997533 0.8402596936157908 0.8891673446359122 0.851409901079732 
0.04041305057059381 0.7931518807294574 0.9125530498447972 0.832872217315212 0.8866782598662403 0.8529260640349728 0.8695445197527859 0.8675109139654839 0.8560588323662601 0.8871495176433793 0.8411542612432494 0.8938738908881437 0.8403053054441197 0.8891370162672015 0.8430712089464738 
0.05049250461094839 0.7973297359072515 0.909616972411695 0.8339436270087349 0.8865553831689124 0.854352543148646 0.8695504449470942 0.8713885683437823 0.8561831513833676 0.8871329261099026 0.8416901532076638 0.8843781276945817 0.8403119772177122 0.8892182739565879 0.8431307521363512 
0.06058294685874472 0.7977064005755163 0.9097324588666529 0.8323596019714335 0.8865553243065194 0.8543525481126952 0.8695486330175258 0.867542451090898 0.8563883059364019 0.8870767908546233 0.8420048633002437 0.8843732760677824 0.8403108720669897 0.8892387879295518 0.8446218397810217 
0.07066058681845103 0.8163020355191654 0.8986070970973281 0.8340911946941566 0.8867163198081675 0.8543479824408258 0.8695485965622816 0.8689279130329608 0.8560597562227313 0.8870801415057143 0.8411525833093761 0.8926726818892634 0.8402598970864933 0.8891632978482658 0.8426904147624518 
0.08085275557722289 0.8191379769808596 0.8986084281842803 0.8340155446325561 0.8830179837732609 0.8560894106847424 0.8694607348868761 0.8674905321222343 0.8560597964452313 0.8840210591832812 0.8410076713392836 0.892643398058981 0.8402587611148876 0.8894418070946741 0.842568753640742 
0.09087458495923952 0.8221926184764142 0.8987892037904299 0.8343344271871246 0.8865593120820211 0.8543786975611559 0.8694556439126636 0.8675161105427585 0.8561914932495657 0.8870829039804752 0.8410052125129138 0.8939007016080879 0.8379206256897718 0.8894377933672437 0.8503811260940292 
0.10105214136608197 0.8441069805693264 0.8820650935918048 0.8482179359562384 0.8783219860948919 0.854416704943187 0.8694659852919615 0.8675425882357859 0.8560578238619534 0.8839415094597075 0.841559024418817 0.8963592575432106 0.840287460244486 0.8894711568803161 0.8505921418964253 
0.11105729047418053 0.8438639502081245 0.88292202188148 0.8478230577655554 0.8789724850431138 0.855942456468274 0.8713747379930106 0.8676645901579446 0.8554176559828277 0.8868782016294757 0.8414781646723682 0.8963388012592637 0.8402919236336038 0.8891470468997434 0.8505193508029083 
0.12121589145577878 0.8427493155147927 0.8823304280597463 0.8482215919949172 0.8783280496344353 0.8560896039900537 0.8694504199555652 0.8707406674321864 0.8512102510820175 0.8839594775980752 0.8410063313610703 0.8963387660342984 0.8378555226274913 0.889424281792007 0.8502582560786722 
0.13136344585899273 0.8669233069241442 0.8824334037469092 0.8479655245469564 0.8787265822935126 0.8560804489119752 0.8685809731658465 0.8709474749719864 0.8513050999215415 0.8867774199347801 0.8414393019497378 0.8963396048805408 0.8366731814747732 0.8859952606670357 0.8510840810704094 
0.1416207001971621 0.8669241869534265 0.8824334193089093 0.8478245298980741 0.8787248904205712 0.8543331372111899 0.8695700935338204 0.8709182120764801 0.8562826672890638 0.880773567238113 0.8414363941993056 0.8940537587288097 0.8366873033949092 0.8902175570454582 0.8501634891229541 
0.15259494999344236 0.844113537237282 0.8823355312711805 0.8472380527386494 0.8785898556475559 0.8543349147287004 0.8696259744356831 0.8709182124594561 0.8563706364953111 0.8809901431607648 0.8414363253725743 0.8940547704361711 0.8367426122678836 0.9165202154233899 0.8510090693858887 
0.17655303152342774 0.866308730658127 0.9547101728039861 0.7968477218226007 0.858606817725947 0.8968265043606135 0.8639952434974767 0.8888282726870648 0.838922584849255 0.9052666529590675 0.8073352699841406 0.8957446054001718 0.8373447090851576 0.9052799666742962 0.8463216077178501 
0.18268865109475915 0.866308730658127 0.9547101728039861 0.7968477218226007 0.858606817725947 0.8968265043606135 0.8639952434974767 0.8888288037087713 0.8785357972478983 0.9052666529590675 0.8073352699841406 0.8957446054001718 0.8373447090851576 0.9052799666742962 0.8463216077178501 
0.23779976535679803 0.9964506945870335 0.7961747768443085 0.8237003059191728 0.8367851548895983 0.831706383001416 0.8698570252341392 0.9411438927037618 0.8378353137005978 0.9053437133126803 0.8833860486671372 0.7733311043602318 0.8374398828791284 0.889233566891476 0.8405779953048927 
0.2984446751868649 0.9730413817823413 0.9384818902826717 0.7025421588085238 0.8291261173819351 0.8936635020869457 0.86986438015424 0.8886754120788826 0.8130165205196738 0.881596154318689 0.8349484824354286 0.9804506642120936 0.832299761985408 0.8906090774870787 0.8402355630162864 
0.314211802232387 0.9795387988433848 0.9329221212419663 0.7019827136804349 0.879312507459976 0.8680928178298941 0.8044265854433157 0.9369284546938902 0.7687525556005077 0.938732123891097 0.8338231579538773 0.8845816384797419 0.9372459882452157 0.890750541026325 0.7450351337632468 
0.32210676498835955 0.9892317197494908 0.90263268028824 0.6944543237212568 0.8520451131948736 0.8993002657628677 0.8744258187860483 0.9271931068957571 0.8122120504345631 0.9351159715412471 0.8180101484851959 0.9990623737625499 0.8047263562592498 0.9022409555324007 0.837260207849838 
0.3369608421918174 0.9744362625273408 0.8290388960944023 0.7028524825040211 0.8780619447264388 0.8779301562098673 0.8112594089907653 0.8924516852252199 0.8135858224183814 0.903691683039313 0.8340031539610466 0.884850830030562 0.909000024087715 0.8869753795029415 0.7061608960210303 
0.350797453597112 0.9730035228909015 0.9383617463642234 0.7025392440274507 0.8791988478256288 0.8771223797345588 0.8027546078879896 0.8924840102052644 0.807548088678646 0.9035202814342199 0.8186257926593633 0.9808074429641264 0.9102962222156118 0.8906691701374108 0.8532932489957966 
0.35766420883397293 0.8182928023875059 0.900221687523686 0.7005370531467531 0.8780477766302923 0.8775068284160571 0.8795443447238275 0.8924750918139834 0.8075318537763116 0.9378179768021437 0.8362239624068875 0.9287410462770094 0.8313204632698317 0.7952190531178623 0.8536204155171991 
0.3688956670237544 0.9801352345267127 0.8323493416837753 0.7998608744184743 0.8791760686526714 0.8286221208029941 0.7593817592098334 0.8790152341878369 0.8090040615396772 0.8896592598334996 0.8012450014002842 0.8912966833091264 0.9186954698034768 0.8900616259490177 0.6994495482936278 
0.3766605232925738 0.9882283920681194 0.9405999482019964 0.8479288472609589 0.8520451131948736 0.8993002657628677 0.8744258187860483 0.9271931068957571 0.7758352602728674 0.8491105203376752 0.8180101484851959 0.9990623737625499 0.8121406616679461 0.9135681738637064 0.837260207849838 
0.3799833956478722 0.9822650245229528 0.9370375547854477 0.8213223123142427 0.9028066166147212 0.8284307137062646 0.860871525801899 0.8697269137884471 0.889648280010959 0.8887381815148641 0.8434486042401095 0.8962516915506796 0.8264069320009643 0.7701872285598848 0.8502594241503267 
0.38282288820682375 0.9921622551833604 0.7989487411229733 0.899608300034096 0.8126777173267437 0.8715484232712487 0.8755184784579597 0.8893853260371215 0.7832230570845952 0.9026266751263169 0.8172573304873216 0.898176343336384 0.8088270395288976 0.886530289197519 0.9775533181775411 
0.3839617208631203 0.9928052543841704 0.7989520056776831 0.8466360906091832 0.8590865617173894 0.8651665044707741 0.8755184784579597 0.8941294722098426 0.7832230570845952 0.9026266751263169 0.8172573304873216 0.8981461469159967 0.8088198439094632 0.9311765106245041 0.8341616826322209 
0.3877573165513671 0.9529657036675007 0.7989488680550102 0.8840862145204634 0.8568623283500838 0.8775068284160571 0.8444669424650619 0.8892592180702366 0.8628109528346951 0.9011227170301176 0.8351768704151127 0.9280302339244835 0.8270572190597025 0.9186841548145073 0.8204305426983239 
0.3983529643302221 0.9835762728292209 0.7829511975717878 0.8721915179072154 0.8572365383751729 0.8775212393540813 0.8649860672779182 0.8946013008909744 0.8098978413342897 0.9004964103053965 0.8361920990226495 0.9274421057948945 0.8155663451829154 0.910261195879683 0.8337175200413566 
0.4095172444798506 0.9535590881258815 0.8347476581509911 0.8466862404443306 0.8825637408879259 0.8776555623189308 0.8419539517934839 0.8882622013947029 0.8314236147347691 0.9025174380918568 0.8173399027218223 0.9276200048264331 0.8088751099504535 0.9181477502405125 0.8283893264303411 
0.41958979537839314 0.9819281273485779 0.7779182960449778 0.8869690945430793 0.8551322864787176 0.8449296899015399 0.8428835494815088 0.879620309148946 0.8181142001713909 0.9315753220180172 0.831147211256311 0.8985268436415019 0.8192384885100308 0.9105900455758456 0.8325014660743572 
0.42661824302873175 0.9823268995511534 0.7849249267373122 0.9100279601278335 0.8541075943043224 0.8704052615523262 0.84153160820724 0.8923153943535139 0.818115922023596 0.8986791258697838 0.8404019352712409 0.9055717426831067 0.8155822267463451 0.9106211734715473 0.8235132143101236 
0.43929248701752044 0.9839387256032477 0.7807386177118096 0.8998140044192368 0.8361469041948064 0.8706049290011645 0.8418633688184035 0.8922499147375025 0.8188616917741601 0.9307859991331492 0.8355218793188014 0.8976462763787803 0.8456716771977433 0.909288361280309 0.7916142374646872 
0.4469273188936239 0.9839387057024565 0.7779673773055241 0.911062749320944 0.8602003029786914 0.8542320150619338 0.8437038523729634 0.8920093013951766 0.840554871840626 0.8952423210882005 0.8344042556014568 0.8982077027155173 0.8470456405896686 0.9017252483628202 0.8368504829953008 
0.456701102990173 0.9763543504548209 0.7849499309693267 0.9135222908928615 0.8542076522942333 0.8974485472231575 0.8436547672919151 0.8922968143449012 0.8315693640834887 0.8980391510594578 0.8401801723237946 0.9050915058285739 0.8156769723714608 0.9099253357449751 0.8323651158347001 
0.4672425687341261 0.9841297901693902 0.7673266767511464 0.9095975581062802 0.8270695873384323 0.8737871728471212 0.8509529237914623 0.89225177276297 0.8302891231064571 0.9041739913155541 0.8559071821769827 0.9048906942845417 0.8189503167898026 0.909945781925471 0.837434126847682 
0.47647706555815644 0.9841297602328579 0.7675591116477453 0.9108971481944993 0.8543229963215352 0.8703424599651524 0.8509529237914623 0.8910965349012576 0.8319362510605112 0.898329543102054 0.830658599594505 0.8978429325122501 0.8189448736988889 0.9053483496486977 0.8372764086588829 
0.48712615417457583 0.9839241776023766 0.7845785823037268 0.9095911639624978 0.851250463227275 0.8704140003913663 0.8509957523226179 0.8922428307204917 0.8196661904960708 0.8982111503383164 0.8348669240723018 0.9049980477921308 0.815677293415241 0.9099062642116681 0.8372975516935106 
0.49696190048240124 0.984024867060651 0.7792585058467721 0.9135192563439561 0.8544025136696763 0.8704289334982723 0.8436230941637456 0.8922474556592076 0.8313388533375735 0.8972700222222091 0.8350327975718055 0.9049398810659901 0.8158918851821239 0.9099062642116681 0.8370507067797935 
0.5068126478252125 0.9841297602328579 0.7673293713632953 0.9095975581062802 0.8271432264639889 0.8703410429210913 0.8509529237914623 0.8922505517935647 0.8319362510605112 0.9041739913155541 0.830658599594505 0.9050324293223209 0.8189448736988889 0.9052959624221177 0.8372764086588829 
0.5168163962788599 0.995601859191336 0.7659585379988296 0.9087979152870628 0.8271432264639889 0.8737871728471212 0.8509529237914623 0.89225177276297 0.8313729938129198 0.8981104605820868 0.8287921364882597 0.9049811797846927 0.818951828242748 0.9099296165815675 0.8373097678991345 
0.5273666333568926 0.9842795993292895 0.7791048651810061 0.8997056539970645 0.8544103441795308 0.8704263963333019 0.8436131315988741 0.8922474546147099 0.8313388445925757 0.8972736759874471 0.835060639652714 0.9049371864901097 0.8157247258566247 0.8921873965896728 0.8372931856656675 
0.5377889478479584 0.9841831485657712 0.7828649958653443 0.8919336675545401 0.8594913505419391 0.8704121172326517 0.8437182926986265 0.8922477018297115 0.8313387608124564 0.8979904780697484 0.8333588283246577 0.9049779177947356 0.8156828018592353 0.8930445078339664 0.8372836868982224 
0.5477375861787552 0.9775458119345717 0.7865129617286295 0.8997021623242059 0.8541912196427659 0.8704287708209222 0.8572233229218751 0.892247455540796 0.8313426804787868 0.905412605525629 0.8350848040551235 0.9017858512600812 0.8158881242857254 0.9096636808355834 0.837314869797338 
0.5576812639839848 0.9841169212791379 0.7823779866351169 0.8991598903223037 0.8542439934495623 0.8736245934635425 0.8436444414049267 0.8922505412551391 0.8319290199831774 0.9041720882001077 0.8308131797799913 0.9051113444417342 0.8527821755051288 0.8873115490807804 0.8372783757814348 
0.5678403503881535 0.9778347378002913 0.770525338643361 0.8997068944534224 0.8543894257971374 0.8725299952926915 0.8435837946810425 0.89230239653848 0.8319420151868758 0.9010147690986728 0.8309017773971389 0.906502385116939 0.8167918334252237 0.8921991470231382 0.8372776577132061 
0.5780142748870898 0.984185568022802 0.7823633206915581 0.8991809614990321 0.8549680125335988 0.8706148832782314 0.8498852412860779 0.8922722449523236 0.8313686746120904 0.8985301965485517 0.8306788323386038 0.905137860825339 0.8159216879957616 0.9168157197649077 0.8324115973569842 
0.5897842237672004 0.9835573010287841 0.7823622589848459 0.8996015897524285 0.8549381234868844 0.8717609002360609 0.8492083574169053 0.8922486597335118 0.8313912352411438 0.9045324568071428 0.8270464401495332 0.9246792516285134 0.8543516559343428 0.8805423750073402 0.849833464274074 
0.5986581426414824 0.983434936071222 0.7823051714170894 0.8996015000884228 0.840644492509264 0.8717358281331535 0.8571343987920648 0.8922768170501266 0.8313711086231168 0.9045292441784164 0.8270464401495332 0.9262602651236057 0.8159762141963796 0.8976440554682426 0.8498263947132398 
0.6078976006503118 0.9839302616443341 0.7824143150052483 0.8995921753870694 0.8366876753780196 0.8717816285218957 0.8510797338787053 0.8967255972283402 0.8314860363517342 0.9032099608228149 0.8308142956452141 0.905137647658754 0.8451152082223925 0.8929338207278504 0.8498163847269609 
0.6182277939820549 0.9772051888415801 0.7823051893624651 0.8996014986835346 0.8602122963443646 0.8717816285218957 0.8510496769925404 0.8922772006747949 0.8313712428823813 0.9045374888589892 0.8308142956452141 0.9050566382584151 0.8159219143447237 0.8979662117623446 0.8498265776724109 
0.6427204909998314 0.9797903557223934 0.8717424982446683 0.8469478918011009 0.8770932465578993 0.871654712144406 0.886597920244619 0.8919576832289637 0.8437597868072165 0.9037799758413319 0.8308036636636552 0.9050419545770818 0.8336713762074796 0.8930391647415654 0.8498306042620903 
0.6464212939452355 0.9797903557223934 0.8821470583853883 0.8469478918011009 0.8770840783123657 0.8723925845884808 0.8644004074913094 0.8669307822530549 0.8437597868072165 0.9037799758413319 0.8401281619578004 0.9050543017728074 0.8336713762074796 0.8930320249135021 0.8498306042620903 
0.7276867582721924 0.7943659829482888 0.9029564862412071 0.8564491276757703 0.8803477978202361 0.7994957036507349 0.8699827611186346 0.834069255189776 0.8326284327699022 0.8829808241843268 0.7555539282304735 0.9804765533192688 0.8336549174597435 0.9480131074213304 0.8507322812419128 
0.7371704500929549 0.7513314578785043 0.9071835549899173 0.8548891988306243 0.8858997996451875 0.8696745264209411 0.8699828108178421 0.8877809121084702 0.8318907513521846 0.8515549956198745 0.7554401040906483 0.9167941528294177 0.8284055192715585 0.8935756314026706 0.8507740345546998 
0.7908728255416235 0.7963489769373332 0.8826546198477737 0.8475471635765646 0.9072164621644379 0.822297442279701 0.7027369126382128 0.8677907147225034 0.8433706300379684 0.9061865259112395 0.8385858580439147 0.9804961559374087 0.8334645185919181 0.8945970639105935 0.8691774846369386 
0.8144153962480397 0.8178440768701638 0.8004581792124217 0.8476192757753209 0.9137188472614448 0.8410969135152114 0.6994547586770445 0.899603591873415 0.8326150682874119 0.8870087008776987 0.7449284460425215 0.9254303596482661 0.8105622508350028 0.8781758305084043 0.9291467195605806 
0.8333738749937476 0.8178440768701638 0.8818998800949953 0.7921075179345259 0.9133849183930656 0.8428576096596747 0.6965526851710487 0.9002398920838963 0.8313286352181904 0.8853288817032483 0.7444331761178392 0.9801479496900325 0.81086974894926 0.9491872104067544 0.929190643020037 
0.835142359576429 0.824891554927403 0.9061053364728316 0.8561470434842096 0.9120059532523574 0.9617805033815316 0.8680213981955247 0.8554939414881044 0.8836809224206286 0.8595054012900519 0.7449359745676339 0.8604623347962407 0.8265134621867918 0.9489964970615106 0.9298492222810957 
0.8470359656601644 0.8178440768701638 0.9046707605160833 0.8482987495695821 0.8567003200328391 0.8408215638590473 0.8722975585118409 0.8995843313828663 0.9375988226653044 0.8868738345068409 0.7447216364905324 0.8126534405237955 0.7919455541227681 0.8672657935069972 0.9182761496231654 
0.8471958958182833 0.8178440768701638 0.8818263574079913 0.8459257828435724 0.914551415178288 0.841096793497422 0.6994547586770445 0.899603591873415 0.8326150682874119 0.8870087008776987 0.7449284460425215 0.9254303596482661 0.811464072917887 0.8707288603939863 0.9291467195605806 
0.8522067407750871 0.8178427985012026 0.874463970294479 0.8267938117787276 0.9862046498496106 0.8715409740325728 0.8725606572334915 0.8537871350012606 0.9389702717992796 0.8870292928579314 0.8439314847999029 0.8125824904147905 0.8345142979135012 0.865208944629471 0.9188350378358745 
0.8545015953628514 0.8171505360826183 0.8999206965725057 0.8533252026874063 0.9156108221164438 0.8492944144406345 0.8723700047970401 0.8662681887927905 0.9356208038233279 0.8836862530533772 0.8416817887621189 0.8999654932278021 0.8343578199872765 0.8998583302395272 0.8529412578759744 
0.8545476705920736 0.8171616292538116 0.8997924064998656 0.8521868710966025 0.8862947961268377 0.8493858414388621 0.8723701232575894 0.8670103189440138 0.8482314366427162 0.8826271539644462 0.842803611918515 0.8998615315497245 0.8341241632623728 0.8883635637816185 0.851506503351437 
0.8595153271425822 0.8520674343524955 0.894145443476057 0.8455843544863476 0.8862817115479216 0.8532493190511583 0.8723814798768502 0.8696525993033164 0.8504719647647118 0.8852316682611479 0.8428101451731835 0.8917347399590293 0.8339905225146107 0.8879134559213345 0.8515783373268163 
0.8696643179969138 0.8583740417926953 0.894145443476057 0.8513118576399445 0.886283981597381 0.8530364578574069 0.8723814798768502 0.8669985093639716 0.8535299797147102 0.8863965196889161 0.8428101455362372 0.8884696178213886 0.8339790847418773 0.8879148739148056 0.8515787704586392 
0.8791678182483205 0.8520674343524955 0.894145443476057 0.8455843544863476 0.8862817115479216 0.8532493190511583 0.8723814798768502 0.8695334650729237 0.8504714224049592 0.8852316682611479 0.8428101451731835 0.8917347399590293 0.8339905225146107 0.8877960422786217 0.8515783373268163 
0.8901486361034016 0.8532940366685869 0.8997873670702953 0.8337776179628422 0.8864053432246513 0.8441936851728546 0.8725581908822747 0.8670197647434339 0.855696930949277 0.8843292952888551 0.8428347719071443 0.8917786607485857 0.8311322564877924 0.8878290575046085 0.8507196234937145 
0.8992897643121334 0.8329016191186405 0.893792103984468 0.8350940723616918 0.889902828075835 0.8530364578574069 0.8723957884063993 0.8669960344811766 0.8505709381962913 0.8864268027918021 0.8428101455359754 0.895901185896338 0.8340287209945729 0.8880795763317892 0.8515113534764482 
0.9092213083220156 0.817467877219598 0.8997880391382863 0.8347050588820867 0.8887246781489698 0.8439808135570868 0.8755639833193811 0.8665814770811765 0.855362062251028 0.8826318895362106 0.8428099936076263 0.888491949080771 0.836479257339365 0.887870953336661 0.8515944668725439 
0.9190352994877304 0.8230881970004378 0.8994869774968701 0.8337798833352992 0.8861265293396742 0.855480628814506 0.8725633675997716 0.8665707489068933 0.8589549730482416 0.8843292952888551 0.8428059382156949 0.892114897064656 0.8339962468878879 0.8878253576182488 0.851551339622385 
0.929443103375823 0.8230881970004378 0.8991826495112557 0.8335642353043193 0.8864420665736307 0.8419847938311125 0.8725673115056705 0.8665708516243514 0.8584431157078586 0.885549031005721 0.8427835656356455 0.892114897064656 0.8476432504206036 0.8884066767927749 0.850699604929558 
0.9395512054693194 0.8128242507539344 0.9069795585680984 0.8337073916642949 0.8899280273282405 0.8424786226135401 0.8716274884323294 0.8665463719155296 0.8527032684182915 0.884374171035406 0.8428635888570021 0.8960034652113268 0.8312957504101534 0.8880781147436319 0.8533844098973231 
0.9498801305848384 0.8119462169879805 0.8972837628422105 0.8353345398942427 0.8864842912868562 0.8554684855624494 0.8718008158915903 0.8665718026856596 0.8554327089175529 0.8855007802669922 0.8428365987716914 0.8933723666818545 0.8319474550543052 0.8878181180265243 0.8465486423940795 
0.9610855080922774 0.7580774174050161 0.9294000734852697 0.8170145280275539 0.9031824559564495 0.8407732272142653 0.871568776705067 0.867217992953679 0.855419913253379 0.886488084370393 0.8428088604225784 0.8889249503422061 0.8412653439711151 0.8891758735297491 0.853341834458192 
0.973592616609538 0.8186604039698018 0.9078806646630696 0.8260958952301659 0.8887648102130253 0.8420777586008009 0.8718807980420132 0.866549072807654 0.8554648102260217 0.8855431282060875 0.8427827567663874 0.8883470511210773 0.847727633081876 0.8884335836797933 0.8534103747891375 
0.979943534269292 0.758058280786856 0.9282484337427778 0.8265527574901816 0.8920751580925527 0.8549235169740983 0.8717441323539373 0.8665619949910848 0.855359038312169 0.8843759082560861 0.8430176399801157 0.8888226024568029 0.8412681883747316 0.8875443184863661 0.8540937349416432 
0.98988275576747 0.7589481240943431 0.9286653402211993 0.8265530327290598 0.8901620096878277 0.8416253781213952 0.8717487232329978 0.8672180580302701 0.8553153241246002 0.8826390610192357 0.8430176399801157 0.8888232030965908 0.8412684552030597 0.8875456070729923 0.8533640732299088 
0.9998568823136373 0.7526627835092686 0.9294319880399513 0.8168789862573356 0.9033257793972748 0.8410387752898635 0.8715479692325697 0.8671940610129997 0.8554646108955613 0.886515034595821 0.8429425872693956 0.8885956391951185 0.8411849761062759 0.8855933576805344 0.854086685730487 
