0.3000275129367522 0.9100270090018258 
0.30002731662241283 0.910027141374481 
0.300108087390923 0.9100217978619489 
0.3004334293569485 0.9097808788125342 
0.30087480482200823 0.9095308909565569 
0.30115166181508435 0.9094585311591282 
0.301327893440456 0.9092963063079428 
0.3014204139686569 0.9092873864246797 
0.3016029632814476 0.9092354778634614 
0.3017309943226994 0.9091100222853176 
0.30209604966531184 0.908957685295188 
0.30256267835962636 0.9087216207667618 
0.302599550472194 0.9087066523294522 
0.3030388396686867 0.9084986860514056 
0.30360933261617257 0.9081327804456937 
0.3038090901758061 0.9079695927852798 
0.30419548812819674 0.9077542812852019 
0.30457294267789997 0.9074065171468286 
0.30488573040536976 0.9073967519396148 
0.30526775496542435 0.9069556119955586 
0.30568444189156424 0.9067397833380285 
0.30598918814964504 0.9066654899679899 
0.3064355966811155 0.9063014263318004 
0.3071830711621914 0.9059817330218826 
0.3079190637505071 0.9057137708445495 
0.3085348241877084 0.905408126449325 
0.3090497765274632 0.9051144838964107 
0.30951207624885896 0.9048818480273016 
0.30952960813931985 0.9048465639153156 
0.30999444357871664 0.9045045002966052 
0.3100850433228185 0.9044426020972904 
0.3106164533400704 0.9038642824138708 
0.3109378833253434 0.9036323110850623 
0.3111174470094718 0.90360982569934 
0.3115208943644246 0.9032227221874928 
0.3116609419826293 0.90311003153496 
0.3116858165684358 0.9031097736876645 
0.31206638571431167 0.9028434076369277 
0.312301902825155 0.9026024035283138 
0.3123307093861068 0.9025893782798401 
0.31249707802875387 0.9025057256662403 
0.3126133158933531 0.9024027962727877 
0.31274173131914434 0.9023704459675734 
0.31301512983695406 0.9021499321117913 
0.31308222951674763 0.9021366974882483 
0.31319709748315355 0.9019900106665303 
0.3137972151905065 0.9017318625831028 
0.3138084579462624 0.9016724044656552 
0.3140243315758243 0.9015869731279761 
0.3141899117539042 0.9014572119538597 
0.31426871351641994 0.9013959380517177 
0.3145827515823488 0.901228466908255 
0.3148164637720257 0.9011141914653512 
0.3150706966542139 0.900980158527183 
0.31534317743416707 0.9008783637416303 
0.31535720748251955 0.9008749294751228 
0.3159337625403058 0.9007014538517982 
0.31596519230480874 0.9006120674286925 
0.31640752834266883 0.9005411481398989 
0.31643287481992094 0.900411960374477 
0.3165758239731933 0.9001940721667329 
0.3167626877402136 0.9001674694807787 
0.31681508096297273 0.9000573152524972 
0.3168704604357016 0.8999591758331575 
0.3173286332209724 0.8997119116764067 
0.3174302873954511 0.8995513302362352 
0.31765614744031634 0.8993258429538041 
0.31769340865302453 0.8992350390353999 
0.31825490011411484 0.8988263430017182 
0.31830564442872256 0.8988141174539255 
0.3186183969611246 0.8986090954890751 
0.31929362821785107 0.898216445399167 
0.31949595096077205 0.8980885483015901 
0.3208202701554988 0.8980855111612284 
0.3211904389331171 0.8974261162662277 
0.3212914114211299 0.8971073796836571 
0.3217151210807579 0.8968963392139312 
0.32174633062316293 0.8968427476816205 
0.32296947043938623 0.8964270906121261 
0.32316500264626563 0.896416960497606 
0.3231970126815459 0.8963253921859292 
0.32379145774638896 0.8959356945434797 
0.32406019431657035 0.895823773516443 
0.32410661542336455 0.8955930112854262 
0.32485743678339096 0.8947685809430238 
0.32489996154375855 0.894698558506463 
0.3253260692054135 0.8944747056186728 
0.32559794112757173 0.8942626607324925 
0.32607920243740796 0.893815318278323 
0.3272523380854399 0.8930297817969856 
0.328110350341246 0.8925928521551625 
0.32887434743831895 0.8924873857886759 
0.3296518424343613 0.8924117165711866 
0.3296796675145216 0.8922886473651331 
0.3297432753959018 0.8918399757064066 
0.3307852009012311 0.8912389227519973 
0.3311721041070952 0.8911096562007459 
0.33182815150301403 0.8905499018395683 
0.33188386738864734 0.8904302522308999 
0.33221288369891144 0.8900912468276863 
0.33282142771735196 0.8898221059961562 
0.33350885500560223 0.8890372076130167 
0.33438484764283416 0.8884892815620258 
0.33488494321245027 0.8882318433658566 
0.3353935250070238 0.8879388258633129 
0.3358897918519017 0.8877473797484557 
0.3359591029884827 0.887616596089788 
0.336853354893492 0.8871699317634748 
0.33738247021557466 0.8865391842864476 
0.33755145039302037 0.8863857693523373 
0.3379130838348794 0.8861372839351972 
0.3387115999357661 0.8856441544535593 
0.338732412489257 0.8855702295509535 
0.3397745733143885 0.8850676367638362 
0.3397912844265117 0.88490504322792 
0.33996030796675836 0.8847874227872546 
0.3404385258118345 0.884272850321506 
0.3406068924980809 0.8841585882658356 
0.34201560447540075 0.8833539389945431 
0.3421216864773084 0.8832586685492771 
0.34273253021708705 0.882915007048049 
0.34337816123396336 0.8827166204179381 
0.3435230718267826 0.8825901480760812 
