0.30000031495926704 0.45409195567633664 0.4554416942810365 0.4551706882631435 0.45372795618365436 0.45458175963377206 0.4541971965146902 0.4521678784590339 0.45385530396307533 0.4548035453750199 0.4527811606441248 0.45470114810644807 0.45421165518432505 0.45557216353059826 0.4538694956076619 0.45555623977788257 0.45623310261190403 0.4544909874147642 0.4542593315245821 0.454349520285892 0.4550348334773209 0.45405765687655064 0.45501172295968983 0.45559215200929554 0.45413274568482376 0.4534131266795789 0.4537494987520435 0.4550155448190589 0.4542202957244193 0.4547350516871821 
0.30000010952994993 0.45409644221772943 0.45544169428328746 0.4551705347391025 0.453707294621496 0.45458175963132147 0.454197196528206 0.45216787847573714 0.4538553191289522 0.45475735674513745 0.45278004903088026 0.45470110956753146 0.4542116551843234 0.4555721635305724 0.4542568848082086 0.4555562399164379 0.45623310240321097 0.4544909874147642 0.45426637307409423 0.45434952028993086 0.4550348334773209 0.4540576523737484 0.4550117282491783 0.45559215201095066 0.4541327456850613 0.4534131266795781 0.4537494987520435 0.45501554482077394 0.45422029572424566 0.45473498922806443 
0.3000539291378888 0.4540964455612104 0.4554363804098976 0.4563397202244842 0.4536936431859011 0.45458388142751954 0.4541815804089634 0.45216807521654373 0.4538520370393592 0.456533531679002 0.45588786698509903 0.4567666210911447 0.4542072054238952 0.45557215356107017 0.4542871383374832 0.4573500703816058 0.456265886930775 0.4544147570890761 0.45426600325274985 0.4543494649329692 0.45503494002110145 0.45550735023633 0.4550116088249655 0.4555922111510617 0.45416832613566793 0.45341312669270956 0.45377582178501463 0.4550155445827204 0.4542202984190314 0.4547360807097261 
0.3004077401827235 0.4540964422177335 0.4554416942328027 0.4551946499218875 0.4537291466310605 0.4545817596649846 0.45419719650503804 0.4521678784757399 0.45385565892560253 0.4565049756400123 0.45264356508294173 0.45469947044813314 0.454211655105334 0.45557216352756486 0.453870754554053 0.45555624428209524 0.45623311106849745 0.4544909874147642 0.4542663381577272 0.45434952028562636 0.4550348334696187 0.4540576518800569 0.45501171759984654 0.4555921519048367 0.4541677420484632 0.4534131266808041 0.4537494987520435 0.45501554482072126 0.45422029572375067 0.4547349889232967 
0.30083950568478535 0.4540963584982286 0.4552187712827153 0.45633968225641525 0.4536941259644072 0.45458167165755486 0.45419721779184025 0.45220372392087704 0.45390525228504336 0.45668025835964837 0.45588786698509903 0.45682313366045385 0.4542072054238952 0.45557215356107017 0.4542601538673573 0.4555563379956877 0.45623091611110167 0.4544147570890761 0.4542549213216146 0.4543492366791934 0.4550348334773209 0.45550735023633 0.4550117124835819 0.45559026833401733 0.4541327384015265 0.45341312669334827 0.4535559459638475 0.45501143819573425 0.4542202957245206 0.45473788543889265 
0.3010575077083768 0.4541045483522449 0.4554534690656015 0.45636943694304 0.4577425358405562 0.4545817598239151 0.4538436535456589 0.4493269044628884 0.4554108498635983 0.45650574837981717 0.4580738047093271 0.4567561081185425 0.45948225878091675 0.45557219056234644 0.45440707502942335 0.4555396710400653 0.4562646300531334 0.4567352841831089 0.45427447254117975 0.45434546310213625 0.45503493866656675 0.4541004318003512 0.4550060013910843 0.4554940773532194 0.4545796638001743 0.4534128262751986 0.4536355190072556 0.4550157153203563 0.4542207277749161 0.45445627653300136 
0.3012687359010791 0.45423555137378635 0.4555120127364178 0.4563115165375054 0.45358842448144054 0.4545580146492787 0.45419961447137736 0.45218690941901785 0.4552414623120591 0.4566989157510822 0.4558969378735861 0.4576060391503467 0.4539719032751622 0.4554870304625455 0.454265550955615 0.45575887834613266 0.45624630162919855 0.4566836269907459 0.4547055831011773 0.45435755038410036 0.45522381400620554 0.45408708182929886 0.45501616625093166 0.4553974151328305 0.4538632091743259 0.4534390693438825 0.45376725622626896 0.45419927948142647 0.4563938299271289 0.4547392584387412 
0.30133203326959124 0.45409795185434326 0.455492326915863 0.45636388560471214 0.4536117979095723 0.45480383984649797 0.45419719639928696 0.45216774961072637 0.45385530513557687 0.4565318824477935 0.45235249252553406 0.4576103167163054 0.45815244302331753 0.4555697755904011 0.45383059998210573 0.4556133226360792 0.45624533288010216 0.4543694681890762 0.4542659673484183 0.45435789527717835 0.45720985455012353 0.4556668335239359 0.455007734907996 0.45559215201095066 0.4529618449674424 0.45341305932638604 0.45374910717968986 0.4550161816634318 0.45422066060513017 0.45474038504661474 
0.30147831250632495 0.45424217027127567 0.45544334583564045 0.45631888474004884 0.45372653162811183 0.4545817596320079 0.45419719652847285 0.4521676438799581 0.4538556644231319 0.45653119610270754 0.4527803257728705 0.45466708591260285 0.4542085001476128 0.4555721635305724 0.4542452744247794 0.45555623978532894 0.4562331027319035 0.45664323812143964 0.45427154976225986 0.4543494162615431 0.45503298192751257 0.4540875524645378 0.4550117232292857 0.4555889732957998 0.4541327456871618 0.453413043682656 0.4537494987520435 0.4542250192084213 0.45422029572424366 0.45020820711297826 
0.30163643382607164 0.4541068233656248 0.45765432739251455 0.4564066286194851 0.4537059497426702 0.4545583062062014 0.4538396394829632 0.4521865492288509 0.45532463259087613 0.45652310617225983 0.45571264842162074 0.45748874177031723 0.4594013647397464 0.455573145958393 0.45421914859984275 0.45575955033820503 0.45623971617526415 0.45436967769307307 0.45451453601473607 0.45435810748703365 0.4550972783329912 0.4555877753302207 0.45501369668695923 0.45559546398250733 0.4541225971850495 0.45334395239823305 0.4537294929737856 0.45501458617428936 0.4563609583267922 0.45474415874291657 
0.3019590789872784 0.45423532981212317 0.45762093294312595 0.4563143005905555 0.4575959545142922 0.4545804819453112 0.45419989652743264 0.45180169990143154 0.4538388482262391 0.4565501019937456 0.4581621289483585 0.4576040702116253 0.453922747535634 0.45557281152759 0.4542614055784279 0.4555634459261003 0.45621520158670087 0.45683513384187496 0.45426633936158656 0.45442025266366726 0.45574402100615474 0.4540683633306949 0.4550159967693247 0.45576005847304496 0.4539334282474543 0.45343869830460837 0.4537521802964949 0.45498755162092275 0.4539993733833878 0.45468358886584154 
0.30239706978083153 0.45425113749736823 0.4576951478471149 0.45640905111608887 0.4576972359970137 0.45455802370962656 0.45415244306772595 0.45218705742341986 0.45531321346098036 0.4566788125299093 0.455943815046148 0.4576476829463266 0.4594840173434816 0.455573145958393 0.45425693633883757 0.4555580855554959 0.45670715671403206 0.4566641705163012 0.45451453601473607 0.45434653743181286 0.45710570786687416 0.4554196088809291 0.4550116888557216 0.45549464380227644 0.45385607404757866 0.45341315112025554 0.4537324905696662 0.455012236593713 0.45642336617272955 0.45487554271081126 
0.30242937268194625 0.4542416909205037 0.4576951478471149 0.45640629818980655 0.4576972359970137 0.4545582514974174 0.45415286441388847 0.45218705742341986 0.4553223022639436 0.45652310617225983 0.45594380506936116 0.4576485104851667 0.4594840173434816 0.455573145958393 0.4543603360783218 0.45561365013149285 0.4567001627088461 0.4567168840890877 0.45451453601473607 0.45434653743181286 0.45710570786687416 0.4554196088809291 0.45500531202826167 0.4554951847943578 0.45385607404757866 0.4534131516042374 0.4537324905696662 0.45497163015219194 0.4563523512092067 0.45487554271081126 
0.3028325813127424 0.4581517030219926 0.45781070747586156 0.4567657771874654 0.45764292276042345 0.4551624526140572 0.46026813417268964 0.4613856692772611 0.4551940716110581 0.4591150809253001 0.4582163777951386 0.4623072085572558 0.45954594307772584 0.45557041460193654 0.4599315810336749 0.4621059134818421 0.45670539188004133 0.4570231674031119 0.4566622863940232 0.46109479407880927 0.4550763432095452 0.4556889086353895 0.45490015044640364 0.4555900274221218 0.46040730319787393 0.45334518224165093 0.4619407608034001 0.45454056144790755 0.46121214655244314 0.45411566592420066 
0.30341555385147906 0.45805936334659114 0.45763291008609486 0.4567659487750582 0.45754790576319715 0.46480007501070875 0.4588342837834778 0.46041462799622046 0.46028948067176717 0.4588897044856386 0.45820024584179614 0.4575925653171912 0.4595328216136739 0.4555893098249936 0.45946248684672125 0.4618400617283748 0.4560768804966572 0.4571108019163426 0.4595470859931825 0.4610855933289329 0.4590631773961955 0.45414073316227144 0.4548210745841539 0.45609059191954704 0.4602199002573683 0.4552296394994619 0.4617430911865136 0.4545953559208869 0.46114216357921295 0.4547549020782417 
0.3036413985046603 0.45805946783690504 0.45777360501647885 0.4571281540203729 0.4610175656989325 0.4636330681137495 0.4589924686956897 0.46192119269310955 0.46036316527740034 0.45889096013452685 0.4584240546521244 0.46204954086943334 0.4595333528371892 0.46068669256999123 0.45946518387375795 0.46222005174268355 0.459854570428054 0.45700994567982345 0.4593743325690583 0.4609690297634537 0.45608117701028095 0.4631584306410313 0.4625289781777749 0.4621689445565704 0.46035759176038826 0.4633768779384412 0.46164713258174345 0.46322167569786515 0.46114232226264645 0.4601336262094773 
0.30401567574456834 0.4580968331112738 0.45763992453066954 0.4568483880618417 0.457478417152731 0.4647893948605011 0.4589954639308835 0.46192419651179534 0.4606740640285466 0.45888656435709807 0.45967840706114127 0.46211640787656666 0.45946779949700384 0.46068523776191544 0.45933746607913306 0.461911323987069 0.45622146601686664 0.4569852459990845 0.4596303773059324 0.45435203620720155 0.4572143664583837 0.45551395433823505 0.46243646596599614 0.45733269760133627 0.46040764489896496 0.455148562631898 0.46149869277762007 0.46205755339829385 0.4611701646339195 0.46019661692229724 
0.30446654717960236 0.4622929930739234 0.4606430627825277 0.46081901633464617 0.46117740993775436 0.46296709431114463 0.45897492474376184 0.46196040459040155 0.460362820033204 0.4588909602138709 0.4584462408907941 0.4621174926982138 0.45949332807763127 0.4606868008755175 0.45940287796389623 0.46190543021973907 0.45985391499429873 0.45701295136485093 0.4593758744974007 0.4611818170498656 0.45724362046973827 0.46311653997877394 0.45904283309890903 0.45711104661550367 0.46152089754399117 0.4633755763667828 0.4615113166277248 0.4622944824290006 0.46112232702409583 0.464365741773446 
0.30466699849425605 0.4580593010357538 0.4576358746456436 0.45684861677608174 0.4611125149983131 0.46559557996594236 0.45900166256667774 0.4622054179180862 0.4616269328460763 0.4563926580747518 0.45819860956562364 0.46288774182405645 0.45949311793890135 0.4606733772065532 0.45934039808248184 0.4592553146901851 0.4597132967771571 0.457036469217051 0.45955113790933766 0.4609824202246212 0.4668224323174615 0.4582505956002648 0.4625097569406996 0.4557081683652795 0.4604102062616335 0.4631307585203535 0.4616780785824944 0.46280941431796424 0.46113691613698193 0.45534203929230804 
0.3051783299182025 0.46253916985418025 0.4606430627825277 0.4608371781418577 0.46117740993775436 0.4629780505025096 0.46394624043173116 0.4618268186408799 0.46146853965371737 0.4593653696598773 0.4634011950255093 0.4621174926982138 0.4596740224780181 0.4607737592905387 0.4591811679333575 0.4619173487550908 0.46009205459670793 0.45697038792407474 0.45948905006850244 0.46143322046306673 0.4646773642549991 0.4627830774640483 0.46242821487632235 0.4637475329520858 0.46152089754399117 0.463374281613727 0.46149853688832476 0.4620620673434741 0.46112226266441586 0.4643728309363728 
0.30557101397303 0.46253916985418025 0.4606430627825277 0.4609446534472799 0.46117558852247714 0.4632421701892086 0.4604340440734175 0.46201502403995653 0.4614657057828494 0.4592333471468283 0.4634011950255093 0.4622918820984196 0.4596740224780181 0.46691298509020945 0.4591457782004117 0.46190543021973907 0.45998397453212153 0.4566315757325492 0.46415477965410806 0.46143322046306673 0.46467563684872787 0.4629904662436027 0.46242821487632235 0.4634887573701814 0.4615200544005335 0.46337211063952594 0.4609346790964901 0.46206037234452657 0.46112786603943606 0.4643728309363728 
0.30580624109127813 0.4626866023365331 0.4580202891082992 0.4608370526848569 0.4610809594975792 0.46551365723786237 0.4639305498425885 0.4621364079597989 0.4614684158078225 0.46620938245380206 0.46340807795842115 0.46211730013555374 0.45948865786281423 0.4670821904973716 0.45928603887858244 0.46165709957100326 0.4649531028249202 0.45661033042013993 0.4630989595910184 0.4611396064975532 0.4586673656286993 0.45748507734741034 0.4625562527121022 0.4651583036867153 0.4629423535146914 0.4631360562119082 0.4615098909030968 0.4621207734634419 0.46134812894346666 0.46410897323530553 
0.3063089794547218 0.46253916985418025 0.4606430627825277 0.4608370410347402 0.46117740993775436 0.46297451384348387 0.46394624043173116 0.4619605653090315 0.46146853965371737 0.4593653696598773 0.4634011950255093 0.4621174926982138 0.4596740224780181 0.4667537562145993 0.4591748847773695 0.46190543021973907 0.4648008103370502 0.4566315757325492 0.46415478093476104 0.46143322046306673 0.4646773642549991 0.4627830774640483 0.46242821487632235 0.46371238888789573 0.46152089754399117 0.4633742732913964 0.4615196759000451 0.46206043788252216 0.46112226266441586 0.4643728309363728 
0.3069704691872614 0.462822094879156 0.4605431744231023 0.46638858803496797 0.46108427794559037 0.4632553538893497 0.4638530652520859 0.4617282876697002 0.46620907546815826 0.46612040288098683 0.4631489527037001 0.4622940801054391 0.4596140872810908 0.4667102851036587 0.46445228217841544 0.46250158081757614 0.4646858335232337 0.457092780744688 0.46395998227914925 0.46162081766967034 0.466181320699128 0.45813178932845217 0.46216941781289617 0.46370468832749145 0.463212920903758 0.46282369311617944 0.4620766226879105 0.463409672139628 0.45675689808718867 0.46362953518156497 
0.30759228135610456 0.46253916985418025 0.4606430627825277 0.4608370410347402 0.4622947008749422 0.46297451384348387 0.46390221233317286 0.4619605653090315 0.46146853965371737 0.4593653696598773 0.4634011950255093 0.462345909379017 0.4596740224780181 0.46675145333405094 0.4642243649605883 0.46190543021973907 0.4648008103370502 0.4566315757325492 0.464154997359001 0.46143322046306673 0.46457615481180886 0.4581559093212198 0.471076536019631 0.4637223229576286 0.46152089754399117 0.4633449690838336 0.46119749574752567 0.46206043788252216 0.46112226266441586 0.4643970857052563 
0.3081625441322949 0.46662249803211014 0.46050170614659197 0.4633716382536142 0.4616581315926471 0.46359517206423423 0.46384091768889557 0.4617283979613522 0.46053917273124273 0.46632681930603265 0.46364507752284567 0.4622978539199813 0.4729860623427509 0.46748009242113014 0.4644212006273205 0.46249622406370916 0.4643372344248263 0.45653217652805084 0.4633802131206099 0.46164216049126267 0.46602768704995307 0.46972147562918487 0.46153118459656733 0.46273430693953477 0.463202121388108 0.4717122281923872 0.46206323008225425 0.46337949858914645 0.4646922741364881 0.46355781932430656 
0.30866265687927774 0.47160814614683216 0.4592532624557786 0.4675702840765794 0.46163857557496696 0.4640884905583503 0.46404220445527866 0.4618279717042817 0.46719148731646537 0.46731962577428837 0.46339201695520654 0.46262569502804224 0.4712807016760301 0.46693996519670594 0.46439648620823876 0.472558353389124 0.46450174371051056 0.4722870206315822 0.46303496303930136 0.46857360561580574 0.46466309481297813 0.4701427951726713 0.47062708870694964 0.46307578630276003 0.46847310786084695 0.47171403985805826 0.4620704280208894 0.4665555170223307 0.46453752880247606 0.46355750984464517 
0.3090922247936618 0.47161055422916476 0.4592532624557786 0.4675159376147253 0.4623466208389483 0.4640884905583503 0.47196027650265693 0.4618299330736767 0.4669831569309 0.46731962577428837 0.47157240207446677 0.4691789913846 0.471107694598998 0.4718775191221387 0.46439648620823876 0.47256438378979226 0.46450174371051056 0.4722870206315822 0.46391448473806224 0.4683860947568222 0.46466309481297813 0.46973713136185635 0.47141191245377034 0.4653574478193574 0.46873465761273964 0.47171403985805826 0.4620705515193676 0.4665555170223307 0.46453752880247606 0.4690117184489955 
0.30912486318491306 0.47160866637304466 0.4592532624557786 0.46748927861418554 0.46225514859549693 0.46435817806891183 0.4640401885654775 0.4621292890896754 0.4680658044449102 0.467759415870427 0.4632420274709905 0.4690058165159195 0.4714038160357627 0.47151998173602566 0.46523085128421104 0.47228806982022487 0.46483296591335055 0.47231987361321104 0.4629629975033775 0.46856891951333285 0.4645106790764542 0.469737178869979 0.47095003230642224 0.46519896388570225 0.4697966898916555 0.4734231162623261 0.4696727606353547 0.4632645329344969 0.46429781112185464 0.4688664035569759 
0.3096233342006093 0.471835490955214 0.4726658968091612 0.4674894902379076 0.4720427081288861 0.47043212146917485 0.4720916291343572 0.4618267187895932 0.4672031647388185 0.46744207308182856 0.4711471912775825 0.46902984575721957 0.4712317288266457 0.4714674483995804 0.4655196619226936 0.47238180966635396 0.4648026995335638 0.4721915723385926 0.4727375495033535 0.46819032791965703 0.4708417789121399 0.46972773234732346 0.47241191692822143 0.4653273964517862 0.46873010988759245 0.4725016602935215 0.4699544118950417 0.4634047786986351 0.4649717969115346 0.46901804485185616 
0.3097175070513963 0.46710479897390955 0.47247908008372 0.4663978201541008 0.47690374120964074 0.47050625131593415 0.46409097744582817 0.47011172941098284 0.46806195072748935 0.4670646992385272 0.46374816220136444 0.469367097101317 0.4714293915863274 0.46685239358698777 0.46978441680640237 0.4718167218961299 0.46478085753897314 0.4723200750713094 0.4727678512426651 0.46866587235302914 0.4648158922695052 0.4697413836299543 0.4709210327541948 0.4665159877415792 0.4700936608462341 0.47344441277696137 0.46649920689917196 0.46340343332603307 0.4642753746256663 0.463623826815305 
0.31040247465453824 0.4719241904443297 0.47224672819319286 0.46751590194153586 0.4702675152029918 0.4705898965860546 0.4718860031477392 0.4709927392641747 0.4672129796871094 0.46733826536327033 0.47149915785374397 0.469175336770194 0.4711089837876187 0.4714647318333234 0.46966013222061503 0.472243146497601 0.4726208656456189 0.4723200033028055 0.46388413223436703 0.4683817937219938 0.47084371930766356 0.4695795123578806 0.4724203882894525 0.47185151753987276 0.4687286999332356 0.47334983974142253 0.46922276080915604 0.46654123319720425 0.47029045796830543 0.46901704785020454 
0.3107438388543456 0.471825248509635 0.47225886402535694 0.4731388032414549 0.47142793634995184 0.4705102107388757 0.47219379654319277 0.4709879373830736 0.4678887347728885 0.4674743056023891 0.4715457557318035 0.4693185569458573 0.47097741263271276 0.47146438519443357 0.4695364761986833 0.47225309192658355 0.4725727343053529 0.472284408497017 0.4726467915058574 0.47340119848560785 0.4708570192988437 0.4697308447975015 0.4712536256096528 0.4665098204549719 0.4700289592670198 0.4734425490438998 0.4697308280591652 0.4664400606593588 0.47031042988595856 0.46869424543812577 
0.310868436498876 0.47159863370698274 0.47266970477981207 0.4727770964573202 0.4702698676266071 0.4705145522996237 0.46209688967765644 0.47168305596980364 0.4672618487393134 0.47173515145022965 0.47149897702765964 0.4691671402132736 0.47109344756586446 0.4714667573628936 0.469532620771169 0.4722520144231373 0.4726209728184091 0.4723193680653073 0.4726546771577542 0.4683707779579518 0.47136823272575945 0.4748980765238063 0.4701951206881893 0.4663358012296023 0.47241521279399656 0.47346564695573484 0.4692853845309354 0.47221361681896584 0.470290251495098 0.4687102987922273 
0.3113557617820507 0.471825248509635 0.47226382507882436 0.4728720771691054 0.47609042677247265 0.4705119358311046 0.47219329800511267 0.47101084691508843 0.4679878383643278 0.4674675181124647 0.4715457662045004 0.47043599082592574 0.47144810187823916 0.47146442831979296 0.46963331066766656 0.4721851294195746 0.4745490255897343 0.47228513880176265 0.472683080641859 0.46845183990815875 0.4708570637009818 0.46995943524422057 0.47125833888966834 0.46664894286217573 0.47010218599487036 0.47332976270460336 0.4697683541915055 0.46672390369640043 0.4703104326397148 0.46870646118488646 
0.3115114974217366 0.47162909195511277 0.4724813597251087 0.4674674813863886 0.47202613986879594 0.4706306990385059 0.47188915322843705 0.4718320369107481 0.46788653573138744 0.46747733303705946 0.4715452739699562 0.4693136795075929 0.47277533592071347 0.47146394392923263 0.4698239306227188 0.4722231530497819 0.47410689973913334 0.4723184678714352 0.4727370063120035 0.46841634516757574 0.4708339000890233 0.47483738779359885 0.47158345992093303 0.47187946619043664 0.47229292224494157 0.472429363681188 0.47165116948944824 0.4722171445156308 0.47015045284307044 0.4738979626656585 
0.31152698222595854 0.4719241904443297 0.47224672819319286 0.46751590194153586 0.4721637327434732 0.4705898965860546 0.47188606652950016 0.4709927392641747 0.4672041876884349 0.46733826536327033 0.47149865690267434 0.46917482212778017 0.4711089837876187 0.4714647318333234 0.46966013222061503 0.472223475030697 0.4740773749895328 0.4723198956432638 0.46388413223436703 0.4683817937219938 0.47084371930766356 0.4748593217499469 0.4724203882894525 0.47185151753987276 0.4687286999332356 0.4723606852616557 0.469193251943099 0.4722452994294335 0.47029049964896374 0.46895889262128876 
0.31192547569181744 0.47183121932147926 0.47266967289998135 0.46767100530424066 0.4722143968812539 0.4710747228643336 0.472180615526341 0.471687775977843 0.46727718652691713 0.4716315510635121 0.47149886643472505 0.4691091227541499 0.47123064286259164 0.47141474566793024 0.46963152109456985 0.47224106193078824 0.4726843801778304 0.4723218098482566 0.4727361419964778 0.4681776054663203 0.46484652776763397 0.47483827332175094 0.47130092190204737 0.47187938836703075 0.47227403507648286 0.47333185048069243 0.4692874869750925 0.47229020964173263 0.4703107957900702 0.4743879988810829 
0.31221887400924214 0.47159863370698274 0.47266970477981207 0.4675157472560174 0.4702698676266071 0.4710915417444093 0.4718784532762799 0.47168305596980364 0.4672618487393134 0.47173515145022965 0.47149897702765964 0.4691741842855431 0.47109344756586446 0.47141474566793024 0.4698231806913297 0.4722520144231373 0.4726208640626488 0.4723193680653073 0.47294939597873786 0.4683707779579518 0.4713626843804665 0.4748980765238063 0.4701951206881893 0.47188005710115705 0.47228642382627356 0.47241412831305385 0.4692853845309354 0.47221361681896584 0.470290251495098 0.4689122394904537 
0.31224462516305196 0.4718233309572407 0.4724852352597349 0.4729041866941325 0.4712407619565638 0.4705724046263029 0.4737712417340598 0.471710829908231 0.4727264836774917 0.4717847335207524 0.4715448394926845 0.46932125777171624 0.4709312591152882 0.47146440282518853 0.4699007971520293 0.4722520365705101 0.4725507135796273 0.4723198998480745 0.47263906751012635 0.4684874645330005 0.47085700372310424 0.4746250941308591 0.4702038013837579 0.47125972139899563 0.472403584353974 0.47343932536123434 0.46977906364195154 0.46652945658878486 0.47031169681330254 0.46869224266576476 
0.31239851819320397 0.4715209788205029 0.4724827407792715 0.47311140372087 0.4758966823657444 0.4736933918420426 0.47222303170364643 0.4718596266904403 0.4680121638357798 0.473197102628503 0.47154576028981277 0.46904400082928716 0.4726896480717399 0.47141727030398073 0.46990421374074426 0.4721975810492534 0.4742009810266482 0.47234782745220294 0.47298296688363156 0.4733978508013108 0.4708567776581072 0.46973230678606936 0.4715842965726482 0.4719373247215877 0.47004139454256066 0.4734569854392187 0.46975960537313893 0.4722372160045785 0.470310674002719 0.4743874426225266 
0.31253339600324453 0.47162927170948155 0.4724813597251087 0.4731202691486095 0.4720340698532906 0.4706306990385059 0.4722710418700043 0.4718636349137813 0.46788559369720684 0.4742462756941399 0.4715448402528471 0.4693369734383408 0.47277533592071347 0.47146437183539447 0.47451172651501305 0.4723953721891844 0.47412056626167476 0.4722072853371893 0.4727384534238216 0.47344742234832504 0.4708557709982507 0.47483738779359885 0.47157430417884066 0.47187946619043664 0.47222249105738706 0.4724610273347708 0.47172238435321817 0.4718175070021141 0.4701416296838687 0.4742684912161546 
0.3126323186728244 0.471632336440919 0.47227312438776214 0.47297050346522757 0.4702675152029918 0.4705902212600031 0.4718796866267892 0.4718197554798545 0.46788310000852407 0.4673381403902008 0.4715449057252569 0.46917677525866713 0.4711089837876187 0.47146446502013617 0.4697236094121905 0.472183189508956 0.4741066738208365 0.4723200033028055 0.47268255289118183 0.4684640750746252 0.47085573620602955 0.4702468247678298 0.471288700441357 0.4718935097728447 0.47011251130087267 0.47246105160117197 0.46925786459565105 0.466467821174184 0.47021924464263126 0.4691278426845853 
0.3129361584559779 0.47385743142700515 0.4724864526946565 0.4741076773155044 0.4722371381220579 0.47363034129152565 0.4735621445566871 0.4716793939930092 0.47289565415369017 0.4743103741902287 0.4715148548547169 0.46907675523623854 0.4710492180217145 0.47150678849896255 0.46938540972989196 0.4722064732026515 0.47417841673308886 0.4723135638828965 0.47297884790567296 0.47339890111050925 0.4707752206189486 0.4696914002079736 0.4676535876415712 0.4719025929425227 0.4722558066439543 0.4724590256354842 0.47144791240330025 0.47183094892083993 0.4703106753258239 0.4743848340023517 
0.31298556692508345 0.47385743142700515 0.4724864526946565 0.4741076773155044 0.4758762570476264 0.47363034129152565 0.4735739337810921 0.4718890740388171 0.4727545928723313 0.4743103741902287 0.4715148548547169 0.4759142632916618 0.4710492180217145 0.47150678849896255 0.46938540972989196 0.4722064732026515 0.47417841673308886 0.4723135638828965 0.47297884790567296 0.47339890111050925 0.4707752206189486 0.47025642621538044 0.4676535876415712 0.4719277645073393 0.472408227965085 0.4724590256354842 0.47144791240330025 0.47183094892083993 0.4703106753258239 0.4743848340023517 
0.31314641167296753 0.47163071577194016 0.47249680628917673 0.4729059513921389 0.47213219009776214 0.47057148604858184 0.47188915322843705 0.4718637363771737 0.47291305714646353 0.47425358679654017 0.4715448402528471 0.4693369734383408 0.47272674480361404 0.4714649772008432 0.4745157297535412 0.47259529108689513 0.4741208893831047 0.4722923463551685 0.4727384534238216 0.47344742234832504 0.4708557709982507 0.47483738779359885 0.47157430417884066 0.47248554727996855 0.4742873250070911 0.4724610273347708 0.47171669926638965 0.47181312193914027 0.4701437423784599 0.47426824407926804 
0.31367398422673176 0.47163545503464044 0.47275068425203265 0.47291312672520647 0.4722305012211477 0.4706815754203654 0.4722351910511052 0.47185042522622717 0.4729715653866526 0.4674640088049833 0.4712508191577296 0.4751763159533672 0.4727569816553262 0.4729296417499168 0.47535352179827295 0.4723995412650361 0.47411168374266915 0.472280192159718 0.47268346041173875 0.47344762218895026 0.4707747192158365 0.47464879399673887 0.4715702204521797 0.47251094439375463 0.4742830945774783 0.473336202530683 0.4795576023957452 0.471833205725667 0.47030556850948824 0.4748261217551891 
0.3137174285220927 0.47163545503464044 0.47275068425203265 0.4729094190594363 0.4721221326537507 0.4706815754203654 0.472237816516762 0.471863488637676 0.4729715653866526 0.4742772964805978 0.471245024666675 0.4750087811058753 0.47272588079596767 0.472932137027594 0.4746390063073254 0.4723995412650361 0.47411168374266915 0.472460976360832 0.4730138148615734 0.4734478489607562 0.47085828513353284 0.4749451986200119 0.4715702204521797 0.47251094439375463 0.4742830945774783 0.4732630423119446 0.4795576023957452 0.471833205725667 0.4703025945360225 0.4748261217551891 
0.3139025484957325 0.4738112809884751 0.47249735769378537 0.4740825152922811 0.4749869032949602 0.47364071298554195 0.47373646751272586 0.46560625473594736 0.47282929727103007 0.47431296978443965 0.47125584830649214 0.475720425214287 0.47201631832631047 0.4715170105849619 0.47500497790745555 0.47226547526773105 0.47412845474182524 0.47220259815224724 0.47302460317467604 0.47339921888226033 0.4707803078501069 0.470460894285364 0.4715723068404529 0.47254046282769874 0.4721133235816662 0.4733373400159854 0.47166820279377963 0.47183626060340467 0.4703047403212159 0.4743271329427026 
0.31408396360574775 0.473816189970454 0.4727238129131377 0.47916542298542425 0.4758762570476264 0.4736321750444337 0.4723671450809104 0.47169544640654393 0.47289443698919725 0.4743102530257908 0.47168052017792095 0.4754966664031717 0.47273105440011787 0.47164091206323483 0.475215039397828 0.47220191738290124 0.4741036008899607 0.4723949323744023 0.4729788482766872 0.4733141633379397 0.4707748074323673 0.4703087465382358 0.47181384772441815 0.4716767221649923 0.4726354965380512 0.4724672262870438 0.4717283443907476 0.47224933248473827 0.4703108319283882 0.4743235321173726 
0.3141699917490833 0.47386625597201315 0.47249735769378537 0.4740825152922811 0.4752028080804964 0.47364071298554195 0.47378715430058904 0.47188925105923374 0.47282929727103007 0.47430719136676547 0.4787620491047933 0.47593684434061184 0.4720174811926687 0.47137420537786456 0.47500497790745555 0.47223849800456397 0.4741791158677771 0.4722895332944686 0.47281420380539924 0.4734012871494664 0.47077332853522197 0.47034536080214406 0.47181183455773745 0.472506001997112 0.4745228123713389 0.47333167797709375 0.47166820279377963 0.4720489751922378 0.4703106259547553 0.4743271329427026 
0.31446564364256263 0.4715880997441344 0.4728564114656661 0.47401176678136664 0.4758762570476264 0.4736321750444337 0.47235072527237504 0.4716912830596083 0.4727455568141032 0.474310374303413 0.4715278923369783 0.4757090630023377 0.4728079452921933 0.4714636719179641 0.47521758592164687 0.47240476646686086 0.4741036008899607 0.47252173284024507 0.4729788482766872 0.4733141633379397 0.47085885608587635 0.4703087465382358 0.47156900800790663 0.47166195927021265 0.4725849409581625 0.4724610210190755 0.4717270504626957 0.4718311993714925 0.47031035112796743 0.4743240070911714 
0.31467924504474426 0.47386625597201315 0.47249735769378537 0.47404233221626885 0.4752028080804964 0.47364071298554195 0.4722779843402414 0.4718958943749239 0.47282581325900297 0.47431296978443965 0.4787620491047933 0.47545785092047366 0.47201631832631047 0.47137420537786456 0.4750089726832349 0.47223849800456397 0.4741073667134263 0.47246302974636434 0.47281420380539924 0.47340446314309204 0.4707746670469706 0.47034536080214406 0.47156823167642425 0.4725109363705404 0.47430593392737674 0.47333167797709375 0.4722425315084747 0.47183047524752286 0.47030492388786893 0.4743271329427026 
0.31491750387817224 0.4716578661911068 0.4724972624460286 0.4741185547931808 0.4753356604751681 0.47342132321770775 0.4737808330334464 0.47186278872534565 0.4729187118645476 0.4736933694598091 0.47910808409215627 0.47541466097028634 0.47272726791967534 0.4713734389261461 0.4744344991177073 0.47220461764784255 0.47412070248384236 0.4771614099708981 0.47297555682341513 0.4734012871494664 0.47077480497291546 0.4749496733513028 0.4716341317301865 0.472506001997112 0.47431507582354565 0.47333167797709375 0.47139387449915 0.47221162588890503 0.47031052678854 0.4748770273926049 
0.31514711168753873 0.47386625597201315 0.47249735769378537 0.4741075443212799 0.4753354609343313 0.4736303468032948 0.47378715430058904 0.47188925105923374 0.47275291382184853 0.47430719136676547 0.47910808409215627 0.47593684434061184 0.47272726791967534 0.47137420537786456 0.4744344991177073 0.4722046496116091 0.4741791158677771 0.4722895332944686 0.47297555682341513 0.4734012871494664 0.47077480249177334 0.47015473728495033 0.47181183455773745 0.472506001997112 0.4742967387494648 0.47333167797709375 0.47144860105733394 0.47221162588890503 0.4703106715782799 0.47438346748453286 
0.31515782398710784 0.47386625597201315 0.47249725562600603 0.4741075443212799 0.4753354609343313 0.4759921791313221 0.4737808226856933 0.47188925105923374 0.47275291382184853 0.4736719954057834 0.47910808409215627 0.47593684434061184 0.47272726791967534 0.47137420537786456 0.4744344991177073 0.4722046496116091 0.47412275457589165 0.472165985060607 0.47297555682341513 0.4734012871494664 0.47077480239499303 0.47015473728495033 0.47163529193106013 0.472506001997112 0.47429772712711527 0.47333167797709375 0.4714503639704182 0.47221162588890503 0.47031053363257 0.47487465818276564 
0.31561774667334674 0.4738132210967151 0.4724958255066737 0.4741065504150336 0.47941720379591446 0.47363032316399445 0.4793888910263822 0.4718984457381427 0.47696953158894256 0.4678808667620724 0.47912936363642944 0.47508184192969904 0.47275130665342807 0.47152248246187906 0.47443173439969016 0.4723458608451411 0.4741106299585503 0.4722888017193422 0.4729719553299074 0.4734919202282853 0.47877391521738033 0.474988367102247 0.4715702082074525 0.47195158717841684 0.4741891771464156 0.47323205385392286 0.47161125505725787 0.4718345890540391 0.4703048070514934 0.4743600827192059 
0.31569180753279374 0.4737383809989998 0.4779853050295595 0.47932446658697087 0.4752365641331393 0.4734081916152408 0.4793291622681153 0.4715772960072874 0.47690516369915076 0.4739788095360932 0.47886372533100374 0.4758968051906778 0.4720007146022919 0.47121544704414925 0.47502155892877573 0.47858491476692094 0.4808461423825896 0.477232452454878 0.47302714906689963 0.47843092567159823 0.4788055206852878 0.47730291121612517 0.4715695807751841 0.4729001601412991 0.4721132498696852 0.4732883081790008 0.47965250174188145 0.4720509448395735 0.4704910259324083 0.4748830681098222 
0.31600636039357555 0.4716578661911068 0.47289167716665026 0.47420678508235226 0.4752116443128131 0.4785285258207586 0.4737808330334464 0.47186278872534565 0.4730156810489714 0.4809712995024958 0.47912895325103655 0.47540572400571235 0.47315661281356597 0.4713734389261461 0.47520249350096183 0.4722239402773727 0.47412070248384236 0.4771614099708981 0.47297555682341513 0.4847509663350482 0.47077480497291546 0.4773058363606555 0.4716341317301865 0.472506001997112 0.47431507582354565 0.4786595504469878 0.47139387449915 0.47243217767076406 0.47020516968967296 0.4748770273926049 
0.3161010442619492 0.47386625597201315 0.47249735769378537 0.4789763587858175 0.4752028594476871 0.47364071298554195 0.4722779843402414 0.4720701540840852 0.47282581325900297 0.47431296978443965 0.4787620491047933 0.47545785092047366 0.47201631832631047 0.471257479674141 0.4750079483288272 0.47226926028054383 0.4741073667134263 0.47246302974636434 0.473020932228114 0.47340446314309204 0.4784581172228121 0.47034536080214406 0.47156823167642425 0.4725107596820003 0.47430593392737674 0.47897271977308686 0.4800112348244962 0.47750153669725764 0.4811717830555464 0.4743271329427026 
0.3163220882754922 0.47765686491820103 0.4728779686833858 0.4789610464839887 0.4785298720197795 0.47874755266919056 0.4791427588171317 0.47855500620833075 0.4808944270985286 0.48092881693825956 0.47886177136782687 0.47589675846426155 0.4731245754448357 0.4788560985450943 0.4752245964765567 0.47858511289174777 0.4807794430780133 0.4775884519188313 0.48057280701657457 0.4784052644578126 0.47878516842037977 0.4773166202859989 0.4804550839618929 0.4818265171255365 0.4816546928346205 0.4787795194430901 0.4800100964562248 0.4774654983938608 0.48149882671978594 0.4792218956983983 
0.3164528267202183 0.4716159083248844 0.4721457508074506 0.4741617039081923 0.47998345538140336 0.4787521087775 0.4734368249563194 0.4719205669065379 0.4770444185754116 0.48068337780336257 0.47898018345322735 0.4754107973904919 0.47910784051329963 0.47926509703126213 0.47859671088443534 0.4787942592837337 0.48113291523240664 0.4775003112731921 0.4776345402673825 0.4782466121501178 0.47879050465310663 0.4773587818476533 0.48046281703450244 0.4726641608561086 0.48167646681988385 0.473297104894286 0.4800461057169716 0.4833925718256621 0.4807315494575364 0.4791545954655882 
0.3165523655654153 0.4716159083248844 0.4729166371818492 0.4740588225849634 0.47533856688180104 0.4787521719999292 0.4734368249563194 0.4719205669065379 0.4770444185754116 0.48078273267110155 0.4792962446620936 0.4754524520744574 0.4730391090685887 0.4792616193963946 0.4751890831684098 0.4717701128788919 0.48064770703019805 0.47758666582530673 0.4776345402673825 0.47824575748307074 0.4787906225100754 0.4773587818476533 0.4804574095587916 0.4725100836202094 0.4784059039676832 0.47348019416706694 0.4795338883195235 0.4773947448084863 0.4807315494575364 0.4748291068087751 
0.3166463644702914 0.4716167981833536 0.4729225039296392 0.4784701836470152 0.4752512432435716 0.4787521087775 0.4734368249563194 0.47840110721359985 0.4770444185754116 0.48084500354568194 0.4792962446620936 0.4754107973904919 0.47875180183560584 0.4792616193963946 0.4745107374198971 0.47858710925958614 0.4811333910271461 0.47749577022970924 0.47746301371375865 0.4783481177490326 0.4787906225100754 0.4773587818476533 0.48045761940076426 0.4725100836202094 0.4784059039676832 0.47865474753272264 0.4795338883195235 0.4833925718256621 0.47999503094677426 0.4793785752034735 
0.31707816122116844 0.48226588796463066 0.4825563072919475 0.4792446637206591 0.4798200015767139 0.4838668910315311 0.47909290220319223 0.4783749769851538 0.48066785832151965 0.48042458483128525 0.4789807359439025 0.48174470986077 0.4791477131085644 0.47945909209643683 0.4786352417484014 0.47868183285173266 0.48080462504395116 0.4763443391688054 0.4808319047889875 0.4785769613109096 0.478804913781574 0.4808429705268363 0.48096248641731043 0.4715325651854785 0.4817891776809953 0.47867279673125585 0.4797989263697147 0.47811647397574414 0.48139917287603046 0.47936108113594017 
0.3172386170263957 0.4829522511053294 0.48278398738868494 0.4792224902090737 0.47845618264773515 0.47899131113253957 0.4790244179758698 0.47857878221838873 0.4806597601840817 0.4809336055589004 0.4788996904444465 0.4817150063537208 0.47914498597636634 0.4791554777300883 0.48325912703187424 0.47864742138204225 0.4807898748706975 0.4775981020711962 0.477870581899616 0.4787184114984103 0.4787509721352821 0.48121416326289557 0.48073856247314234 0.48182373579128185 0.4817411478549453 0.47878450145787327 0.47972754560756403 0.47813087541354027 0.4815048055070385 0.4793325106297385 
0.3175147120917838 0.4776570610528816 0.47670659881582716 0.4787421937640096 0.4790244239316561 0.4787170060508391 0.4791453645069591 0.47858737788958156 0.48090897427228874 0.4807905685649898 0.47886234650276777 0.4817680529796564 0.4822773629828435 0.479132157062622 0.483404390057736 0.47863390466780276 0.48063939207713713 0.4775838110886613 0.4806173969425874 0.48198639085509964 0.47880544028414745 0.4811507049869416 0.4804617986619147 0.4813408933205745 0.481653216687435 0.478779569053949 0.4800099458163929 0.4783054443511901 0.4812411136207333 0.47934130231283434 
0.31759303422768015 0.47778036090473314 0.4825047754924222 0.47896737199123984 0.4785313515969452 0.4786949878365826 0.47909286650449395 0.4783749769851538 0.48083143783530163 0.480687308963923 0.4789808445857268 0.48174470986077 0.4787970429273862 0.4791378104931387 0.47859751399947764 0.4786334358366255 0.48068374316086004 0.47627793146866865 0.4808319047889875 0.4787884966846712 0.47879449208695124 0.4808159800149767 0.480970689216205 0.48135260332039614 0.4817893911890389 0.47866893837170554 0.4800403545318136 0.47811823913356566 0.48140066771301987 0.4793675961914206 
0.31818613842596766 0.47778036090473314 0.4825047754924222 0.4789577695787648 0.4785313515969452 0.4786953442736946 0.47909286650449395 0.4783749769851538 0.48083143783530163 0.480687308963923 0.47886657008297345 0.4757452140057692 0.47867583082098625 0.4791345558163434 0.4785971037383579 0.47858473189516737 0.48068374316086004 0.47627709110338895 0.4805630803395577 0.4783958146131579 0.4787847960260634 0.48082848798374334 0.4810014385365692 0.4813399376666814 0.48165004938137396 0.47866467504362264 0.48003953739054894 0.47811823913356566 0.48140066771301987 0.4793675961914206 
0.3182246189004564 0.4820305199097478 0.47699557222812117 0.4792607879236868 0.47989188782393843 0.4837717228127588 0.4791478367230755 0.47859342724419457 0.4809147640484587 0.4808146233600457 0.47886662440225847 0.4817655747928521 0.47879150885043925 0.4791453685908193 0.4785254432359895 0.47863422419076357 0.4806429618003729 0.477584061527213 0.48063323296930094 0.4819864933888528 0.4788054406887613 0.48115166454455355 0.4807634130767795 0.4813425801325351 0.4815063867484378 0.4786666902111051 0.48000908322559654 0.4781311698280938 0.4813816692728431 0.4793413673214235 
0.31854095894588536 0.48226588796463066 0.48257169798394806 0.479244926972581 0.4798200015767139 0.4838668910315311 0.47909386729002645 0.4783749769851538 0.48083143783530163 0.480687308963923 0.4789808445857268 0.48174470986077 0.4787970429273862 0.4791378104931387 0.4786352417484014 0.4786195588734056 0.48111981292552647 0.4763443391688054 0.4808319047889875 0.4785806445614318 0.478804913781574 0.4808497233867138 0.48096248641731043 0.48135260332039614 0.4817891776809953 0.47867279673125585 0.4800403545318136 0.47811647397574414 0.48140066771301987 0.4793675961914206 
0.3191930070616351 0.4829522511053294 0.4839893763586183 0.48389538405679017 0.4780159606873158 0.47899131113253957 0.47902703070015124 0.4785809321567179 0.48065977306265006 0.48094717586034613 0.4788996904444465 0.4817150063537208 0.4791448119227977 0.4791554777300883 0.4833341026698218 0.47864742138204225 0.4807898748706975 0.4775981020711962 0.4779742225344163 0.4820191850639615 0.47875097011451456 0.48121416326289557 0.48073856247314234 0.48135427956851196 0.4817411478549453 0.47878450145787327 0.47972754560756403 0.4781172139380833 0.4797798639117422 0.47933249012231177 
0.319394534189228 0.47781303126503627 0.48327605671892787 0.4792991207403499 0.47878524241091425 0.4789025759385525 0.47915239738702536 0.4812827971622737 0.48058489397053167 0.48072352684695796 0.48371863572692914 0.4815252587952597 0.4786811220786482 0.4815706330433478 0.48370336219782695 0.4801636471393643 0.4835768754594191 0.4847619759232709 0.48087900786769794 0.4819505923165369 0.48303230462508034 0.482444305964177 0.48037655523063794 0.4813391854447026 0.482168199490682 0.47885830747447455 0.4792892178212684 0.48377457042091443 0.4815317599731098 0.47934934961894954 
0.32020409593848675 0.4825738522871889 0.483233668146378 0.47945212034450363 0.48707460542357417 0.47907599533461825 0.48965213003595776 0.4812187246275607 0.48794758467005805 0.48916306322317477 0.4831829934602841 0.4871394528237714 0.4924922800326816 0.48155298490049664 0.4878165138425483 0.47883055425133464 0.49061003455896984 0.4781566223242481 0.4801338519143974 0.481201912380758 0.4906219539526694 0.4833021206422266 0.4804790467267466 0.48143345299833984 0.4771736717465786 0.478900511312174 0.4874281211886359 0.4791341125991182 0.4814676068947233 0.47954644032966004 
0.3208314825022791 0.48243779965820704 0.48298595528904287 0.47939220596185217 0.48730561500694486 0.48406010650609727 0.47882473230798794 0.4813003895229288 0.48036688848242926 0.4806833792685815 0.48341307743008016 0.4820203582359213 0.4867942808960974 0.47950684321046616 0.48370336219782695 0.4867530497694669 0.4906776409425435 0.48444238874893164 0.4914340290673963 0.4820973884259671 0.48300678964756855 0.4774291026094461 0.4894204909706323 0.48175326800050955 0.4822414847920386 0.47877811089165306 0.48405140522360124 0.48377457042091443 0.4797831888723368 0.47934922327223733 
0.3210871036238925 0.4824355079596168 0.4832393048251934 0.47928473460973436 0.4871707220837964 0.4846722006112443 0.4791521586461425 0.48136835858312915 0.48059152896440316 0.48045312199045503 0.47903426091146106 0.4826339060331694 0.4870372681596468 0.4795374181649788 0.48370540076228363 0.4801517488709253 0.4839379294619153 0.48462804560273803 0.4805679572571394 0.48216919124268787 0.4830336882510049 0.4822455530319337 0.4807611409819219 0.4813422066308375 0.48150521198265567 0.4787917069343855 0.48421717062940883 0.47881662584510126 0.48273432265763017 0.479526070515443 
0.321473543010867 0.48242290543517463 0.4832336723372936 0.4792988727366848 0.4864311956591174 0.484148196944715 0.4791521580923409 0.4781103202867156 0.4801063666573711 0.4806017137002851 0.48371864326246844 0.4826195440068961 0.4867918325649488 0.48157058382578694 0.48370636453982 0.48019184195739995 0.4809865166315725 0.48475538923474354 0.4808738921992663 0.4819617573492691 0.483301804906021 0.4820408149175635 0.4803585500973505 0.48178498074015236 0.4884523389926735 0.482287290347044 0.47928975260653933 0.48377457042091443 0.4815317599731098 0.4795300847023144 
0.3215251566090611 0.48243535406172533 0.48323416063366303 0.4792988727366848 0.4864830497723766 0.484148196944715 0.4791521580923409 0.48127966034965786 0.4801063666573711 0.48072352684695796 0.48371864326246844 0.4826195440068961 0.4867918325649488 0.48157058382578694 0.48370636453982 0.480187390397324 0.4809859859662595 0.48475538923474354 0.4808738921992663 0.4819617573492691 0.483301804906021 0.4820408149175635 0.4803585500973505 0.48178498074015236 0.48845612191416954 0.4824013386158078 0.47928975260653933 0.48377457042091443 0.4815317599731098 0.4795300847023144 
0.32252196312758735 0.48240222532373467 0.48322958565155866 0.47939220596185217 0.48730561500694486 0.48406010650609727 0.47914470971519063 0.4813003895229288 0.47956471948925106 0.4806833792685815 0.48341307743008016 0.48203530377726644 0.4867947774955939 0.4814604539676036 0.48370336219782695 0.48676080042373293 0.4838791974228196 0.484439479245992 0.47975880347499683 0.4819505923165369 0.48300678964756855 0.4774291026094461 0.489535871407345 0.4818726323520451 0.4822414847920386 0.4787780598423076 0.48405215713084815 0.48377457042091443 0.4797831888723368 0.47934922327223733 
0.32264697297726663 0.48240222532373467 0.4832295912967649 0.47939560559655797 0.4873347469108919 0.484148196944715 0.47914470971519063 0.4813003895229288 0.47956471948925106 0.4806830886226363 0.483409875405027 0.48173470107134636 0.4782253791382005 0.4815304785332018 0.48370336219782695 0.48673588413020963 0.48389534784434163 0.48475532130805893 0.4806896160704162 0.4819505923165369 0.4833163243999564 0.4774291026094461 0.48073992659309417 0.4818726323520451 0.4821737774923825 0.4789292962181963 0.4841040035684289 0.48377457042091443 0.4797831888723368 0.47934334317250105 
0.32272207974237366 0.4824355079596168 0.483239390065106 0.47939799305505737 0.47946701520676605 0.4841465861302098 0.4791521580923409 0.4812998311846816 0.48793944070561346 0.48045316659475806 0.4841014424152173 0.4826339549947636 0.4869084238519802 0.4811478758960905 0.4837063505928627 0.48684961779582203 0.4808203600948978 0.4847553243983052 0.4808350957049233 0.4814842259946143 0.48303463725701423 0.48220011068042384 0.4803563597216589 0.48178586929172673 0.4879649081806188 0.4786756667682224 0.47926120853273696 0.48832522246406707 0.4827943423833069 0.4795260243907111 
0.3233199640497668 0.4823512996024311 0.4904323509055685 0.493249399502793 0.48966645473749515 0.4910874337132542 0.4906674164959922 0.49184243713994724 0.48751682715418404 0.4888939723012167 0.4849632664774579 0.4919156078718544 0.48685504268669 0.49088849652179434 0.4882308076566372 0.49212812208193596 0.49006901991364105 0.4901895982604983 0.49079929549057827 0.49016478931643737 0.49018665249294535 0.4902942777183229 0.4917831099013754 0.4897772825680113 0.4896085885142214 0.49148156306504814 0.4889854118910593 0.48932949648639396 0.48815121850228954 0.4900299242813181 
0.323551103939596 0.4902428065791671 0.49082846305676525 0.49316330045127 0.48721159336397357 0.49113700491716067 0.49036120143542744 0.4893065238062095 0.48833656471418985 0.4809420595033588 0.48424367664168777 0.4924256342041565 0.492640783392507 0.48155298490049664 0.4884964291813738 0.48657204274306776 0.4900906128794025 0.49016629176146564 0.49055442525739 0.490164974432649 0.49026198536978105 0.4901084531278108 0.4917836430138164 0.4809686578074913 0.48805675847245633 0.49148155023709034 0.48810404627881 0.47780546036942684 0.4879044116442084 0.48994235921096135 
0.3237193722002283 0.4901988834270874 0.4908539635063965 0.49308743888021417 0.48966645505341605 0.49173942202444815 0.4908223938021908 0.4866323550088776 0.4881903070634627 0.4905228954197389 0.48495421287514473 0.49191703132464004 0.489943935622924 0.4908859098850121 0.4881519881396454 0.4919528215469589 0.49026153209820295 0.490191543630818 0.49036918937294305 0.4901590001057045 0.49109653584496527 0.49030776701848816 0.49173769566708886 0.49026690106692034 0.489974968119065 0.49149049958212315 0.48808645105101456 0.48890520811149263 0.49127661889733565 0.4899809537354077 
0.324675000130577 0.49047516498905663 0.49032373707123 0.49066230801324767 0.4896661157417858 0.49112924544224 0.4906734631581862 0.49203029001003384 0.4881910352369761 0.4884563347012706 0.48468232754669444 0.48697466126905165 0.49003234176485255 0.4938059212011346 0.4881519958064636 0.49214622038016764 0.4902613880529562 0.49019226153446827 0.4904901007767824 0.49035959429050935 0.4911014018005004 0.49030964582167186 0.49222414053168856 0.4896815554489946 0.4903767749055611 0.49148422894428384 0.48786566744341925 0.48863623892829383 0.48778655050891917 0.489940703687233 
0.3247432346114126 0.49047516498905663 0.4904229717108189 0.49066230801324767 0.48966172720976825 0.49111418540501145 0.490666654066937 0.4888319118071023 0.4881910352369761 0.48841673340316655 0.48468232754669444 0.48697466126905165 0.49003234176485255 0.4938059212011346 0.4884709949488877 0.4921468878298384 0.4902613886433935 0.49019119183820936 0.49049002994132235 0.49035959429050935 0.49067615446282814 0.49030964582167186 0.4922109105754371 0.48967831440312887 0.4903767749055611 0.49148896677057063 0.48786884396556374 0.4886308240183269 0.4876867029085677 0.48972269396277884 
0.32513717864773295 0.4903320107429 0.49280951481298324 0.4905508173889956 0.4895560091014818 0.4917586030326649 0.49016468716635947 0.4886275886049926 0.48829039254745626 0.48830412078499463 0.4937653396867373 0.4864883634164207 0.4900206127466285 0.49088766449626514 0.487991970279833 0.49211472453310756 0.496937624790032 0.4899028681452578 0.4903012840223689 0.49013064528553874 0.4902103266212203 0.4903070083171484 0.49169650383677066 0.48966554055826417 0.4900136105941986 0.49141174430405876 0.48812936746853286 0.4916201617733764 0.4912817217622924 0.4899664364536324 
0.32543036071801923 0.4843748644020262 0.4904077876133846 0.49318674650202265 0.4901801418148104 0.49110310719874734 0.49318518457161337 0.4889177167151981 0.488290179428299 0.4883049211848184 0.4931569804544215 0.4920144844733163 0.49244854346138434 0.4942024710666149 0.4884611804513069 0.4919536169999424 0.49025308362446796 0.4901704267089696 0.49049132440011206 0.4901447633029898 0.4911239056325575 0.49005609186264576 0.49173769566708886 0.49026722580048454 0.48997368933276303 0.4922189105127255 0.4880921490519614 0.49147294855637563 0.49127661889733565 0.49035754217172534 
0.3259926659233029 0.4905228242713187 0.49326269554243996 0.493127529775635 0.49025345898766165 0.49178343255046575 0.49034184564095884 0.48886316398055357 0.4882373521787731 0.4906547096397672 0.4928587768044531 0.492017303153779 0.49244900189363083 0.4940712201600513 0.4884604120560233 0.492171958703532 0.49026073182874547 0.4901666562759603 0.49049095067849846 0.49013818535330506 0.4911378700924743 0.49005745494620445 0.49174016176035035 0.4896484781664906 0.49047635013149654 0.49176417118830956 0.48809541294076 0.48855484332638704 0.4910089238885892 0.4899443156744193 
0.3271774636004382 0.49055471653314603 0.49326456750825043 0.493127529775635 0.4896704628401757 0.49178343255046575 0.490311565820972 0.49207604948245365 0.4922610771004717 0.4906270158844109 0.4937695655710258 0.492017303153779 0.49244900189363083 0.49422307949777794 0.4884604120560233 0.4921719308052866 0.4900822361984827 0.4901666562759603 0.4904896611591498 0.49013833060224077 0.4911378700924743 0.49004049864590427 0.4917401237551375 0.4896484781664906 0.49047847239307635 0.49176417118830956 0.4882276987450722 0.48855484332638704 0.491005916932542 0.49315929938169123 
0.32795984092592534 0.49056316514753995 0.4925513775790098 0.4930564314400506 0.4901957615737548 0.49030408954501964 0.49109844648074596 0.49208098247464577 0.4921110570134234 0.48831701061684013 0.4937788837965504 0.49194515820681306 0.49151161187846915 0.49422121512723755 0.4884664124289288 0.49217821407094875 0.48968369279303053 0.4903729848105164 0.4897756156898882 0.49091539931416533 0.49063976882031685 0.49028328457682885 0.49173520527804954 0.4897470650738218 0.49037081044476016 0.49211493352715296 0.48792321720060283 0.4890251489244508 0.49124893293671534 0.49304730254111945 
0.32848473833236247 0.49965624408048553 0.4928415016448411 0.4947717136192353 0.4898333038224118 0.4979011866741277 0.49116312269149304 0.4919610974375447 0.49212423470504874 0.4815195840449813 0.49471391373027374 0.492601492725233 0.4924078616293952 0.49407273504901694 0.49885426711324415 0.4990980839228069 0.4899866979592116 0.48999819794819444 0.49073440647703165 0.4909462312875827 0.4910000745412368 0.4929007389100352 0.49166478845034 0.4897965777308231 0.4907395239336954 0.4916524871990085 0.494931879020177 0.4968361137947209 0.4910866844261353 0.4899499966837481 
0.32899947277617414 0.4905228242713187 0.49326269554243996 0.493127529775635 0.4903301439050375 0.4993320562006249 0.4903616997506932 0.48886316398055357 0.4882373521787731 0.4977663121139705 0.4928587768044531 0.492017303153779 0.49244900189363083 0.4940712201600513 0.4883862016525685 0.49182443623766925 0.49024714931706065 0.4901666562759603 0.49049095067849846 0.49010331810018587 0.4911394790406811 0.5031327795511823 0.5013875589178841 0.4896484781664906 0.49047635013149654 0.4993585666560146 0.5024347888430447 0.488367066661851 0.5029361865595119 0.4899443156744193 
0.32909047766174987 0.48359013856444655 0.49276703840666214 0.49052189691013587 0.4906767207672122 0.4916738519907375 0.4933772024298333 0.5010548070220172 0.5005234623281652 0.4883645209260539 0.49382912624952485 0.49202644200824247 0.49166289157361476 0.4955337053178114 0.4884410150405451 0.4986475756877944 0.497705158519194 0.49017916592825456 0.4907619887353555 0.4951684988853014 0.491124474790979 0.49002876221609587 0.49214908041323985 0.4900983439530219 0.5023981763102175 0.4913300938119821 0.49481928128105657 0.491391480349607 0.5031389628226334 0.49324783760641877 
0.329399360796411 0.49985416271237365 0.49285828461853537 0.4947446863114804 0.49272705060100486 0.49797738884977627 0.49108246401290034 0.4920109718637499 0.5007366957834959 0.49692186416475614 0.49314396551601086 0.49258293344027754 0.4914973065542489 0.4942137464283652 0.49565671220752433 0.491752527083693 0.4975830554552573 0.49040320031594914 0.4897823668294573 0.4909047825943199 0.4994483330583922 0.4897725207287166 0.4914439477413546 0.49376821656059716 0.5023280960987412 0.4916595052059017 0.49508599949716875 0.49648774960912645 0.4905861532436762 0.4936672760372769 
0.33038923291986017 0.49952248697604773 0.4923855332676995 0.49305842696611735 0.497459178022879 0.49792261874553495 0.4911242943760688 0.49962623088555047 0.4921571903050096 0.4976356870555369 0.4929576225505785 0.49244633814556665 0.49224733903266676 0.4942115130798677 0.49550769634879455 0.497700866875305 0.4975554483301096 0.49652298284046664 0.4892015045233819 0.5001933055419961 0.49945187504208033 0.4898963351633505 0.49539501407159625 0.48965939145379844 0.5023971637238187 0.49132720485947884 0.49615966045681575 0.4964520444171098 0.5021805634631124 0.4944902571607574 
0.3306999746637466 0.49952534912101637 0.4923330359283483 0.49498753481200525 0.49267457133740683 0.4980019103153884 0.4922715516309598 0.4919351232605805 0.500739909539492 0.49737519055148055 0.4931385892108757 0.4924019189075509 0.4920353014524608 0.493988399722769 0.4956918409613916 0.49865817490830394 0.49758892438254615 0.4942484693509683 0.5000489413701132 0.49071813640911555 0.49944823534637955 0.4897706924194004 0.5040968534892357 0.48941001659157957 0.5023888914743845 0.4915952451794779 0.49501567252533885 0.4965300009897716 0.5022584031868761 0.49422536282713503 
0.3314314461598417 0.4993846121859802 0.49299442416794315 0.49509531470531687 0.4968788515520964 0.49840418392825375 0.501378671006874 0.499802118770952 0.500239430502376 0.49742799966718404 0.49962651090129645 0.5015769510531247 0.49165598533427046 0.5032176936544501 0.4985756093224338 0.49785407327922765 0.49779488968241226 0.4978824039911126 0.499812378093186 0.5007281273930695 0.49972023109454844 0.49536377594142145 0.5010413772941142 0.5023988362516847 0.5039794270018857 0.49948228480483087 0.5045034140655207 0.5043338649508635 0.5025353135855014 0.5005511438316405 
0.3315368994565108 0.49603916539781084 0.4928087874000362 0.4950922877136937 0.4967237050358537 0.49808061415987376 0.49325324035231777 0.4997653723314097 0.5004481796946877 0.4977650781553181 0.494340245138164 0.493198964511315 0.4914908481116661 0.4955225843602695 0.4985269315826848 0.4978000442527003 0.4968541647209813 0.4976549981147731 0.49999462080645923 0.5012385229417721 0.4988304066994892 0.5030208299249364 0.5015680320915341 0.5025439760854437 0.49049387679593 0.4993980169229732 0.5022328971299451 0.49684787565196376 0.503079261673671 0.4938925153510995 
0.33193848142228954 0.4995164749346181 0.5005206042699847 0.4950922843512606 0.49705766994308237 0.4944733567626904 0.49374326921560724 0.4997858943289621 0.5004472534012407 0.4974851868810376 0.4996457677896782 0.4912474462486401 0.49903067103106286 0.4955161522634408 0.4979804960447677 0.49777699370415834 0.49779950298223463 0.49773491690724786 0.4999148827098488 0.5002066441565719 0.49921828507961064 0.5043348079716528 0.5015674110231526 0.5021191592491103 0.50242128267434 0.4995695539796156 0.5025022398353015 0.49665328315350976 0.5030732324782275 0.49419109529993815 
0.33246580813940685 0.4996348156712474 0.501010151962951 0.49522100103079325 0.4966756089005814 0.49874199568545574 0.49389746751071495 0.49921832796011706 0.500168192487178 0.49738779528685545 0.49337851815632267 0.49236780507274924 0.4920363467592149 0.5023790029550885 0.49799901581751854 0.503067817267921 0.49613159125145606 0.4969828984770425 0.5000415180438885 0.500730819935619 0.4992898931346653 0.5038340653832802 0.5043885502129901 0.502386606969185 0.503086506032008 0.49951770108375426 0.49500859910976636 0.49687957225850493 0.5024938874467743 0.49430418505210305 
0.333349654942381 0.49952495410163605 0.5011159871454364 0.504430559799001 0.49749141592497703 0.49839879021975103 0.5013781178160415 0.4995560161739197 0.5003325342062668 0.4974842347588778 0.4996261471141798 0.5019941448137617 0.4991917369956246 0.5027788040799196 0.49857132854276703 0.4977857080316448 0.49740307824878965 0.4978988557701422 0.4999161060991896 0.5007289486626125 0.49920218037398184 0.4953694480620724 0.5008090304674074 0.5059050511955796 0.5026134573609634 0.4993218280435218 0.49665877998547125 0.4983494395194159 0.5032209902656994 0.5005450102768947 
0.3342035519468905 0.4995346891963328 0.5010101198318967 0.4952874261676122 0.5022620869439949 0.49873168586399186 0.5013334811505825 0.49954089608593794 0.5002712117177345 0.49731178165662626 0.4996220728166273 0.5020218332144709 0.4993350647599301 0.5027312617383538 0.4985391435380341 0.4978608235753067 0.5043137570802838 0.49786864394018215 0.49998975931281137 0.5007332900827648 0.4991945455742092 0.4962092149429393 0.5038478118965769 0.5023942451067088 0.5024128813946184 0.4994770531025142 0.5032863546850326 0.49672699007610727 0.5027892579259013 0.5015388124874977 
0.33465747456462264 0.4995403507000202 0.5010101073810341 0.4952874261676122 0.5022620869439949 0.49874082472253745 0.5013334811505825 0.49931383630885706 0.5002713929602 0.49727668777466544 0.4996260082643249 0.502034334562846 0.49933545355119385 0.5023888318933838 0.49872559300201974 0.4978177710808216 0.5043079600215525 0.49800322167233035 0.5001482215184192 0.5007493887785167 0.49948824452781765 0.4962092149429393 0.5006538159238307 0.502391814693458 0.5024152740920041 0.4994770531025142 0.5047435450982015 0.49672689326870273 0.5027892579259013 0.5015384186033032 
0.33513753307087746 0.4997118966487959 0.5009885608447364 0.5042088094183867 0.5020341277089031 0.504439250972981 0.5007840238319335 0.5027091232273759 0.500008365117493 0.4974923891915019 0.5034996473733018 0.5027680779835669 0.49931819430115676 0.5078147872079531 0.5048676979280907 0.4984628682866717 0.5066860252299876 0.5055662357247318 0.5000392134650332 0.5007486643365956 0.5051066976577554 0.5036198761542633 0.5039901600201249 0.5057824645565826 0.5073955997161651 0.49974715523792257 0.5046651314232099 0.4966380635355634 0.5062294136248281 0.5013338868418289 
0.33554916797483914 0.4993846121859802 0.5011147378789802 0.5046294175836825 0.4968665809677404 0.4987410708884338 0.5013243279018202 0.5026678338471369 0.500218648499901 0.4972770595572527 0.49967836081735284 0.5027768068579852 0.49932096579605617 0.5023681703815411 0.504771659911793 0.503454222647656 0.4978901208079314 0.4978824039911126 0.49990943659579795 0.5097097762608812 0.49972023109454844 0.49621488850158796 0.5010562943622482 0.5023989580500969 0.502454693816507 0.4993240333590668 0.5047385922608062 0.504378626458252 0.5029985982505506 0.5005355185451346 
0.3356688978888078 0.4997129159414151 0.5009885608447364 0.5042704729116148 0.501607275841444 0.4987823412425142 0.5007824208619622 0.5026861614245994 0.500008365117493 0.4972676828355059 0.4995926694991281 0.5027680779835669 0.49932112237403814 0.5078147872079531 0.5048676979280907 0.4984979891172043 0.5070039193871728 0.5052544015978785 0.5000392134650332 0.5007486643365956 0.5050952045396679 0.5035954687288833 0.5040195454990338 0.5057824645565826 0.5073955997161651 0.49974715523792257 0.5046430610780374 0.4965159299343881 0.5030502844993501 0.5013338868418289 
0.33647081427269004 0.5079953133306466 0.5057348008734892 0.5044247953674733 0.5026923861625417 0.5040682376301275 0.5054830897897371 0.5026734730904825 0.5095562223274184 0.5058081323626297 0.50511234243996 0.4932884888556104 0.504386061929295 0.5077315507206568 0.5049412412684566 0.5033345480214029 0.5068596658672069 0.5054827613967703 0.5074211618163638 0.5097580011313387 0.5055521978455131 0.5066960816016735 0.5038090377187057 0.5061932739583355 0.504115790468347 0.5072665740629789 0.5025549614860346 0.5149428340757816 0.5031590045843368 0.5014786480935235 
0.3371638345802613 0.5085441949260437 0.5052358150818106 0.5046435698849652 0.5028705837020089 0.5046487137361755 0.5118323737734044 0.5031964207729515 0.5096730006828287 0.5059722818847783 0.5066716051012723 0.5082068272082397 0.5044429296959162 0.5073546479935368 0.5099670506341756 0.5033355271993771 0.5079942905216831 0.5057479026230304 0.5074647976203188 0.5096271827548258 0.5050984302017586 0.5066869102461623 0.5040225872966985 0.5059018046600325 0.5042524679737076 0.507346827314076 0.5112815108385538 0.5043476946844149 0.5030025923706184 0.507506968013125 
0.3373563644235847 0.5085015671837567 0.5057373095331885 0.5045733675858223 0.5100141186312395 0.504731065473234 0.5058056649956323 0.5113200005191052 0.49996150476514906 0.5058244137556378 0.5065475727443479 0.5080098937617933 0.5067820832779247 0.5073513350341866 0.5045575242585599 0.5033355043164399 0.5082709237977356 0.5063603700459393 0.5074651599663811 0.5096260882134671 0.5055865176784612 0.5036939385040341 0.5101082716294715 0.5060590484728099 0.5041155480129268 0.5072400615761464 0.5024284406732891 0.5043485188493707 0.5030242884193493 0.5074909075254097 
0.33772059775302304 0.5084963396033696 0.5057581577723089 0.5046703542837018 0.5025260936339606 0.5042005347841284 0.5113980512801476 0.5027802515706215 0.5065848382621085 0.5057732614984825 0.5065564284662135 0.507819644920953 0.5067176203239344 0.5072797245894201 0.5102562348059361 0.5033384012461224 0.5071310802839698 0.50668833646695 0.507465217030784 0.5096482072364406 0.5055003798218607 0.5035120461115351 0.5036856582656379 0.5061288729397174 0.5040868390865625 0.50670696050847 0.5022004719756219 0.5027478688965575 0.5089118561201565 0.5003462204395424 
0.33849117197631057 0.5085007036822244 0.5053977655840437 0.5045732123127931 0.5100141186312395 0.5047703396453089 0.5058056649956323 0.5113200005191052 0.4999572747045599 0.5058244137556378 0.5065936019908008 0.5080098937617933 0.5067820832779247 0.5073434161835397 0.510142296044042 0.5033355076431726 0.5082279140673024 0.5063603700459393 0.5074651748550507 0.5096492888691783 0.5051174077828481 0.5066935001746793 0.5102335151763394 0.5060590484728099 0.5041155480129268 0.5072365214056848 0.5105548790318124 0.5043477023629132 0.5031590371872904 0.5012547433845843 
0.3385476628900133 0.5085007036822244 0.5057582917153601 0.5045847922727756 0.5100141186312395 0.5047766575784064 0.5058056649956323 0.5113200005191052 0.4999572747045599 0.5058244137556378 0.5065563379006114 0.5080098937617933 0.5067820832779247 0.5073513029486821 0.510142296044042 0.5033355076431726 0.5082279140673024 0.5063603700459393 0.5074651748550507 0.5096492888691783 0.5055865176784612 0.5066935001746793 0.5102297457920772 0.5060590484728099 0.5041155480129268 0.5072365214056848 0.5103282820311903 0.5043477023629132 0.5031590371872904 0.5074909075254097 
0.33946824630271294 0.517046713441747 0.5132989440729216 0.510674335127123 0.509988807589148 0.5107660940880082 0.5118655869544747 0.5121251675291559 0.5107155812725284 0.5124532460323435 0.5067313006245127 0.5082301853854333 0.5125646252537499 0.5122250539433031 0.5096830903773172 0.508952358640758 0.5070584757700701 0.5106005477588296 0.5074201992827326 0.5096478290214095 0.5126847376958936 0.5147852782137682 0.5112441982010875 0.5043845660900322 0.5095375790049398 0.5095898345048834 0.5105397380923884 0.5079812607610703 0.5088259802643872 0.5074498363804907 
0.3395750360739602 0.5079891371835298 0.5135935797606328 0.5106761287606805 0.510109800587769 0.5107724215885414 0.5055022102687602 0.5121197599440014 0.5104072103288806 0.5135881486996812 0.5067312993259937 0.5081095565188478 0.5125646211690913 0.5117709674403113 0.5098262696163691 0.5100308198040728 0.5083921513778599 0.513805226752364 0.507419563802565 0.5096468754261828 0.5127287414416798 0.5116964139930976 0.5112440919693609 0.5095869605610183 0.5095307503308568 0.5095859833585316 0.5105362429247042 0.507982699672086 0.5120977214215099 0.5075068392890584 
0.33974572650267393 0.5079568188048181 0.5135935944042427 0.5107412363825604 0.5030057697403442 0.5107724215885414 0.5059723819891471 0.5116971701563675 0.5104071750511481 0.5122834059696827 0.5067312993354194 0.5082450038926154 0.5125649220219356 0.5119132850205946 0.5098710074558316 0.5100308198040728 0.5083757344061886 0.513805226752364 0.5074252009969883 0.5096270506807322 0.5127287414416798 0.5050406642376182 0.5112591198755669 0.5096216564491876 0.5095307503308568 0.5097430291323555 0.5105421751789757 0.5079824720844581 0.5120982707063837 0.5074822012499388 
0.34033664414348164 0.5079701635689772 0.5053218727160379 0.5104917087316019 0.5100423134903994 0.5107662839025854 0.5116440522096425 0.5112961064560233 0.5104051830877665 0.506039756903563 0.5109908729103921 0.5078420685549814 0.512752821556815 0.5122580429291915 0.5097611859339789 0.5100356973443065 0.5083892557973545 0.5105960381871762 0.5074144154126465 0.5096468911738434 0.5091953866648619 0.513264390254469 0.5101796186681022 0.5098668983147401 0.5094823947546042 0.5099042359642059 0.5103514920452968 0.5079709842351574 0.5116064503059421 0.5071138738806704 
0.3405047913202192 0.5079705532251095 0.5053218727160379 0.5104917087316019 0.5100442341344914 0.5107612596108151 0.5116026042254579 0.5112961064560233 0.5104051830877665 0.5122547690983719 0.5109636618580053 0.5078420685549814 0.5127510971821571 0.5122580346857216 0.5097611859339789 0.5100356973443065 0.5083892557973545 0.5133895791990312 0.5076460215050862 0.5096468911738434 0.5090489974638082 0.513068579302727 0.5101796186681022 0.5098668983147401 0.5094823947546042 0.5099042359642059 0.5103494426759302 0.5079706532338112 0.5081220900496674 0.5071332664751184 
0.341820447293161 0.5080773803846547 0.5131027636505694 0.5105412593587361 0.5100124226127354 0.5107605149773187 0.5116950745772125 0.5121245944555056 0.510408501269053 0.512470995411184 0.5065699070721452 0.508105188334702 0.5126026712875371 0.5122250377143174 0.5102060908419472 0.5099938568813489 0.507107516592253 0.5138794785318845 0.5074237005446656 0.5096485054628381 0.5128697463601423 0.5133455710257904 0.5096640906487817 0.5061203607272644 0.5094807037042526 0.5096810896874552 0.5099585100672183 0.5079697556149182 0.5084848030677525 0.5071236639176119 
0.34194003226359965 0.5079891371835298 0.5136666043741133 0.5107272416480884 0.510109800587769 0.5107724225457533 0.5116644897896505 0.5121218070702108 0.5104072103288806 0.5135960354564413 0.5067312993354194 0.5081094928611606 0.5125660121833655 0.5117771560409885 0.5097580912714516 0.5100308198040728 0.5083915161227159 0.513805226752364 0.5074202335086677 0.5096468605426954 0.5127317562576775 0.5132476650421205 0.5114021069381006 0.5062627526452844 0.5095307503308568 0.5097502197020289 0.5105362429247042 0.5079827015041283 0.5116678145067944 0.5075064345685495 
0.34250669028147074 0.5079739816099087 0.5139376331759293 0.5106714470171052 0.5136371391504401 0.5107659742673635 0.511664060838677 0.5121219319224923 0.5104070774967389 0.5136219015824937 0.5067312986889412 0.5082316350036972 0.5125649208010385 0.5122463835283597 0.5098276972356837 0.5131354835971702 0.5083886567351384 0.5106320119852537 0.5074195639072546 0.5096468415978117 0.5127277224688226 0.5132946855464241 0.5112435555996471 0.5092638119090289 0.5095305706333713 0.5095898345048834 0.5105396812986152 0.5079827022772015 0.5103343429973735 0.5075063301038668 
0.3430074381736055 0.5079891371835298 0.5059347299219615 0.5107234943345901 0.510109800587769 0.5107724215885414 0.511686679179555 0.511295217723157 0.5104072103288806 0.5135960354564413 0.5067312992321923 0.5081094928611606 0.5125649220219356 0.5117709674403113 0.510148809739714 0.5100308198040728 0.5083921513778599 0.5138050473988122 0.5074195419776223 0.5096491027229441 0.5127105505326234 0.5116964139930976 0.5112591198755669 0.5096230484557248 0.5095307503308568 0.5097439100952567 0.5105396555152075 0.507982694503234 0.5116678145067944 0.5075064345685495 
0.3431683839843032 0.5079891371835298 0.5135940390067292 0.5107272416480884 0.510109800587769 0.5107724215885414 0.511686679179555 0.5121218980409491 0.5104072103288806 0.5135958450098569 0.5067312993354194 0.5081094928611606 0.5125649220219356 0.5117709674403113 0.5098262696163691 0.5100308198040728 0.5083921513778599 0.513805226752364 0.5074195419776223 0.5096468605426954 0.5127287414416798 0.5116964139930976 0.5112591198755669 0.5096230798998405 0.5095307503308568 0.5097430291323555 0.5105362429247042 0.5079826947854146 0.5116678145067944 0.5075064345685495 
