5.001001776806347E-5 1.0007079759758508 
0.012910405502882309 1.000547978388718 
0.02593389206690647 1.000320097585652 
0.03948309917847101 0.9999039995180665 
0.053324073780253195 0.9992113523564572 
0.06744066029984686 0.9983423239442354 
0.08202677139924913 0.9973466646783901 
0.09683340654488858 0.9960187630657059 
0.11207558030592557 0.994355921065118 
0.12766089869821293 0.9924715199736845 
0.14354046742998924 0.9902872250418323 
0.15984133254019353 0.9877934055658987 
0.1764108579389574 0.984945256311061 
0.19338250475780325 0.9817633199430192 
0.21071115385461703 0.978205010317445 
0.228309427912339 0.9742273615179755 
0.246309053682695 0.9698431613252233 
0.2646072848335271 0.9650169598714179 
0.28320290090007344 0.9597050685364694 
0.302069467362415 0.9539464940920096 
0.32128448238018875 0.947777922247081 
0.3407345582323029 0.9408359956523864 
0.3602848671696798 0.9335461327842471 
0.380188838208847 0.9256125251096528 
0.40020935369514765 0.9171222689340245 
0.42043306607602776 0.9081236905954638 
0.44061603829048857 0.8984452831426112 
0.46105107315435434 0.8880904669143622 
0.4815698403637041 0.8771251826220519 
0.5020353441601261 0.8655634622878742 
0.5224719009160373 0.8534021514204627 
0.5428442572332981 0.8405626069403811 
0.5631201919890265 0.827105328863749 
0.5832927344438613 0.8130160380248792 
0.6031169791198503 0.7984088065408858 
0.6228830719023718 0.7831095111180443 
0.6423473198641576 0.7672387141485301 
0.661468033917405 0.7508172178864987 
0.6801795205575106 0.7339046957093407 
0.6985808711786953 0.7164588189907619 
0.7164720358898417 0.6985462018879676 
0.7338978908096043 0.6801757051292326 
0.7508855987468738 0.6614973442328625 
0.7672380005010906 0.6423245343116208 
0.7831050631050488 0.6229218765937844 
0.7983408670720261 0.6032358939411648 
0.8130770701425197 0.5832381364244522 
0.8270842431566728 0.5631534576682208 
0.8404475345787515 0.5430254691274363 
0.8533772398030653 0.5224753225775927 
0.8655661619158841 0.5020242522914609 
0.8771462161833906 0.4815508878237822 
0.8880949420910619 0.4610426936633603 
0.8983466630647033 0.4407187656152784 
0.9081317950554707 0.4202927164075283 
0.9171828794046518 0.40013898018698174 
0.9257117035874679 0.3800534176001295 
0.9335986210678375 0.3602565049159549 
0.9409080923037239 0.34066424452389 
0.9477423879072563 0.32123609589152413 
0.9539922560559085 0.3021036232512369 
0.9597489868478668 0.28322245544240887 
0.9650735102440016 0.2646305568757391 
0.9698759005340363 0.24628200037190517 
0.974272859219592 0.22833365571559208 
0.9782189541995523 0.2107145839302532 
0.9818746440356013 0.19330857425278558 
0.9850072042302785 0.17642258362051824 
0.9878772895170839 0.15981056846773575 
0.990419560643285 0.1435454696243656 
0.9924581259317419 0.1276391752942301 
0.9944242013052591 0.11204829334231772 
0.9959379694659375 0.09682379482001005 
0.9972660796048518 0.08192282270937433 
0.9983892157360729 0.06747393133018695 
0.9992495148977266 0.05330135667043584 
0.9998553621522834 0.03950821979769503 
1.0003967899351405 0.02599492258879219 
1.0005816977312083 0.012548740492738032 
1.0006359576835875 1.2242520872866462E-4 
