0.9999681851580428 0.49999216140052255 0.5000070905896818 0.4999877848482347 0.49995508865287625 0.5000045991399212 0.49998165614818363 0.5000156012962923 0.5000024080974566 0.4999739035158837 0.500004359586319 
0.99178593781533 0.49999215591797685 0.5000070686297071 0.49998779469544896 0.49995506868033407 0.5000045952239983 0.4999962649162988 0.500011922466382 0.5000030372820672 0.4999741252524034 0.5000078229280471 
0.9834989509876668 0.49999391022048706 0.500007089984013 0.4999877653410183 0.4999550898678856 0.5000047275407891 0.4999969499054396 0.5000186194169025 0.500002534513287 0.49997468185740523 0.5000065592783948 
0.9748749181541996 0.4999921642188266 0.5000070951215687 0.49998787322587207 0.49995508806740224 0.5000045991908557 0.49999703504207543 0.5000182360639714 0.5000076724590857 0.49997366219067585 0.500008282446228 
0.9660582438182905 0.499993912143066 0.5000077128428835 0.49998778825014345 0.4999550902460769 0.5000047275039826 0.49999760540737614 0.5000138377511725 0.5000025025409772 0.49997401345263287 0.500006516821753 
0.9570598910114813 0.4999922187095216 0.5000076521599492 0.4999877796059228 0.4999552814396046 0.5000046067798491 0.49999833269851673 0.5000118935586126 0.500003052388953 0.49997420963863315 0.5000043873718166 
0.9477587889983339 0.49999216044038575 0.5000070666729025 0.4999878192158435 0.4999551455251352 0.5000046069294166 0.4999771432600542 0.5000119803054455 0.500002547741001 0.49997486601452035 0.5000043461429284 
0.9383014305370955 0.499993815193119 0.5000075452080814 0.49998776686242924 0.4999552761541476 0.500004726987144 0.49997667117845773 0.5000119804399654 0.5000024546097573 0.4999747259141551 0.5000043992742215 
0.9285470410443838 0.4999921606636714 0.5000075888088382 0.499987818496587 0.4999550862144176 0.5000046070951294 0.49999734102740645 0.5000169664292209 0.5000071181521283 0.49997486602937996 0.5000043248835969 
0.9185592503173933 0.4999921606636714 0.5000075888088382 0.4999885181766069 0.49995515409746255 0.5000046070951294 0.49999734102740645 0.5000170725825529 0.5000071058008816 0.49997486602937996 0.5000043199143231 
0.9083612554055336 0.4999927837259504 0.5000073600559225 0.49998851794490035 0.49995515363453114 0.5000045272632786 0.4999974881076083 0.5000170739744427 0.5000023824156956 0.4999748707291147 0.5000040315042863 
0.897869651033007 0.4999933376639302 0.5000073631609105 0.499985950658589 0.4999550360847088 0.500004536517657 0.4999974909588694 0.5000150325041993 0.5000028258030869 0.4999748706939248 0.5000065079834055 
0.8871730920989467 0.4999927613353633 0.500007365841604 0.49998851625377816 0.49995513663945 0.5000045222488816 0.4999969456493989 0.5000139895898265 0.5000027266257708 0.49997484479651894 0.5000040306905953 
0.8761870657527796 0.4999933002088078 0.500007900306353 0.4999884639980675 0.4999551889528558 0.5000045280407525 0.49999928538395577 0.5000150880373792 0.5000028317509175 0.4999748712358393 0.5000065080210098 
0.8649321283925652 0.4999933931492911 0.5000079057203062 0.49998589265236626 0.4999551915229135 0.500004533762172 0.4999969321113151 0.5000150246775792 0.500002786449432 0.49997487046762507 0.5000065097533849 
0.8534532128108651 0.4999933705466186 0.5000075954014371 0.4999887436819624 0.49995513281383064 0.5000045417102891 0.4999969363655183 0.5000139732050002 0.5000026410318361 0.4999748429715589 0.5000065087524665 
0.8416665010667751 0.49999337074202704 0.5000076966006779 0.49998860522436467 0.49995488683284256 0.5000045280723139 0.4999992486626743 0.5000150828051558 0.5000027898596004 0.4999748610944157 0.5000065080511857 
0.8296265732430628 0.49999337860395415 0.5000077074812772 0.4999895430470813 0.49995479383285907 0.5000046494698108 0.49999925182586125 0.5000162781356032 0.5000027883071502 0.4999748610393226 0.5000065743867745 
0.8173222568087504 0.49999337861768245 0.5000077088641675 0.49998954201452656 0.4999549012907166 0.5000006534836041 0.4999969408546999 0.5000139300538982 0.5000027863802932 0.49997486109527306 0.5000065182329276 
0.8047720336106787 0.49999336284139334 0.50000751515486 0.4999869108740785 0.49995490127531267 0.5000007252150866 0.499997326522452 0.5000139171075897 0.500002641956524 0.499974841187714 0.5000064522758711 
0.7919333826943363 0.4999916231636991 0.5000076851424972 0.49998875944317467 0.4999549028890448 0.5000048483069325 0.4999973406501131 0.5000167686479219 0.5000027468662424 0.49996626293370944 0.5000081447995639 
0.7787951575113288 0.49999338224701756 0.5000076211913628 0.499988827248076 0.499954900484801 0.5000045367294947 0.499997183906182 0.500013907092043 0.5000026481496859 0.49997376446400243 0.5000065182767939 
0.7655203021137729 0.4999918531422261 0.5000077248161597 0.4999888765649287 0.49995478858700804 0.5000045251063499 0.499997339982678 0.5000168374387578 0.5000027769736487 0.4999745916291087 0.5000081446657709 
0.7518881926169989 0.4999915912194153 0.5000077134929163 0.49998905359455303 0.49995490325872094 0.5000046807229583 0.4999971779180447 0.5000150425255429 0.5000026258485892 0.4999738984030229 0.5000082116037644 
0.7380526707913411 0.4999933850432995 0.5000076705720357 0.4999890131377652 0.4999547920760613 0.5000046490870327 0.4999971803451729 0.5000139078420477 0.500002615740422 0.4999736906100777 0.5000072457479635 
0.7239703187973056 0.49999341840772543 0.5000077446589699 0.49998903414755086 0.4999547934660452 0.5000046869461858 0.4999770304806437 0.5000124638460773 0.500002625591709 0.49997389754542076 0.5000039950728506 
0.7097302034142765 0.4999918466230817 0.5000077281363002 0.4999884777795496 0.499955245313772 0.5000047176547514 0.4999987580626422 0.5000189665657 0.5000025993474447 0.4999736823860122 0.500007924759839 
0.6951552526389038 0.4999915430466286 0.5000077176889576 0.4999864627503596 0.4999547894057624 0.5000046752475374 0.4999987817369351 0.5000111337211175 0.5000035649860679 0.4999743549335723 0.5000067297120198 
0.680353363656749 0.4999918414638095 0.5000077795386622 0.4999871877911475 0.49995528156127045 0.5000046883316559 0.4999970789257044 0.5000114925844653 0.5000051507881893 0.4999737718392014 0.5000040211800483 
0.6653982671409296 0.49999367925664445 0.5000101822985218 0.4999871898572529 0.499955270333737 0.5000047963762257 0.4999976873300287 0.5000114739063645 0.5000025292028767 0.49997455914636046 0.5000039059030217 
0.6502677650412482 0.49999222789928865 0.5000102888592765 0.4999874778597873 0.4999550095729252 0.5000046775186147 0.49999708540249327 0.5000123340836004 0.5000051576209545 0.4999745600750171 0.5000040198100175 
0.6349466272296805 0.49999372549963694 0.5000082767248645 0.49998718069616027 0.49995527000169115 0.5000046855465591 0.4999976848605927 0.5000114739082283 0.500002647083625 0.4999745600999109 0.5000039079683569 
0.6194632621233385 0.49999388106596554 0.5000082551786837 0.4999890099384516 0.49995527003368434 0.5000046806424967 0.49999767009450785 0.5000114724037287 0.5000025880868583 0.4999745605358813 0.5000040493186254 
0.603807924523811 0.499993712100202 0.5000082767248645 0.4999871765188881 0.49995527000169115 0.5000046855465591 0.49999769070651995 0.5000114739082283 0.5000026471544771 0.4999745600999109 0.5000039112094194 
0.5881405340222131 0.4999939971473134 0.5000072717094787 0.4999889998932929 0.49995525248800765 0.5000046030574113 0.4999976723913863 0.5000115852250923 0.5000026443830506 0.499974334713664 0.500003923625986 
0.5722373388619609 0.49999399844038445 0.500011952649484 0.4999882406232612 0.4999552682373211 0.500004602375719 0.49999742639772876 0.5000114148052814 0.5000026433670746 0.49997453656570956 0.5000040626084913 
0.5562585404074879 0.4999929975655119 0.5000125105200879 0.4999882669391562 0.4999552619509035 0.5000048181988271 0.49999742427908556 0.5000114268399629 0.5000026113808226 0.49997456044647637 0.5000065841740804 
0.5402225744435112 0.4999927951612711 0.5000119786515556 0.4999881872298259 0.4999552682540352 0.5000048560411331 0.49999767666411515 0.500011246637367 0.5000026111490761 0.49997423914851324 0.500006599668466 
0.5241754104564474 0.4999927961794136 0.5000124793035189 0.49998823702798295 0.49995526796699624 0.5000048547174342 0.49999742643021833 0.5000112136621229 0.5000026092532341 0.4999742402118007 0.5000040559135316 
0.5080427776120037 0.4999927979488207 0.5000117888407712 0.4999881709593923 0.49995514709265426 0.500004856031326 0.4999976535450696 0.5000166394767185 0.5000026122255555 0.49997423728962964 0.500006571651882 
0.49193555981553155 0.4999929670675982 0.5000111467929971 0.4999891718539378 0.4999551535204455 0.5000048560638324 0.49999767661348377 0.5000155720602183 0.5000026000252127 0.4999742457566359 0.5000066279999174 
0.47582575207820466 0.4999929699298577 0.5000075245605766 0.49998931626738596 0.49995481706875367 0.5000048593263249 0.4999976735687882 0.5000122878865152 0.5000026117124851 0.4999743317255414 0.5000066279716788 
0.45976265976626307 0.4999927062871675 0.5000110872270966 0.499987845132117 0.4999548169407102 0.5000048593861147 0.4999975530442308 0.5000213156136418 0.5000025987229975 0.4999742435116107 0.500006615205413 
0.4437306355964471 0.4999930604786362 0.5000073372106598 0.4999892338478961 0.4999550779498624 0.500004684022613 0.4999969499645893 0.5000129548449477 0.500002570841836 0.49997467998567763 0.5000065543531689 
0.42778374409917536 0.4999920788954557 0.5000120373180074 0.4999891783949549 0.49995515362587917 0.500004683664673 0.4999976768974367 0.5000126716620285 0.5000052093456127 0.4999743485639254 0.5000066170430463 
0.411945888322085 0.49999210028526647 0.5000077626422033 0.4999878472932215 0.49995515365276066 0.5000048598319404 0.49999767765405395 0.5000118488719366 0.5000025790338506 0.4999746769033277 0.5000066174385117 
0.39614121634759314 0.49999205279231124 0.5000075499754435 0.49998668337171953 0.4999551630183132 0.5000046995277301 0.49999754746484926 0.5000121351987088 0.5000050515415961 0.4999747207013919 0.500006623604466 
0.38056178278530983 0.49999401908583363 0.500007301966334 0.49998923402622863 0.4999550779499113 0.5000046680420748 0.49999698127252895 0.5000120275036869 0.5000025981976356 0.4999746801576001 0.5000040624477383 
0.3651899424070155 0.499993060650771 0.5000076136466113 0.499989573772993 0.49995516367362797 0.5000046513118145 0.4999981551770198 0.5000122351989965 0.5000050380090234 0.4999746871254075 0.5000066230642723 
0.3497423672313772 0.4999930288197704 0.5000075106266308 0.4999896102047127 0.4999551630183132 0.5000046995277301 0.49999817063058205 0.5000121031424892 0.5000025958075908 0.4999740137785358 0.5000066241764848 
0.3345947666497367 0.49999306062193627 0.5000075142525872 0.4999893751128813 0.49995507745181134 0.5000046681114244 0.4999969813471315 0.5000122402922355 0.5000046205025935 0.4999746931528667 0.5000065542209892 
0.3196296264902477 0.4999930606531402 0.5000076122308775 0.49998616366798065 0.49995515376417615 0.50000660091695 0.4999981705796463 0.500012310532281 0.5000046100592984 0.4999746929127807 0.5000079031333206 
0.30483870396289153 0.4999930315209332 0.5000108440621761 0.4999871271304979 0.49995525620246 0.5000067037559912 0.4999973816615265 0.500012319245636 0.5000046414647383 0.4999745527111985 0.5000039153349423 
0.29035610427856146 0.4999930412300554 0.5000101214149762 0.49998712560275865 0.4999551539499065 0.5000046682901659 0.4999969813459485 0.5000123076429929 0.5000045971656021 0.49997469327103744 0.5000040805758257 
0.27594648826189155 0.4999930705107179 0.5000075799185723 0.49998556870706984 0.4999551556231645 0.5000045116811298 0.49999738099050617 0.5000182536848017 0.5000030551904111 0.49997433882674824 0.5000078742456818 
0.26189087251041016 0.4999929923785653 0.5000108440673711 0.49998712662834793 0.4999552550327634 0.5000044195418759 0.49999740939668114 0.5000183464595833 0.5000030602299179 0.49997434247982314 0.5000039146047434 
0.2480081434225268 0.4999929933497571 0.500010292399387 0.49998819851331283 0.49995390060677647 0.5000044647857729 0.4999974099045994 0.5000180452325922 0.500003055256425 0.4999743329973528 0.5000077283889628 
0.2344508418799162 0.49999122233359894 0.5000075837054205 0.49998710839934574 0.4999539108467537 0.5000045071616434 0.4999980232413904 0.5000182638513899 0.5000030444359427 0.4999741722302864 0.5000078538146931 
0.22114716458912878 0.49999338809096744 0.5000075423673999 0.49998716130279847 0.4999538484808362 0.5000045887910209 0.49999743936377516 0.5000166642638935 0.5000026711941599 0.49997417018329027 0.5000082098141938 
0.20804472211401412 0.4999934067016473 0.5000143984733618 0.4999881878588206 0.4999539242987937 0.5000046014964848 0.49999746875230544 0.5000167685502753 0.5000042456903845 0.4999742169191529 0.500007698723152 
0.19523989345018847 0.4999933921605603 0.5000098925572005 0.49998717726874947 0.4999539234887777 0.5000003989449681 0.4999973449841437 0.5000167660895808 0.5000042243331099 0.4999741694254526 0.5000077094047449 
0.18268176705836217 0.49999328968867496 0.5000069492962432 0.4999871060006692 0.4999539234732686 0.5000006943817721 0.49999804591223973 0.5000167660820097 0.5000026592119353 0.4999748429448242 0.5000081189814992 
0.1703781913974325 0.4999918105052975 0.5000073724968721 0.49998850718853677 0.49995300637078033 0.5000045705099498 0.4999967231312549 0.5000166469235722 0.5000026255751125 0.4999737595135237 0.5000082165772726 
0.1583116900749299 0.49999180462684184 0.5000068290353031 0.49998847332808527 0.4999539296112377 0.5000009437225063 0.49999617981234046 0.5000154056199347 0.500002817397756 0.4999749612353093 0.5000083068189339 
0.14655518977777854 0.49999339281450117 0.5000099528349279 0.4999868217958766 0.4999539152283306 0.5000009559917147 0.49999756087960073 0.5000153200734798 0.5000044267375524 0.4999748357991381 0.5000081604750094 
0.13506813685164587 0.49999295606668137 0.5000076406196184 0.49998849964132625 0.4999539116335442 0.5000010715636781 0.4999986110640979 0.50001540456292 0.5000026056002024 0.4999746227239315 0.5000082112273714 
0.12375310254541452 0.49999333754820585 0.5000075002708517 0.499988071668024 0.499953927516708 0.5000048253975989 0.49998222238304335 0.5000147631974329 0.5000028012779283 0.49997465678751435 0.5000093076774326 
0.11282730264486707 0.49999295821553424 0.5000074812416667 0.4999868111688167 0.4999529842490843 0.5000046616514193 0.4999979999691576 0.5000155761778029 0.5000028011529237 0.4999746561320568 0.5000066290396105 
0.10210250509202327 0.49999412403977456 0.500007645309051 0.49998684598213683 0.4999527225972716 0.5000009340948409 0.4999823422745627 0.5000120350743178 0.5000025429549724 0.49997521935034395 0.5000082225464464 
0.09162981777718447 0.49999417240446303 0.5000076613044286 0.4999868172663709 0.49995393441406516 0.500004603932353 0.499997478854069 0.5000153443028811 0.5000035556231928 0.499966005868674 0.5000082508622475 
0.08142812896941556 0.4999941218588107 0.5000077420798009 0.4999880707198689 0.4999549353797543 0.5000045655521405 0.4999983302755396 0.5000120217981504 0.5000027821145542 0.4999746568617982 0.5000107509162798 
0.07143084410329162 0.4999944387331759 0.5000076474721786 0.49998863255601483 0.4999527289087204 0.5000045846385589 0.49998203784068823 0.5000122824613628 0.5000025824533813 0.4999743414118069 0.5000041570048978 
0.06169745691771378 0.4999915822730973 0.5000077096223353 0.4999864866665852 0.49995497188731197 0.5000045711637794 0.4999974533122302 0.5000122725656725 0.5000035781239505 0.4999743311702484 0.5000041602306319 
0.05217950162087442 0.49999273350359774 0.5000102898750325 0.49998858405397645 0.4999548725679286 0.5000005524524277 0.4999974689833447 0.5000122898874327 0.5000027803404132 0.49997435048715805 0.5000041604988134 
0.04295921707006152 0.499995557249524 0.5000077123055763 0.4999881451060865 0.4999524895030128 0.500000971639529 0.49999751768361017 0.5000139478906306 0.5000027883450864 0.4999742117312158 0.5000049143040645 
0.033926030417848564 0.49999448357272186 0.5000077103947279 0.49998815042705524 0.49995248582238205 0.5000006829403913 0.4999963543862439 0.5000139477036482 0.5000028177906674 0.4999742106740632 0.5000048764554965 
0.02514227244944498 0.49999440719614036 0.5000077029303501 0.49998690625580045 0.49995491189779423 0.5000046793378861 0.4999963679158889 0.5000139579720364 0.5000035900202137 0.4999742156876036 0.50000397885442 
0.016538596258814844 0.49999441761035784 0.5000077115338876 0.5000209481262544 0.49995257447297076 0.5000067476715248 0.49999636858941715 0.5000138935359311 0.5000027915189612 0.4999742131219064 0.5000039788373573 
0.007983713401729164 0.49999373788213036 0.5000075174003762 0.4999868704372359 0.49995252044990096 0.5000006161327373 0.4999963012526048 0.5000114805247632 0.5000035437649455 0.49997455698593674 0.5000039581859638 
7.788877415962087E-5 0.49999270370320165 0.5000102974910331 0.4999885661648142 0.499954911274932 0.5000005813081246 0.4999962990090013 0.5000139477245785 0.5000027847634684 0.49997421312235346 0.5000039893772859 
