3.6376018942685076E-8 28.71028893468664 
0.3636763753561442 28.346612595706514 
0.72735533654936 27.982933634513298 
1.0903545243646526 27.619934446698007 
1.4537815610136762 27.256507410048982 
1.8168610169462194 26.89342795411644 
2.1807678714298553 26.529521099632806 
2.543592276066734 26.166696694995924 
2.90784604223778 25.802442928824878 
3.2708964437486343 25.439392527314027 
3.6346415495171835 25.07564742154548 
3.997422531611823 24.71286643945084 
4.3609866316354555 24.349302339427204 
4.7246322640317375 23.985656707030923 
5.0878785654837495 23.62241040557891 
5.451261002097631 23.25902796896503 
5.815807599340962 22.8944813717217 
6.17837518845221 22.53191378261045 
6.541624642587006 22.168664328475653 
6.904162789296295 21.806126181766363 
7.26833625706714 21.44195271399552 
7.631703071142988 21.078585899919673 
7.9949233414732435 20.715365629589417 
8.35973408166019 20.35055488940247 
8.722208582793973 19.98808038826869 
9.085431126991551 19.62485784407111 
9.449059685034875 19.261229286027785 
9.811789697293642 18.898499273769016 
10.176143130939392 18.53414584012327 
10.538924032105639 18.171364938957023 
10.902891318626194 17.807397652436464 
11.266003610640514 17.444285360422146 
11.629486266222546 17.080802704840114 
11.992978927883755 16.71731004317891 
12.356382467838097 16.353906503224565 
12.71999434954055 15.990294621522109 
13.083209815325475 15.627079155737187 
13.446597429211094 15.263691541851568 
13.80973545439083 14.900553516671831 
14.173582027426805 14.536706943635856 
14.536967003348888 14.173321967713772 
14.899491426535919 13.810797544526741 
15.262587058876358 13.447701912186302 
15.627133918336904 13.083155052725756 
15.990418946348756 12.719870024713904 
16.35368874180417 12.35660022925849 
16.717220614175893 11.993068356886766 
17.08108950850762 11.629199462555041 
17.444470472072044 11.265818498990615 
17.807042489414766 10.903246481647896 
18.17088400013908 10.53940497092358 
18.5341106422543 10.176178328808358 
18.89796141273021 9.81232755833245 
19.2606345838389 9.449654387223761 
19.6252146880364 9.085074283026257 
19.98829148267986 8.7219974883828 
20.3510726529289 8.359216318133763 
20.715049984131 7.99523898693166 
21.078627789880635 7.631661181182025 
21.441859102620043 7.268429868442618 
21.805044180376125 6.905244790686535 
22.168136309355326 6.542152661707336 
22.532110383392602 6.1781785876700575 
22.896070861484695 5.814218109577966 
23.258478004586213 5.451810966476447 
23.62230247865358 5.0879864924090805 
23.985535251601824 4.724753719460835 
24.349321945457653 4.360967025605006 
24.71273795314826 3.9975510179144003 
25.075880070285148 3.6344089007775127 
25.43906233774622 3.27122663331644 
25.803026231999425 2.907262739063233 
26.16642858387558 2.543860387187081 
26.529849615854882 2.1804393552077777 
26.892532315368218 1.8177566556944404 
27.256332548987466 1.4539564220751957 
27.61925669565159 1.091032275411069 
27.983144273629602 0.7271446974330563 
28.346483504150086 0.36380546691257487 
28.71028869954004 2.715226206875235E-7 
