1.267002884552948E-9 0.20762565915437226 0.2957716218258001 0.7997292348540889 0.39892818348862663 0.30883964265728725 
0.012667109541206523 0.20762565915437226 0.2957716218258001 0.7997292348540889 0.39892818348862663 0.30883964265728725 
0.025334309148976785 0.20762565915437226 0.2957716218258001 0.7997292348540889 0.39892818348862663 0.30883964265728725 
0.03797783176141592 0.20762565915437226 0.2957716218258001 0.7997292348540889 0.39892818348862663 0.30883964265728725 
0.05063625665624455 0.20762565915437226 0.2957716218258001 0.7997292348540889 0.39892818348862663 0.30883964265728725 
0.06328257506489916 0.20762565915437226 0.2957716218258001 0.7997292348540889 0.39892818348862663 0.30883964265728725 
0.07595771235977003 0.20762565915437226 0.2957716218258001 0.7997292348540889 0.39892818348862663 0.30883964265728725 
0.08859514714848193 0.20762565915437226 0.2957716218258001 0.7997292348540889 0.39892818348862663 0.30883964265728725 
0.10128236762676343 0.20762565915437226 0.2957716218258001 0.7997292348540889 0.39892818348862663 0.30883964265728725 
0.11392767404902815 0.20762565915437226 0.2957716218258001 0.7997292348540889 0.39892818348862663 0.30883964265728725 
0.1265971775198978 0.20762565915437226 0.2957716218258001 0.7997292348540889 0.39892818348862663 0.30883964265728725 
0.13923309987025412 0.20762565915437226 0.2957716218258001 0.7997292348540889 0.39892818348862663 0.30883964265728725 
0.15189629878093286 0.20762565915437226 0.2957716218258001 0.7997292348540889 0.39892818348862663 0.30883964265728725 
0.1645623375227513 0.20762565915437226 0.2957716218258001 0.7997292348540889 0.39892818348862663 0.30883964265728725 
0.177214467280767 0.20762565915437226 0.2957716218258001 0.7997292348540889 0.39892818348862663 0.30883964265728725 
0.18987133872431597 0.20762565915437226 0.2957716218258001 0.7997292348540889 0.39892818348862663 0.30883964265728725 
0.2025687587193136 0.20762565915437226 0.2957716218258001 0.7997292348540889 0.39892818348862663 0.30883964265728725 
0.21519724843868504 0.20762565915437226 0.2957716218258001 0.7997292348540889 0.39892818348862663 0.30883964265728725 
0.22784948800690807 0.20762565915437226 0.2957716218258001 0.7997292348540889 0.39892818348862663 0.30883964265728725 
0.24047695222625792 0.20762565915437226 0.2957716218258001 0.7997292348540889 0.39892818348862663 0.30883964265728725 
0.25316137585354703 0.20762565915437226 0.2957716218258001 0.7997292348540889 0.39892818348862663 0.30883964265728725 
0.2658177031528678 0.20762565915437226 0.2957716218258001 0.7997292348540889 0.39892818348862663 0.30883964265728725 
0.2784689262282032 0.20762565915437226 0.2957716218258001 0.7997292348540889 0.39892818348862663 0.30883964265728725 
0.29117554651177613 0.20762565915437226 0.2957716218258001 0.7997292348540889 0.39892818348862663 0.30883964265728725 
0.30380079390998677 0.20762565915437226 0.2957716218258001 0.7997292348540889 0.39892818348862663 0.30883964265728725 
0.3164520961857553 0.20762565915437226 0.2957716218258001 0.7997292348540889 0.39892818348862663 0.30883964265728725 
0.32911754021558826 0.20762565915437226 0.2957716218258001 0.7997292348540889 0.39892818348862663 0.30883964265728725 
0.34175168724992727 0.20762565915437226 0.2957716218258001 0.7997292348540889 0.39892818348862663 0.30883964265728725 
0.3544423792179874 0.20762565915437226 0.2957716218258001 0.7997292348540889 0.39892818348862663 0.30883964265728725 
0.3670782987495496 0.20762565915437226 0.2957716218258001 0.7997292348540889 0.39892818348862663 0.30883964265728725 
0.37975554093570113 0.20762565915437226 0.2957716218258001 0.7997292348540889 0.39892818348862663 0.30883964265728725 
0.3924030030486845 0.20762565915437226 0.2957716218258001 0.7997292348540889 0.39892818348862663 0.30883964265728725 
0.4050633651909252 0.20762565915437226 0.2957716218258001 0.7997292348540889 0.39892818348862663 0.30883964265728725 
0.4177240758520953 0.20762565915437226 0.2957716218258001 0.7997292348540889 0.39892818348862663 0.30883964265728725 
0.4303816823401603 0.20762565915437226 0.2957716218258001 0.7997292348540889 0.39892818348862663 0.30883964265728725 
0.44304654552105477 0.20762565915437226 0.2957716218258001 0.7997292348540889 0.39892818348862663 0.30883964265728725 
0.45569760125062314 0.20762565915437226 0.2957716218258001 0.7997292348540889 0.39892818348862663 0.30883964265728725 
0.4683546530222678 0.20762565915437226 0.2957716218258001 0.7997292348540889 0.39892818348862663 0.30883964265728725 
0.48100301143989804 0.20762565915437226 0.2957716218258001 0.7997292348540889 0.39892818348862663 0.30883964265728725 
0.49367604908862034 0.20762565915437226 0.2957716218258001 0.7997292348540889 0.39892818348862663 0.30883964265728725 
0.5063330089780991 0.20762565915437226 0.2957716218258001 0.7997292348540889 0.39892818348862663 0.30883964265728725 
0.5189599951973051 0.20762565915437226 0.2957716218258001 0.7997292348540889 0.39892818348862663 0.30883964265728725 
0.5316068770418733 0.20762565915437226 0.2957716218258001 0.7997292348540889 0.39892818348862663 0.30883964265728725 
0.544304306170085 0.20762565915437226 0.2957716218258001 0.7997292348540889 0.39892818348862663 0.30883964265728725 
0.5569577848020141 0.20762565915437226 0.2957716218258001 0.7997292348540889 0.39892818348862663 0.30883964265728725 
0.5696107328730543 0.20762565915437226 0.2957716218258001 0.7997292348540889 0.39892818348862663 0.30883964265728725 
0.5822728092714539 0.20762565915437226 0.2957716218258001 0.7997292348540889 0.39892818348862663 0.30883964265728725 
0.5949466243869503 0.20762565915437226 0.2957716218258001 0.7997292348540889 0.39892818348862663 0.30883964265728725 
0.607603444523128 0.20762565915437226 0.2957716218258001 0.7997292348540889 0.39892818348862663 0.30883964265728725 
0.6202320884809843 0.20762565915437226 0.2957716218258001 0.7997292348540889 0.39892818348862663 0.30883964265728725 
0.6329049498057531 0.20762565915437226 0.2957716218258001 0.7997292348540889 0.39892818348862663 0.30883964265728725 
0.6455563948149385 0.20762565915437226 0.2957716218258001 0.7997292348540889 0.39892818348862663 0.30883964265728725 
0.6582295786635106 0.20762565915437226 0.2957716218258001 0.7997292348540889 0.39892818348862663 0.30883964265728725 
0.6708617458797386 0.20762565915437226 0.2957716218258001 0.7997292348540889 0.39892818348862663 0.30883964265728725 
0.6835603329460327 0.20762565915437226 0.2957716218258001 0.7997292348540889 0.39892818348862663 0.30883964265728725 
0.6962065586600756 0.20762565915437226 0.2957716218258001 0.7997292348540889 0.39892818348862663 0.30883964265728725 
0.7088424875639849 0.20762565915437226 0.2957716218258001 0.7997292348540889 0.39892818348862663 0.30883964265728725 
0.7215200796136142 0.20762565915437226 0.2957716218258001 0.7997292348540889 0.39892818348862663 0.30883964265728725 
0.7341837559045804 0.20762565915437226 0.2957716218258001 0.7997292348540889 0.39892818348862663 0.30883964265728725 
0.7468353635949632 0.20762565915437226 0.2957716218258001 0.7997292348540889 0.39892818348862663 0.30883964265728725 
0.759485360887646 0.20762565915437226 0.2957716218258001 0.7997292348540889 0.39892818348862663 0.30883964265728725 
0.7721321207076242 0.20762565915437226 0.2957716218258001 0.7997292348540889 0.39892818348862663 0.30883964265728725 
0.7848095993078615 0.20762565915437226 0.2957716218258001 0.7997292348540889 0.39892818348862663 0.30883964265728725 
0.7974866043515562 0.20762565915437226 0.2957716218258001 0.7997292348540889 0.39892818348862663 0.30883964265728725 
0.8101095056210903 0.20762565915437226 0.2957716218258001 0.7997292348540889 0.39892818348862663 0.30883964265728725 
0.8227817735468527 0.20762565915437226 0.2957716218258001 0.7997292348540889 0.39892818348862663 0.30883964265728725 
0.8354334320973588 0.20762565915437226 0.2957716218258001 0.7997292348540889 0.39892818348862663 0.30883964265728725 
0.8481043841111993 0.20762565915437226 0.2957716218258001 0.7997292348540889 0.39892818348862663 0.30883964265728725 
0.8607624248594793 0.20762565915437226 0.2957716218258001 0.7997292348540889 0.39892818348862663 0.30883964265728725 
0.8734109258029181 0.20762565915437226 0.2957716218258001 0.7997292348540889 0.39892818348862663 0.30883964265728725 
0.8860608252110058 0.20762565915437226 0.2957716218258001 0.7997292348540889 0.39892818348862663 0.30883964265728725 
0.8987379492420474 0.20762565915437226 0.2957716218258001 0.7997292348540889 0.39892818348862663 0.30883964265728725 
0.9113955143484951 0.20762565915437226 0.2957716218258001 0.7997292348540889 0.39892818348862663 0.30883964265728725 
0.9240537300963616 0.20762565915437226 0.2957716218258001 0.7997292348540889 0.39892818348862663 0.30883964265728725 
0.9366862291937719 0.20762565915437226 0.2957716218258001 0.7997292348540889 0.39892818348862663 0.30883964265728725 
0.9493576528073037 0.20762565915437226 0.2957716218258001 0.7997292348540889 0.39892818348862663 0.30883964265728725 
0.9619985616825129 0.20762565915437226 0.2957716218258001 0.7997292348540889 0.39892818348862663 0.30883964265728725 
0.9746730275628381 0.20762565915437226 0.2957716218258001 0.7997292348540889 0.39892818348862663 0.30883964265728725 
0.9873283941071002 0.20762565915437226 0.2957716218258001 0.7997292348540889 0.39892818348862663 0.30883964265728725 
0.999999990542672 0.20762565915437226 0.2957716218258001 0.7997292348540889 0.39892818348862663 0.30883964265728725 
