0.5099978576442779 1.4000107134191349 
0.50965650413478 1.4017324871453218 
0.5093095821507643 1.4035138249985506 
0.5089791805337518 1.4052414634088064 
0.5086527807782545 1.4069796756576751 
0.5083054238316116 1.4088659031812125 
0.5079933843253909 1.4105942742303355 
0.5076713462819836 1.412413792871059 
0.5073597979812744 1.4142107422902246 
0.5070539451209454 1.416012247776849 
0.5067449795278555 1.4178721847358966 
0.50644905095096 1.4196940326243535 
0.5061544531012626 1.4215496782157528 
0.505862422137543 1.4234335496692487 
0.5055862490992549 1.4252587861044361 
0.5053054053965762 1.4271617895212998 
0.5050330436960059 1.4290560539920456 
0.5047649306961102 1.4309715230984126 
0.5045053888211154 1.4328778144293057 
0.504248040116615 1.434823009587523 
0.5040011814115315 1.4367451106930251 
0.5037625483018074 1.4386603884755154 
0.5035162832743553 1.4407017500713106 
0.5032963701526226 1.442585976342606 
0.5030694974352138 1.4445969552196474 
0.5028531319943838 1.4465852834909951 
0.502645205140092 1.448568442533782 
0.5024407127868947 1.4505964300828833 
0.5022455353757064 1.4526129208848795 
0.5020565791013171 1.4546504805976697 
0.5018725031515817 1.4567275726126496 
0.501700485272598 1.4587630693807885 
0.5015323524873234 1.4608547259227411 
0.5013748826152099 1.462920591168528 
0.5012217389050395 1.465046618747615 
0.5010782339031411 1.4671635283445736 
0.5009439411478462 1.4692763747644841 
0.5008182147927033 1.4713955462502013 
0.5006994779779658 1.473552357545721 
0.5005888530617619 1.4757337067750895 
0.500487302941331 1.477925061118684 
0.5003960770683382 1.48009831494267 
0.5003141600981821 1.482275438018208 
0.5002401578412446 1.4845029744365152 
0.5001760295937174 1.486732393507117 
0.5001212701156474 1.4889877464970733 
0.500076885874614 1.491231540937895 
0.5000423413184099 1.4934929793152203 
0.5000177962077602 1.4957814465930488 
0.5000036965097786 1.498077369106288 
0.5000000000002083 1.4999999936134045 
0.5000431231975802 1.493433174483564 
0.5009166019811808 1.4697245649053126 
0.5026006020802847 1.4490039317604184 
0.5048470755312726 1.430379081458962 
0.5075230851188954 1.4132642812574834 
0.5105093302748257 1.39748497537158 
0.5137661005892737 1.3826712280015556 
0.517227198718654 1.3687476838527215 
0.5208975996869895 1.35543998798547 
0.5246770677554733 1.342910638437897 
0.5286052569129734 1.3308691998224391 
0.532673062036438 1.3192485329007853 
0.5368289991719413 1.3080912022808806 
0.5410859028438018 1.2973034339619014 
0.5454054614361513 1.2869144641625967 
0.5498160084155359 1.2768049991258246 
0.554304228970079 1.2669673455979193 
0.5588505092511372 1.2574087828394507 
0.5634569059239499 1.2480934997527056 
0.5681210998937545 1.2389998479645952 
0.572831197316994 1.2301278382801177 
0.5776148719546663 1.2214065560288656 
0.5824321421743919 1.2128900376815481 
0.5872975354379866 1.2045385897977083 
0.5922026013131019 1.1963512208565823 
0.597150261718627 1.188310651996789 
0.6021218282007483 1.1804353055993473 
0.6071426762242241 1.1726858580873811 
0.6122084535259436 1.1650250534335942 
0.6173187783981798 1.1574820373999262 
0.6224551885659143 1.1500640258091623 
0.6276225243226556 1.1427570559779925 
0.6328165325704255 1.1355600786824294 
0.6381102594347103 1.1283699433332912 
0.6433285170704013 1.1214125490396152 
0.6486353716289925 1.1144680452674132 
0.6539522480982993 1.1076326040701958 
0.6593150308965336 1.1008579534709946 
0.6647381193094245 1.0941205618716037 
0.6701481031276343 1.0875102805710177 
0.6755960590241374 1.080968631280242 
0.681062589257072 1.0744858559372603 
0.6865943306562178 1.068037719770318 
0.6921011202782583 1.0617135190831466 
0.6977105779583379 1.0553534503990827 
0.7033463607907017 1.0490611763393434 
0.7089309160666647 1.042911712597973 
0.7145804749385821 1.036771774468309 
0.7202868835736739 1.030654058598838 
0.7259581049723496 1.0246539801267402 
0.7317475696877951 1.018598340035412 
0.7375059691752532 1.0126545651340029 
0.7433516951519048 1.006695192968912 
0.7491769149749372 1.000826787033231 
0.7550319548450892 0.9950142613627102 
0.760890192440639 0.9892260858571508 
0.7668277703246615 0.983452617791155 
0.7727530504768538 0.9777423794442578 
0.7787516834936191 0.9720673926660435 
0.7847528568422046 0.9663829341982186 
0.7908101651889367 0.9607318798853588 
0.7969133829515906 0.9551486590822 
0.8030086395097233 0.9495403297798747 
0.8091173725702498 0.9440199578388662 
0.8153085283536148 0.9384767178751364 
0.8214891371511228 0.9329999663989267 
0.8277296242239587 0.9275281040843844 
0.8339660220573544 0.9221218863023123 
0.8402786375113731 0.9166775952861971 
0.8465788039522527 0.9112918101828368 
0.8529100613837449 0.9059420436156703 
0.8593278712990343 0.9005605412780258 
0.8657500899676263 0.8952310823843663 
0.872214910156827 0.8899061582370292 
0.8786772724159525 0.8846456021048669 
0.8852332066853816 0.8793284969244775 
0.8917395339228287 0.8741134517871125 
0.898406785654202 0.8688189881666692 
0.9049843335367557 0.8636164404871286 
0.9116468346516486 0.858403037277008 
0.9183463063091597 0.8532031021237408 
0.9250624319084216 0.8480319126194661 
0.9318252732086607 0.842866260058225 
0.938662404772227 0.8376840782088519 
0.9454962731661103 0.8325514451921135 
0.9523567640191835 0.8274256575235337 
0.9592728784798333 0.8223032668745153 
0.9662547419075244 0.8171716972527688 
0.9732727936528875 0.8120518311441519 
0.9800980804600038 0.807108960059197 
0.9873708684175106 0.8018890536898563 
0.9944827308540206 0.796805475128181 
1.001618114007256 0.7917501348464123 
1.008812478528673 0.7866892176586089 
1.0160669097984125 0.7816228348259204 
1.0233614211652684 0.7765637863353022 
1.030667378848348 0.771530863574162 
1.0380541137617982 0.7664785686276765 
1.0454080481910932 0.7614825614492547 
1.0528695459371227 0.7564925453770815 
1.060393189940045 0.7514059108964996 
1.0679668703357827 0.7463765984086469 
1.0755181210538742 0.741370898114719 
1.0831604083755424 0.7363506433583671 
1.0908408461309769 0.7313408628534378 
1.0985727731174317 0.726326991655008 
1.1063654711704176 0.7213060560083655 
1.1141513986183973 0.7163220381595538 
1.1220324366002772 0.7113202909842192 
1.1300080295040935 0.7062698311084838 
1.137944929940405 0.7012855636714125 
1.145994692985246 0.6962622842939937 
1.154034929574037 0.6912775781729505 
1.1622133215476245 0.6862351970757116 
1.1703750562395645 0.6812357621201353 
1.1786556228360399 0.6761946809985733 
1.1869304448839744 0.6711873820526209 
1.195262453667504 0.6661761251088105 
1.2037069836244194 0.6611276762037877 
1.2121483186526545 0.6561114427123432 
1.2206725239222198 0.6510757751580343 
1.2292348172680396 0.646047641528741 
1.2379029618673616 0.6409875500456809 
1.246596309878869 0.6359421349387365 
1.255361757329251 0.6308847621928503 
1.264188912680607 0.6258212658375208 
1.2730595398445996 0.6207620554600949 
1.2820246155063355 0.6156786854703757 
1.291062638887278 0.6105853005056329 
1.3001118961604567 0.6055103662520869 
1.3092743476157653 0.6004033370587551 
1.318508629100803 0.5952855569132584 
1.3277595047395598 0.5901873482124889 
1.3370758189541387 0.5850817022085578 
1.346551223189433 0.5799180400554457 
1.356051610658287 0.5747695245972583 
1.3656351247818939 0.5696050444631369 
1.3752815785032313 0.5644353743344993 
1.3849894695542755 0.5592614944527479 
1.3947819823664798 0.5540710773646311 
1.4046804955945302 0.5488531657435858 
1.41462175970091 0.5436414067771358 
1.4246582522834164 0.5384084853862263 
1.43477369925172 0.5331630511846898 
1.4449735307856795 0.5279025169991054 
1.4552604931964657 0.5226257148919192 
1.4656312468982255 0.517334621095258 
1.4761127240870702 0.512043303236051 
1.486626993332332 0.5067090087330374 
1.4972528319514573 0.5013745348825098 
1.500000000000076 0.5000000000000759 
