0.009997857466501801 0.4999974729228161 0.5166610035021345 0.5001148504743926 0.49995241510152416 
0.00965650409120781 0.5000000165974247 0.5166610051979919 0.500114780356772 0.5000473286102182 
0.00930958199623095 0.5000017157309037 0.5166610048973992 0.5001161456434887 0.5000439331043429 
0.00897918030101262 0.500000012306639 0.5166610029764289 0.5001159810030026 0.4999550081439672 
0.008652780746634012 0.5000000015598292 0.5166610034409441 0.5001159871522298 0.499955167698763 
0.008305423638224459 0.4999974729228161 0.5166610035021345 0.5001148505088066 0.49995241510152416 
0.007993383880035147 0.5000000161506174 0.5166610044293669 0.5001147803567699 0.49995244595726107 
0.0076713440672023245 0.5000000158454802 0.51666100513305 0.5001161447629624 0.5000439068726811 
0.007359796920414967 0.499997427148413 0.5166610024596019 0.5001144078447355 0.5000489361642598 
0.007053942897056312 0.5000000697333177 0.51666100513305 0.5001161447629624 0.5000439068726811 
0.006744978249956742 0.49999743211820247 0.5166610035148015 0.5001148504743926 0.49995241510152416 
0.006449048749688824 0.49988926414423357 0.5147013425790118 0.49986559335077263 0.3931511738502854 
0.006154453003405728 0.5000000151083244 0.5166610052256092 0.5001147773029548 0.5000473282649576 
0.005862421425316685 0.5000008522633135 0.5166610030087506 0.5001159780819638 0.4999550158878607 
0.005586249060391784 0.5000000605697702 0.5166610034409441 0.5001159871522347 0.499955167698763 
0.005305404968150903 0.49999999460044686 0.5166610030084302 0.5001159773446873 0.4999550074138072 
0.005033043502618826 0.4999974729228161 0.5166610035021345 0.5001148505088066 0.49995241510152416 
0.0047649306321791065 0.5000008617717514 0.516661002980155 0.5001158626802799 0.4999547145873701 
0.00450538791714027 0.5000000473116663 0.5166610029955676 0.5001143742060463 0.500048930652213 
0.004248040083539624 0.500000027183901 0.5166610034409441 0.5001159871522305 0.499955167698763 
0.004001181065068588 0.5000001064190803 0.5166610030087256 0.5001159770691844 0.4999550073808807 
0.003762547981294902 0.50000001063556 0.5166610030086557 0.5001159770691844 0.4999550073808807 
0.003516282532577566 0.5000008507411963 0.5166610052697577 0.5001147770046406 0.5000473119304415 
0.0032963701166611693 0.5000000469088631 0.5166610034409441 0.5001159871522298 0.499955167698763 
0.003069497377345881 0.5000000835388163 0.5166610034409512 0.5001159871786042 0.499955167698763 
0.0028531319450117417 0.5000008617717514 0.5166610029798876 0.5001158626802799 0.4999547145873701 
0.0026452051068230524 0.5000000283951305 0.5166610034409441 0.5001159871523629 0.499955167698763 
0.0024407127265208173 0.50000083114334 0.5166610042160381 0.5001158590596937 0.5000449176141133 
0.002245535276467928 0.4999975363957028 0.5166610023668485 0.5001144193736883 0.500048935978433 
0.0020565789259297806 0.5000000133193117 0.5166610029247239 0.5001143947868689 0.5000488987357893 
0.001872502986297985 0.4999971296413733 0.5166610024871316 0.5001144075663346 0.5000489078744235 
0.001700484509804228 0.5000000543800479 0.5166610042505178 0.5001147976264569 0.49995243415028284 
0.001532352482927845 0.4999974112870392 0.5166610024386042 0.5001144076782966 0.5000489361647378 
0.0013748825631519932 0.5000000532365947 0.5166610029247026 0.5001143938258622 0.5000489003242362 
0.001221738863853745 0.49999740205882637 0.5166610024259675 0.5001144076777223 0.5000489394261589 
0.0010782338727720533 0.5000000169217054 0.5166610029247239 0.5001143946950998 0.5000488981985195 
9.439411476259714E-4 0.49999740189588515 0.5166610024353785 0.5001144078447327 0.5000489361648053 
8.182147753189105E-4 0.4999974019575563 0.51666100242529 0.5001144076756249 0.5000489394933358 
6.994778007625902E-4 0.500000018245416 0.5166610029247239 0.500114395035629 0.5000488981616455 
5.888529903434525E-4 0.5000000133603989 0.5166610029247122 0.5001143938764152 0.5000489003306768 
4.87302927236123E-4 0.5000000149255412 0.5166610029247127 0.5001143946134556 0.5000488983090708 
3.960770681294514E-4 0.49999740194561265 0.5166610024353785 0.5001144078447327 0.5000489361673848 
3.141600974715718E-4 0.5000000151053099 0.5166610029363324 0.5001143922762238 0.5000489004324026 
2.4015780251566944E-4 0.5000000511312407 0.5166610029235204 0.500114394685972 0.5000488985785811 
1.7602938752143906E-4 0.5000000132467484 0.5166610029253015 0.5001143947877462 0.5000488987304929 
1.2126973558344333E-4 0.500000013365719 0.5166610029247058 0.5001143952500988 0.5000488987169133 
7.688587432881178E-5 0.49999740193879794 0.5166610024353786 0.5001144078447327 0.5000489361673853 
4.234131819494802E-5 0.49999740194563197 0.5166610024353786 0.5001144078447327 0.5000489361673848 
1.779619297206952E-5 0.49999743433434335 0.5166610024036539 0.500114411014225 0.5000489394761101 
3.696509554318467E-6 0.4999974019454475 0.5166610024353786 0.5001144078447327 0.5000489361674239 
4.0791261527943295E-17 0.49999740194568576 0.5166610024353785 0.5001144078447327 0.5000489361673848 
4.312319736612732E-5 0.4999974019456852 0.5166610024353786 0.5001144078447327 0.5000489361673848 
9.166019708011335E-4 0.49999747657191473 0.5166610024422322 0.5001144123745028 0.5000489276038231 
0.002600599263215031 0.500000369535293 0.5166610029729327 0.5001143784857464 0.5000489355496532 
0.004847072693618074 0.5000000000833406 0.5166610030022601 0.5001143804357338 0.5000489242327708 
0.0075230849372851264 0.5000000553036397 0.5166610052195014 0.5001147693758874 0.5000473496801916 
0.010509330274609837 0.4999974019455424 0.5166610024353786 0.5001144078447327 0.5000489361673842 
0.01376605211380073 0.49999748139374206 0.5166609577816672 0.5001235657481782 0.49996164376590824 
0.01722717636259478 0.49986624650716777 0.5166603548498436 0.5001143164356063 0.5000489231521954 
0.020897597659755105 0.4999973689613491 0.5166610024832934 0.5001144140348954 0.5000489169217845 
0.024677067573242225 0.5000000580767437 0.5166610052195014 0.5001147693758874 0.5000473496801916 
0.028605234985817404 0.4999990801543713 0.5166609623670584 0.5001143099694159 0.500059485905924 
0.032671615711367244 0.4999977416385899 0.5166609567169627 0.500124140929132 0.5000454655615829 
0.036828990117320666 0.4998902119469802 0.5166610034658187 0.49997655291575754 0.5000535130382158 
0.04108589931442315 0.4999480157490079 0.5166610024543027 0.500000651948538 0.5001130890323957 
0.04540545032034748 0.5000000800465699 0.516661003250922 0.5001143718094642 0.5000489171237965 
0.04981600841531965 0.49999740194546993 0.5166610024353786 0.5001144078447327 0.5000489361673848 
0.05430422149947089 0.5000000583479673 0.5166610030000414 0.49999592203152826 0.5001243473316954 
0.058850502108782114 0.5000003671315228 0.5166610035107718 0.5001174477676005 0.4999591280013959 
0.06345689192147116 0.49999999419604113 0.5166610034800212 0.5001147845558216 0.5000478900347507 
0.0681210864041055 0.5000143923747421 0.5166609962631253 0.5001143116626507 0.5000489215383617 
0.07283105856304034 0.499999701776816 0.5166610037746897 0.5001150521369754 0.5000478216767027 
0.0776145091653046 0.49994435561719286 0.516661003107267 0.5000002784218468 0.5001120689679687 
0.08243213473458706 0.4999968327482421 0.5166610025028787 0.5001144123448162 0.5000489115901968 
0.08729747854065922 0.5000000957634072 0.5166610035772196 0.5001143711162521 0.5000490635129837 
0.09220258872189648 0.5000028312463145 0.5166610030828105 0.5000018383072283 0.5001243696435904 
0.097150254289701 0.49994801580950526 0.5166610025384704 0.5000002930662117 0.5001130890323957 
0.10212168526307241 0.4998870065674928 0.5166610030857058 0.5000002932772313 0.5000527019951353 
0.10713776351713765 0.49994801580950526 0.5166609963280722 0.4999999323545225 0.5001242747012263 
0.11220831058826759 0.4998870065674928 0.5166610030857058 0.5000002932772313 0.5000527019951353 
0.11731864564465613 0.4998868860770891 0.5166610030804426 0.5000021048917783 0.5000523536098516 
0.12245518707578809 0.5000001000645303 0.5166610033976496 0.4999999287044004 0.5001243579080505 
0.1276225224158774 0.5000046240729252 0.5166610025152981 0.5001143114825579 0.5000489991687326 
0.13281648842596583 0.4999974176774639 0.516661002896255 0.4999999372514024 0.500124473493728 
0.138109479048588 0.5000006892054562 0.5166610863629979 0.49999986555580134 0.5001164987192827 
0.14332848346775973 0.4999946654507616 0.5166609799860215 0.5001176862018846 0.5000474126761498 
0.14863509862416982 0.4999548614454892 0.5166610015964859 0.5000056830314706 0.5001165428241392 
0.15395220623798364 0.4999991572140813 0.5166610024743535 0.4998855220525075 0.5000490394152582 
0.15931466522069868 0.5000000418643846 0.5166603426909115 0.4998185820852974 0.5000307965534369 
0.16473811874974642 0.5000001111602593 0.5166610785717299 0.49988774045264556 0.500028108901062 
0.1701479198417336 0.49988692918588895 0.5166610032074769 0.5000020297393399 0.5000526597305841 
0.1755912871357606 0.5000005680007682 0.5166610896195639 0.4998855220525075 0.5000489719396755 
0.18106242585622 0.5000000157362433 0.51666098213412 0.500119148815173 0.500044006107595 
0.18659276454533502 0.5000000624832026 0.516661089650978 0.4999999946668635 0.500117811992653 
0.19209787984295296 0.4999383963604306 0.5166603504053001 0.5001708444332231 0.5000460542186572 
0.1977105653153357 0.5000005406156826 0.5166610777515759 0.4998877272161888 0.5000285584201033 
0.20334607785653624 0.4999992041951433 0.5166610027915658 0.4998775220718766 0.5000249527276649 
0.20893028206760703 0.5000000775967522 0.51666105241451 0.5001115337943793 0.5000446572285469 
0.21458043029218446 0.5000001093430345 0.51666099972174 0.4998799998927931 0.500034467818581 
0.22028622804738193 0.5000003828276844 0.5166609811921475 0.49999928937810223 0.5001280917602026 
0.22595591787252564 0.4998931139996127 0.5147013424782121 0.4998585367182596 0.3931511738502854 
0.23174756384353448 0.5000016406019208 0.5166610784242643 0.4998877306605568 0.5000281420160326 
0.23750576849043153 0.49999920412758675 0.5166610030371349 0.5001132645793775 0.5000524040382449 
0.24335065694548846 0.5000016016603348 0.5166610826339663 0.4999993633635721 0.5001174853585848 
0.24917540451156153 0.5008854184405249 0.400009885691579 0.38380693573340807 0.5005031985799244 
0.25502132857234666 0.5008860124541434 0.3999823496820831 0.3838069332783642 0.500503690234111 
0.2608900929763476 0.5008967022412975 0.39974971650644237 0.38381144245890986 0.5005157625130052 
0.2668245376925599 0.5008967022412975 0.3997468080613171 0.38381144245890986 0.5005155953934926 
0.27275303666022505 0.49994979589772126 0.5166608899948849 0.5000018908429882 0.5001267790208683 
0.2787327886507581 0.5008938999654662 0.4000262143466171 0.38380713485019324 0.5005033934570394 
0.28475010731342354 0.49999990148340373 0.5166607651526448 0.5001041204985343 0.5001121703211702 
0.2908101364105321 0.5008967662631727 0.3997496444402851 0.3838114484022746 0.5005157311085258 
0.29688926532450227 0.5008936320333572 0.4000262135348124 0.3838070231190964 0.5005034787294574 
0.3030073110583851 0.5008936941248716 0.399982747838754 0.38380693176983144 0.5004851207687999 
0.3091156844294889 0.5008850546269691 0.4000293217305477 0.3838069329610035 0.5005050482761564 
0.3153084661857217 0.4999483813615282 0.5166608895016352 0.500114548692749 0.500053377086841 
0.3214890907371119 0.4999487723836007 0.5166609953130241 0.5001137229878204 0.5000123808600748 
0.3277270355295327 0.49999983569327233 0.5166607651526448 0.5001037285976291 0.5001121703211702 
0.3339553957846117 0.5008860124541434 0.3999823496820831 0.3838069332783642 0.500503690234111 
0.34027235607993417 0.5008951301417159 0.3999822957892742 0.3838069643441676 0.5004859081474308 
0.3465781282918651 0.5008967232264875 0.3997478338376151 0.3838114484022746 0.5005150630645219 
0.3529076822435321 0.5008967531828309 0.39973333617791595 0.3838113203717174 0.5005036142339145 
0.3593277773301803 0.5000164594822977 0.5166608017149693 0.49995194180281294 0.5001359792687967 
0.36574798715266416 0.49999851909884246 0.5166607644887623 0.500096343941431 0.5001175999873175 
0.3722147235060792 0.49999945633061416 0.5166609883769584 0.500114547495693 0.5000533970254329 
0.37866999340485197 0.4999984937870439 0.516660767709213 0.5001134979361165 0.5001129702124254 
0.38523316565848337 0.49994706088227797 0.5166608847494092 0.5001144716320158 0.5000533758302796 
0.39173706356607213 0.5008968727189375 0.3997281545288104 0.3838114503603265 0.5005036638888514 
0.3983991317524429 0.5009011921100346 0.40003088635687006 0.3838072566645836 0.5004880013673647 
0.40498420210293495 0.4999478472618881 0.5166608797893119 0.5001137828759745 0.5000571955232875 
0.41164675928517513 0.5000005692335496 0.5166607943592131 0.5000827667052226 0.5001200563012029 
0.4183462717752302 0.5000007055086214 0.5166607835110376 0.500082843843798 0.5001211565406218 
0.42506241240015996 0.49999416259709545 0.5166607816144434 0.5000828784969031 0.5001211786102423 
0.43182504806668803 0.5000002598748626 0.5166607817099519 0.5000836540469022 0.5001212047837917 
0.4386623942268287 0.49999377182657306 0.5166607810244854 0.5000828857780646 0.500121202544385 
0.44549254716163017 0.49999999938120876 0.5166607640402059 0.5000962160002866 0.500121205854445 
0.45235654319673113 0.4999995068427566 0.5166609999660915 0.5001132928224548 0.5000532449148142 
0.4592728715209625 0.5000010459594629 0.5166607811822539 0.5000846267395876 0.5001201247443368 
0.466254635858807 0.5000120410724408 0.5166610010605204 0.5001121037817821 0.50005357236397 
0.4732727470932927 0.5000000060308041 0.5166607815743839 0.5000831333878352 0.5001212056836666 
0.4800980438976724 0.5000006666409932 0.5166607835062437 0.5000827798738388 0.5001212052593502 
0.48736587095273975 0.4999995835488542 0.5166609968527348 0.500000081056371 0.5001348141874921 
0.49448265146356996 0.5000010943555184 0.5166607935528191 0.5000827528980752 0.500120163189148 
0.5016180136483908 0.5000004131167316 0.5166607940744702 0.5000827528980752 0.5001201518113504 
0.5088123935033929 0.500001159669882 0.516660883885332 0.5000019590639945 0.5001370994211661 
0.5160664344305738 0.5000004003638048 0.5166607946073711 0.5000830579259403 0.5001206693399332 
0.5233608220644004 0.4999980414386866 0.5166607942174021 0.5000827537293044 0.5001211662298499 
0.5306673397251266 0.5000002324194118 0.5166610035693979 0.5001129208837424 0.5000522304808803 
0.5380539421071939 0.5000002884747475 0.5147004660772501 0.5000043939851028 0.4069572769242822 
0.5454080315794825 0.49999765868413004 0.5166607802081113 0.5000831841146638 0.5001212410593221 
0.5528429236003298 0.49999773409892256 0.5166609955392741 0.5001178277774647 0.5001235819644031 
0.5603931580244107 0.5000010959448714 0.516660781156583 0.5000847587469117 0.5001200867663549 
0.5679594363430969 0.5000009587764891 0.5166607845147707 0.5000780950866791 0.5001384262889071 
0.575518118341953 0.5000002186110247 0.5166608843456897 0.5000001703099554 0.5001369196414783 
0.5831603812808577 0.4999974100644008 0.5166609973757158 0.5000001707555009 0.5001250484738894 
0.5908392787242929 0.5000000281618785 0.5166609996427493 0.4999999913729917 0.5001279113471934 
0.5985716545907095 0.5000128719077844 0.5166607800133229 0.5000857320893585 0.500121128530356 
0.6063649969518011 0.5000056512898589 0.5166609967163748 0.500117675716704 0.5000448208115783 
0.6141513009521604 0.499949768402793 0.5166608815383031 0.4999999266911231 0.5001278643123925 
0.6220259364805455 0.4999497754723638 0.516660999629626 0.4999999393777568 0.5001278156743036 
0.630007856169839 0.4999508720195246 0.5166608834433338 0.5000000437074597 0.5001282370718182 
0.6379448609719305 0.5000000203399352 0.5147004647930641 0.5000000977006179 0.4069572769242822 
0.6459945482717383 0.5000000366662489 0.5147004663033122 0.5000000776510213 0.4069572769242822 
0.6540337933487809 0.5000128719077844 0.5166607800133229 0.5000857320893585 0.5001211655173496 
0.6622132579634828 0.5000000154005458 0.5147004646857536 0.500000093547952 0.4069572769242822 
0.6703749883697515 0.4999991595285165 0.5147004647433961 0.5000000931946698 0.4069572769242822 
0.6786554644966805 0.49999999933604117 0.5147004665750644 0.5000000712565454 0.4069572769242822 
0.6869304113144613 0.49999673771640624 0.5166610022070612 0.5001145585647099 0.500048781527208 
0.6952623789466416 0.5000124739462859 0.5166610039899185 0.5001161399521213 0.5000429133324437 
0.7037069059496657 0.4999962200440957 0.5166609988685329 0.5001147786065083 0.5000493951761695 
0.7121481618198632 0.5000000000358182 0.5147004665449986 0.5000000762579259 0.4069572769242822 
0.7206724555719451 0.5000000368780202 0.5147004647808415 0.5000000774105267 0.4069572769242822 
0.7292347483108832 0.500000034792759 0.5147004647930704 0.5000000534503845 0.4069572769242822 
0.7379027511662766 0.5000000384935064 0.5147004676189182 0.500000077361878 0.4069572769242822 
0.7465961941562759 0.5000000860178431 0.5147004657251142 0.5000000709937502 0.4069572769242822 
0.7553615890670654 0.4999999998440559 0.5147004667728603 0.5000000777004151 0.4069572769242822 
0.7641887477025534 0.5000000384628971 0.5147004667071293 0.5000001049810296 0.4069572769242822 
0.7730594757781204 0.499999999947355 0.5147004646954831 0.5000000782111952 0.4069572769242822 
0.782024460854773 0.5000000328421987 0.5147004664995877 0.5000002314767747 0.4069572769242822 
0.7910611522150792 0.4999499527693721 0.5147007633395768 0.5002080539116356 0.3931511738502854 
0.8001118275769508 0.5000000327869356 0.5147004647856296 0.5000000526392823 0.4069572769242822 
0.8092742791529209 0.4999999957522428 0.5147004647831449 0.5000000763836118 0.4069572769242822 
0.8185084847401356 0.4999999999017241 0.5147004662963386 0.5000000763173869 0.4069572769242822 
0.8277593474892644 0.50000001469087 0.5147004665533071 0.5000000773841962 0.4069572769242822 
0.8370757032864936 0.49999999994738475 0.5147004657242709 0.5000000776813719 0.4069572769242822 
0.846551078770304 0.4999999998385799 0.5147004662974977 0.5000000773907464 0.4069572769242822 
0.8560515481967051 0.5000000340661079 0.5147004646634453 0.5000000773803194 0.4069572769242822 
0.8656350019160253 0.5000000327465478 0.51470046586594 0.5000002275577741 0.4069572769242822 
0.8752814358044718 0.5000000010718656 0.5147004662632364 0.5000000708474102 0.4069572769242822 
0.8849892843246304 0.49999999920848726 0.5147004671111528 0.5000000763229518 0.4069572769242822 
0.8947818247901501 0.5000000027584631 0.5147004665598166 0.5000000772108718 0.4069572769242822 
0.9046804283103236 0.4999999955653705 0.5147004647596464 0.500000076334128 0.4069572769242822 
0.9146217594023248 0.4998892686643175 0.5147013425767468 0.4998655929968262 0.3931511738502854 
0.9246582484156446 0.49988930135037907 0.5147013429436817 0.49986559401846975 0.3931511738502854 
0.9347736945963897 0.49988930009257215 0.5147013429483588 0.4998655940128274 0.3931511738502854 
0.9449735259188127 0.4998892996560149 0.5147013429483588 0.4998655939739207 0.3931511738502854 
0.9552604931944575 0.4998892695435316 0.5147013425780769 0.49986559295680455 0.3931511738502854 
0.9656312468981495 0.49988926954234686 0.514701342578028 0.49986559295680455 0.3931511738502854 
0.976094481259959 0.4998973625065922 0.5147004123425958 0.5000000763235297 0.4069572769242822 
0.986626993332256 0.49988926954234686 0.514701342578028 0.49986559295680455 0.3931511738502854 
0.9972528278242307 0.4998893008517502 0.5147013429445603 0.49986559402342723 0.3931511738502854 
1.0 0.49988926954234686 0.514701342578028 0.49986559295680455 0.3931511738502854 
