7.512032310371659E-14 0.5000336940213644 
0.006329074308303206 0.493704619713092 
0.010108871923129668 0.4899248220981323 
0.18990458008922925 0.3101291139320327 
0.1958955619815539 0.30413813203970813 
0.20221300572942735 0.2978206882918346 
0.20852760612140514 0.2915060878998568 
0.21012219513094732 0.28991149889027024 
0.3899194337149138 0.11011426030630377 
0.3917786235400417 0.10825507048117584 
0.3980982800695085 0.10193541395175347 
0.40441567701739994 0.09561801700386202 
0.41013282301884946 0.08990087100232368 
