1.5023052246654345E-13 0.5000170654553099 0.4999959773275906 0.5000058121045516 0.5000000173674726 0.5000001626626527 
0.012657295666224446 0.5000170654553099 0.499995977327594 0.5000058121045324 0.5000000173674726 0.5000001626620492 
0.02021638150388287 0.5000170654553099 0.499995977327594 0.5000058121044503 0.5000000173616269 0.5000001626626539 
0.3797835673072749 0.5000170654553099 0.499995977327594 0.5000058121044504 0.5000000173616372 0.5000001626625057 
0.39176472370524734 0.5000170654553023 0.4999959773275938 0.500005812104443 0.500000017367494 0.500000162662506 
0.4043987598180315 0.5000170654553023 0.4999959773275831 0.500005812104443 0.5000000173616865 0.5000001626623892 
0.4170271096022148 0.5000170654552993 0.4999959773275669 0.5000058121044504 0.5000000173616865 0.5000001626625041 
0.42021607272335404 0.5000170654552992 0.49999597732760453 0.5000058121044503 0.5000000173616811 0.5000001626625057 
0.779786319156262 0.5000170654552992 0.4999959773276046 0.5000058121044503 0.5000000173616703 0.5000001626625057 
0.7835044482490767 0.5000170654552989 0.49999597732760437 0.5000058121044502 0.5000000173613989 0.5000001626625197 
0.7961429096267679 0.5000170654553048 0.4999959773276044 0.5000058121044502 0.5000000173619071 0.5000001626625142 
0.8087768521458951 0.5000170654553048 0.49999597732759354 0.5000058121044403 0.5000000173614035 0.5000001626626488 
0.8202103736663054 0.5000170654552971 0.49999597732757545 0.5000058121043931 0.5000000173619145 0.5000001626626538 
