0.673824404399327 1.4697851608916457 
0.6766427303883673 1.468797345805092 
0.6799992226558407 1.467608359180493 
0.6842313685977374 1.4660771650054925 
0.7078177404749918 1.4569079239565421 
0.717068062198059 1.4528865246805274 
0.721121663819959 1.4511193827059359 
0.7269113822499186 1.4485679851130615 
0.7297321486258516 1.4473366400612564 
0.7415806217941303 1.4420214900892683 
0.744292993202478 1.4403628448650214 
0.7473863477873023 1.4388171002040133 
0.754372041552942 1.4353156573032906 
0.7556054006902562 1.4346703066276718 
0.7733644663603243 1.425424945543679 
0.7765876221228178 1.42355790085703 
0.7797954631565449 1.4222847700642136 
0.7840236109193235 1.4193393529583398 
0.7892260981239392 1.4164325711148047 
0.793164615363755 1.414507823818107 
0.7984675932040708 1.4109276794674446 
0.8016033166201081 1.4103280354659455 
0.8044717813238241 1.4073738031711298 
0.8105279433224377 1.4036374695651739 
0.8143595575308151 1.4013775257975767 
0.820330284698704 1.398111202036024 
0.8220262401350761 1.3964432945872196 
0.830074248533105 1.3942068971237664 
0.8318231230322619 1.3899028974928425 
0.8328673366429833 1.389385098514195 
0.846264815157166 1.38029708687429 
0.8485015999784025 1.3790734762111003 
0.8568715675121914 1.3727346924268606 
0.8576389418277088 1.3721046308215414 
0.8631013791113389 1.3688049082719935 
0.864606188148008 1.3671537183783484 
0.8705682344850509 1.3627560795293037 
0.8748308757680354 1.3605870784275695 
0.8787429617230148 1.3565537690435354 
0.8811773974797111 1.3547050372106613 
