0.17382434172986153 0.45266174741321114 0.40622412005934705 0.40957798555580793 0.4120684820909875 0.4133934789634731 0.33182544021720456 0.3401940455953297 0.41324506819151735 0.4076531800029425 0.40350980625707816 0.24201035347376024 0.4117442096035549 0.4097040656153265 0.4029111330538378 0.4002426604785207 0.40519143056500534 0.40064936404981477 0.4053016545450312 0.41108134699483995 0.4079117506931292 0.4078949385321151 0.4109733499238543 0.4067915832732013 0.4073880496720066 0.2997105983711949 0.4020380691638427 0.4046871503134434 0.41246997055866996 0.4061544913146979 
0.1766427303853011 0.4094111903888799 0.40622412005934705 0.40957798555580793 0.4120684820909875 0.4133934789634731 0.40901336268029354 0.3752287197423531 0.41324506819151735 0.4076531800029425 0.4078779074521958 0.24201034146217193 0.4117442096035549 0.4097040656153265 0.40381389734209366 0.4002426604785207 0.40520381597757715 0.4031910435717697 0.4053016545450312 0.41108134699483995 0.4079117506931292 0.4078950461908174 0.4109733499238543 0.4067915832732013 0.4073880496720066 0.42157418665244323 0.40207669894708464 0.4046871503134434 0.4124699761461805 0.4061544913146979 
0.17999328193398184 0.4094969153402375 0.4065929507450846 0.41709418871637316 0.42679571023940804 0.42235010114508786 0.4434228969471787 0.3752287197423531 0.4135289994218795 0.4076531800029425 0.40958448100569217 0.2384819800587285 0.41172100247053367 0.4097040656153265 0.43106925348560854 0.3996509469767759 0.41246387618491664 0.42134265524564346 0.40516087898138436 0.42077536585533365 0.40778407017317014 0.4078950461908174 0.41121962033525117 0.406743802527446 0.4073880496720066 0.42157418665244323 0.3916917428222024 0.40495395078567964 0.42197730642320413 0.4061501301509921 
0.18421795035810407 0.42006121622101333 0.4211152357891385 0.41692243820282543 0.41906710617745985 0.40979810413374673 0.4298760418477858 0.41437631375000183 0.41357087965181794 0.41861175826091446 0.425881457660621 0.41155005673942613 0.4022202952894488 0.41007986751070896 0.4050339552189683 0.41546475571823377 0.41166585292506325 0.42175833963814885 0.42059453294100363 0.42075280338904525 0.413381701880603 0.4163626553233383 0.39083999138019754 0.4245074644202995 0.4285176260882046 0.4183657456569456 0.4197758403332923 0.42454482673289695 0.41120488562060853 0.4200434434443607 
0.20774982622283267 0.4099207040163354 0.35961424413040427 0.4092917456864527 0.5699378754385708 0.4938873580363445 0.42835975434376733 0.3583078840216895 0.4804527401184775 0.39230235546633363 0.42535578872181135 0.4794796832551031 0.581745895362801 0.5143750417701879 0.4112030298573677 0.42459270800199894 0.3990403842579902 0.4666044700375607 0.43979068408085603 0.41184410755219014 0.4120721920131328 0.40853588558880893 0.4323131015136072 0.4528494088461729 0.4072783878486667 0.5515124565912414 0.4022548417635825 0.4265761076503546 0.4196208553095273 0.3519786758219101 
0.21706452814062116 0.4330938729250363 0.3589542508304815 0.43294668173537765 0.570052255443761 0.4978648095329126 0.42983127499014334 0.3579338943404362 0.4130263329415022 0.42536848119401816 0.42588152580874594 0.4794796832551031 0.581745895362801 0.5130305992692579 0.4276175784490944 0.4084425265579474 0.027146778710477833 0.46672712270864114 0.422991044732619 0.435002337183696 0.4120721920131328 0.4184253503247163 0.4323131015136072 0.45285899061484736 0.3424294500221742 0.5515124565912414 0.4182282844534243 0.4265761076503546 0.4195264034593665 0.3519786758219101 
0.22111183675905852 0.4312660161723077 0.42065902049287096 0.43239461784484223 0.5490781948343733 0.5320651407851693 0.4298543780145428 0.4125741343546719 0.413223500512407 0.42579164203228137 0.4259229804091421 0.4115245574791841 0.5817596905226801 0.5654034666572311 0.4311505480645615 0.4235019147411453 0.050007697588048045 0.46672712270864114 0.42063857927897647 0.5959143209910782 0.4136339290887131 0.416474835314603 0.4363661351390182 0.45285899061484736 0.3193999059027414 0.3679897373136641 0.41805506832005856 0.4247844559049647 0.4322894661144402 0.42068729964577045 
0.22687233895427417 0.4330770512077961 0.48029322951332454 0.4402785860383471 0.5513569939111846 0.4111091978587393 0.43667625500302887 0.3198041490943379 0.4259539175379399 0.7054528368470783 0.4023762120694031 0.35816570782981944 0.5890427916269103 0.5127644563198549 0.4330001321833931 0.408434656974872 0.056095279384776875 0.4339050094884523 0.4228523063095312 0.588729882946525 0.39022894966131444 0.41701324004647916 0.29344989164292756 0.45261995277939077 0.3430022935055982 0.3683762662560158 0.39665520529719844 0.35603316337818525 0.41048503540439696 0.3518226844943688 
0.22965437610186035 0.4645617359677249 0.48811229607671824 0.44155389947344226 0.5513257440145508 0.49712383644640684 0.43182827678220637 0.31921562766277506 0.4136374071238845 0.7054534233228144 0.40238152692119594 0.40511426906550196 0.5884151832677428 0.512371514513913 0.4072269254993258 0.4238661354784989 0.05609885024607493 0.4345873127343449 0.32376565831713006 0.5756063475759438 0.3901148964101117 0.4184230575659622 0.29344989164292756 0.4481359656504033 0.31845471034854544 0.3683762662560158 0.41489629035901815 0.3407592135588929 0.4098002665816512 0.3540324303612258 
0.24132255577775463 0.4265505038395137 0.4078563285900807 0.4415639348537262 0.24347743308185738 0.3771938731870493 0.4319113981513319 0.3583230681294302 0.433674880899357 0.7053691849089457 0.44680542535352885 0.23402261609201475 0.5839346052465976 0.513609457817533 0.4235565700704093 0.42396032079796137 0.05465474464843225 0.4345799494323457 0.32423858219389295 0.5757188142371954 0.3985731810692952 0.32500104793092305 0.28806702573925336 0.45267151110784853 0.3182051994023813 0.3904625406348386 0.6584107621444878 0.42111995488003373 0.40996141877390835 0.4211098256214682 
0.24426483749902933 0.426481855089036 0.4881257747635488 0.44156584694389595 0.551225516570045 0.40721146166445976 0.43182727272334864 0.32174822067525805 0.4282545365288021 0.7053674184143993 0.46447719146592625 0.4036761988574569 0.587860981213593 0.5124043068730257 0.4235565700704093 0.42396032079796137 0.05465474464843225 0.4345799494323457 0.32423858219389295 0.5757188142371954 0.39104751266596055 0.3248379012091342 0.288644560827053 0.45267151110784853 0.3182051994023813 0.3904625406348386 0.6539327301528566 0.42111995488003373 0.40987306644990185 0.3577343429042124 
0.24737490430391684 0.4327828832332829 0.48690657542198484 0.4413252809576751 0.5435176743926516 0.4112868286302589 0.3293533675653259 0.31983454563144104 0.4182954743766522 0.7053722110129859 0.42436732271131394 0.5735926567101659 0.5883838637791922 0.5130654703519152 0.43302532856229803 0.4106649722463986 0.05465897769515034 0.4345989378457702 0.2824096585328177 0.5485430453935988 0.3905168710158377 0.3226974039443625 0.29344989164292756 0.45203539113422 0.3783018273418867 0.3783765242291075 0.6419195340822372 0.3416259468788154 0.3796703819078616 0.35422024451799655 
0.25435825988031135 0.46476083735210894 0.486211860973404 0.4402584358594796 0.5516316598753934 0.4109002841362017 0.288703673297191 0.3198368048303953 0.414121098192604 0.7053712915782132 0.4675215144479368 0.5711678118590425 0.5890319970533763 0.512772881577016 0.42471775001707945 0.40397069281207093 0.056064661706333126 0.4331808280993226 0.2816585161046533 0.5487876319685762 0.3901169143259406 0.3232139646625944 0.29344989164292756 0.45644341142816974 0.3431809854809599 0.37181728414057935 0.6543394767814166 0.3401740171258601 0.41058751881351424 0.3919958636787738 
0.2556024709214392 0.46476083735210894 0.4882054576127116 0.43241795886849255 0.543180365931782 0.32640840826838374 0.26397183530686913 0.31970236111872047 0.41882098773980597 0.7053721998633526 0.46606949999074593 0.5335756485678791 0.5884334520584127 0.512772881577016 0.4249087701235602 0.4119962394659465 0.053765507759302084 0.41293672271619225 0.28201440807140377 0.5763980454285823 0.39908971467213294 0.3204551386895111 0.29344989164292756 0.4564394496187508 0.34324147261719556 0.3718130370698696 0.6543394767814166 0.35061225814398755 0.40911620107977154 0.40730929899411844 
0.27326549180514015 0.46272117900129894 0.4924284656284814 0.43236483849934143 0.37490969631913307 0.32684863225707605 0.43449113719250654 0.3249731171459615 0.41848603163699655 0.7053722110129859 0.5243075512323843 0.5339415033706328 0.5884175730182423 0.6423769936230453 0.4307844727893982 0.6274070148865262 0.053691498384758715 0.4662999511407448 0.34244614590378175 0.4133312269699754 0.41545644987908165 0.32047622466255216 0.29344989164292756 0.45237172993677865 0.31603861498659885 0.3718130203118528 0.6347933267475371 0.3506421471362638 0.3178510860093977 0.42127881419063806 
0.2765498833080769 0.4622014379071828 0.48623754065915875 0.44113932723211163 0.5403630356980224 0.3272195583851429 0.32635576024481594 0.3198337320687289 0.42388605434606946 0.7053722110129859 0.3961600037049864 0.5706995352860992 0.5884151279014312 0.5127588630926461 0.4247115969600558 0.6229491754240652 0.051191511227698785 0.4143931403814818 0.28157470274249796 0.5751943048443667 0.39006622600922436 0.4155233306582523 0.2441525569397065 0.4485142125284927 0.3395582261472494 0.41248517455221845 0.6305352163778069 0.34076148578040616 0.41076954859173365 0.4258158617479686 
0.27942972299773844 0.4622040339047436 0.48808559952561914 0.44028671941590536 0.5432259119428416 0.4053770880999224 0.2902104596766545 0.3198706490094646 0.42809796800342426 0.7053722110129859 0.4644751585941228 0.5755447247362222 0.588417303622232 0.5124105414054002 0.42490197586141876 0.6229491754240652 0.05136536410908875 0.4143931403814818 0.28202023031433127 0.5757386406033396 0.39905278590140947 0.32484812665270074 0.29335460769377963 0.4485670469755573 0.3410439369654821 0.41143639281699207 0.6406961158894416 0.3383992915114117 0.37965275360415596 0.4211515046948361 
0.28401802145166516 0.46211936167722184 0.4869102535904216 0.44134520832728935 0.5514952208723912 0.41110910435228376 0.32301494231033706 0.3198368034983694 0.4251556593812718 0.7054534233228144 0.40236991216832346 0.5710271382899299 0.588417303622232 0.5130654741042374 0.4330207412487782 0.6229491754240652 0.05465904774184482 0.43483035846979046 0.28191994195209424 0.5752071954302093 0.3987956285059172 0.3227030234539788 0.29344989164292756 0.4525696444703832 0.32127258602321895 0.3683762662560158 0.6405193307425192 0.3401740171258601 0.39275616984158224 0.3515514753640754 
0.289172685164112 0.4609683303475097 0.48612441240080373 0.4415596765751619 0.3753459790243087 0.4984163283027851 0.3257212607791936 0.3198368034983694 0.48010283570336737 0.4232537785701324 0.4698052152649398 0.5828168126408318 0.588417303622232 0.5722054833471112 0.40689559838266315 0.6229491754240652 0.04815469314948817 0.4400586201561077 0.3247604318083175 0.7517196294499484 0.3987883730015319 0.4456928533093673 0.29344989164292756 0.44814994050184925 0.3184628665505884 0.3683762662560158 0.6369608191409863 0.3401740171258601 0.39330292243580395 0.3542809356627384 
0.2928788000354456 0.45944045016891377 0.47271603254442446 0.44133326807330114 0.37525282388687903 0.32887697994452547 0.3257267733691469 0.3198368034983694 0.42390270428411564 0.7494550707962022 0.46766185065015686 0.5805776200816634 0.5884308822428496 0.5782939473950724 0.4336338886809498 0.6229491754240652 0.0515718221842366 0.41340021381776343 0.32209067585850315 0.3848446131183231 0.39885063507662233 0.4456928533093673 0.29344989164292756 0.45255309707278624 0.339351338488011 0.3718709426742828 0.6499835279816345 0.3698198138500979 0.3788947535978796 0.4054292635126295 
0.2984609656937691 0.40811132698974795 0.46532639546369103 0.4414389402456572 0.3753118510151557 0.5016764604205199 0.43506391784110593 0.3221960213047978 0.4136321747011978 0.7056729181191431 0.46632300498963364 0.4647863905624561 0.5890254537949718 0.6472958508790333 0.4247143319394059 0.40428713048515197 0.02013780884801027 0.4347150284897082 0.32174743290383534 0.41636107669099615 0.3988758425023291 0.32050486727835287 0.29403835909749854 0.446744603468984 0.3314381104256222 0.37181693687082457 0.7022233527787785 0.37069652664499914 0.3798134730463376 0.4217375536419598 
0.3007966540602942 0.4647595213315987 0.4640497635672181 0.4700285629578821 0.5517272462372554 0.31965865174585484 0.4273214035384541 0.319228428602589 0.4798397997832837 0.7053719486036167 0.4659783672107636 0.3985431771989939 0.5884153222628332 0.5212836543052605 0.42464162847766446 0.4238661354784989 0.01969848069550072 0.43453902167129327 0.2817379888525589 0.5733632884259416 0.3905519367368745 0.4184230575659622 0.29344908965956884 0.44674198953144556 0.3184631657910872 0.3665724398645336 0.6983797750333454 0.3707553616546621 0.4098002665816512 0.40757135130978184 
0.30442400396351577 0.4622649830422385 0.4059670134580729 0.4416122651088408 0.25327932732922165 0.3759659725456683 0.4344956975429692 0.5153406414371562 0.43413328732064893 0.7053084843239629 0.5268578046373662 0.2362056446229169 0.5839160169945059 0.4870504843262824 0.4244243828962202 0.40458270687975784 0.01979890994140776 0.43406110286548577 0.4341725154495175 0.5489536888102758 0.398527038943009 0.3210816714075705 0.27104882660649016 0.45266162751555844 0.339454726113298 0.3700315630407164 0.436019723615406 0.34322336781734525 0.3776840537211065 0.421665587815199 
0.31048779988181435 0.4621824515881592 0.48611197344002943 0.44113934899800933 0.3759304878810072 0.41244790503710654 0.32805945625296173 0.5153406448988129 0.4238927153396786 0.7048981642381886 0.3820025882672587 0.5708592235175728 0.5813245901791627 0.6387014562558219 0.4307978660637133 0.4047514912123083 0.01722170717045744 0.43391287990303046 0.28167609516535336 0.5752113476884779 0.39756359701168625 0.4153498277861163 0.29344989164292756 0.48987046108549465 0.3330340889638289 0.4116596114097218 0.4376805979249906 0.3401740171258601 0.37980992121443446 0.5399487831847232 
0.31423708570246195 0.4093459622046258 0.4729020214847842 0.41764433995141764 0.37879633964215 0.4994333078350631 0.4367685046706881 0.5195819867490709 0.4136501253635129 0.7393132877313352 0.5233988782429151 0.4803608579435227 0.5883602069585956 0.642104060040131 0.42436729397736245 0.4166877489134078 0.01567070391973897 0.43406152505035267 0.32070649719490546 0.5739198721994822 0.39791306691392697 0.3227143430329883 0.29313502409066183 0.48962511435518274 0.33106826164865116 0.411689004357577 0.5145160335306425 0.3702350373468568 0.3798443830964959 0.5374119951829465 
0.3198896771289903 0.4622649830422385 0.48252152985614705 0.44113411099787286 0.37604923119260614 0.4113707792443453 0.433876312244504 0.5153406448988129 0.4237618794034433 0.7048744896508378 0.5268578046373662 0.576252888406538 0.5822399224900965 0.5613581119798207 0.42402524562785293 0.40458270687975784 0.019739939433863006 0.43406110286548577 0.3251008684743335 0.550953709810604 0.3975532081713383 0.32093689015355226 0.2713391037288635 0.48987046108549465 0.34104926675716407 0.37079326287082076 0.436019723615406 0.34313998697568 0.37981103665201776 0.5392217030339332 
0.3219385290566785 0.46261809757653843 0.42983013136694864 0.4404031879469817 0.3812667657954419 0.4179243808525052 0.4338973869828937 0.5153569697228014 0.4135027584721247 0.7030205996227242 0.5223645261344994 0.46997190365208247 0.5841319682363307 0.5593657198263435 0.4244243828962202 0.4046523314922242 0.037249651342141046 0.4142099441696424 0.28267935993651944 0.5737592842458985 0.39870923348692955 0.3227031284960802 0.2677886568948821 0.44521222944123107 0.3410493436199989 0.41135419356894565 0.5178877649543211 0.3446006351746022 0.3796312462027907 0.5397121145480005 
0.32817108824767505 0.46168484509597213 0.5533079681108853 0.43248058969147335 0.37880650363138635 0.49902533936268145 0.43354143340003065 0.5158896873648695 0.41848603163699655 0.42533412671151816 0.5416681982556307 0.5339415033706328 0.5848021409582261 0.642474540732921 0.42462743375215056 0.6274070148865262 0.053691498384758715 0.43084903697697374 0.34386692512042166 0.4133312269699754 0.4151441631139215 0.3204557240009901 0.29344989164292756 0.5326040090142806 0.32406050187938173 0.3913938521566066 0.6352838931799069 0.3727557297350549 0.3178921571139288 0.5379228539471206 
0.3318174232001993 0.4089747762004348 0.4307591016114918 0.421445846186702 0.37917322355244 0.497386425233502 0.43353880446387827 0.5152231436715833 0.6602360468447592 0.44578705314526235 0.5426341189155006 0.47745245476299275 0.5846845837346843 0.6471588152581527 0.42456553350202925 0.42057600845162146 0.04098754101418406 0.48867868738667547 0.3225656222115249 0.41736857504065983 0.40963580658293214 0.3210324400745872 0.28785702335252505 0.4885661692474457 0.4293848125252308 0.3730412562659809 0.4008926159423246 0.37177532676187935 0.3798122515452418 0.5367378455583625 
0.33275580942362 0.4089684629133121 0.4307591016114918 0.4329184126623143 0.3734578070544846 0.5351223395839866 0.4334339993596576 0.5152783947867687 0.6602360468447592 0.46008294702615715 0.42879100600863657 0.47745245476299275 0.5891352636299728 0.6470866413891545 0.4245642196588757 0.42071004775018633 0.042421949694088086 0.49025911667318095 0.32256249827711436 0.41736857504065983 0.4268201767807745 0.32206494663952023 0.28785702335252505 0.4648332297682921 0.4295006711637327 0.3729170727828929 0.42801004670195014 0.37177532676187935 0.3804269652357055 0.5347746177048195 
0.34614876250153304 0.4094111903888799 0.40622412005934705 0.4166952322270206 0.2605422575348819 0.37569086967084325 0.40901336268029354 0.5153409771736285 0.41324506819151735 0.422951530544821 0.4080796714337168 0.236901108116303 0.4087005156877048 0.4097040656153265 0.40381389734209366 0.4003881489913949 0.42198268244912396 0.3995950772050524 0.3226559591874289 0.4162174248084328 0.4080872513188542 0.3211030680584125 0.4108021004535769 0.404816302942813 0.42066368523700765 0.42157418665244323 0.4010972754808304 0.4038738897935377 0.44240267300693276 0.40796836987868573 
0.3481910891817374 0.42691980863691337 0.4313111742713649 0.4329184126623143 0.5803865467022842 0.5351223395839866 0.4334339993596576 0.5152783947867687 0.626435718873811 0.46008294702615715 0.425053071957082 0.47745245476299275 0.584640455252334 0.6440762662601278 0.43117182776643764 0.42071004775018633 0.04246841340531332 0.4662117902327237 0.32256249827711436 0.4158925760221879 0.4268201767807745 0.32206494663952023 0.41890998250968564 0.4898800499571756 0.4244985124956188 0.3906184895032885 0.42801004670195014 0.38039642158717474 0.43291606162050866 0.5370432362212862 
0.35681787743098053 0.4081632508770098 0.4729020214847842 0.41764433995141764 0.37879633964215 0.49943330883747694 0.4335415674390479 0.5195819867490709 0.41365016494906864 0.738876336004356 0.5350597287009686 0.4783699333507615 0.5892312628625731 0.6419532836975178 0.42437002027576465 0.41675376048538026 0.39986068163486815 0.4340193663678763 0.32252823077743326 0.41636107669099615 0.3988621407570288 0.3205048677134962 0.27083238715807284 0.44838106897168195 0.3206553294732498 0.3913305756034726 0.5161316886853022 0.37069863374046197 0.37981354157187935 0.5361202845512427 
0.3576329698689105 0.4093459622046258 0.4729020214847842 0.41764433995141764 0.37879633964215 0.49943330883747694 0.4335415674390479 0.5195819867490709 0.4136501253635129 0.7393132877313352 0.5399374843147711 0.4783699333507615 0.5846702053517189 0.642104060040131 0.42437002027576465 0.41675376048538026 0.39986068163486815 0.43406152505035267 0.32252823077743326 0.41636107669099615 0.39791306691392697 0.3205049041142954 0.27083238715807284 0.4896251122772457 0.32070134589645993 0.3913305756034726 0.5161316886853022 0.37069863374046197 0.37981354157187935 0.5366846488780717 
0.3627261853214757 0.4094111903888799 0.47345353210379626 0.4108061691326928 0.5811190971974723 0.5277038434990016 0.4323820584686155 0.5201358936376608 0.4122449990781337 0.4076531800029425 0.42571730138840636 0.23366495420175842 0.40860349190253364 0.6430228149888945 0.4038141829128105 0.4180789039069399 0.404976357563605 0.4031910435717697 0.4055838038491728 0.41621436772168896 0.4069793574285773 0.4002177622770259 0.416457860946415 0.48982737242561913 0.32104369823555107 0.42139124518642046 0.5194022642549019 0.40327211020688386 0.38045111604547366 0.40598085022765956 
0.36455333541063834 0.4340868282887432 0.43162133269161085 0.4406624709605466 0.37527603556369804 0.4963227178302023 0.3667929592999143 0.4319951244590847 0.48011566165454905 0.4215005897220227 0.4715423302802737 0.4330568183514596 0.423378726900932 0.5755467045908325 0.4068468195676397 0.6228134560406047 0.579881313324971 0.477303473831257 0.3228575893287544 0.7484793988101881 0.39883131783352394 0.4277580951728272 0.36977616717831663 0.4247678022648336 0.42874559375088217 0.37076094484417177 0.44833309564861795 0.33990430126252863 0.30983881135329655 0.5395128298119531 
0.3705240691421158 0.4093459622046258 0.4729020214847842 0.41764433995141764 0.3791741113089098 0.49943330883747694 0.4335415674390479 0.5195819867490709 0.4136501253635129 0.739304538282108 0.5399374843147711 0.47827709191769213 0.5846702053517189 0.642104060040131 0.4246382419777459 0.41675376048538026 0.42142114799885044 0.43406152505035267 0.39395953024972136 0.41643445784110544 0.408347902707921 0.3168431011143563 0.4183277439853417 0.48889997708528155 0.3206553294732498 0.3913305756034726 0.5161316886853022 0.36664117697929677 0.37981354157187935 0.5366846488780717 
0.37421038505640397 0.41023661576599235 0.4329840908160527 0.4330863543174303 0.5742944336253212 0.5318205531547727 0.42880830587459545 0.5152783947867687 0.48478199874102684 0.43007003961714285 0.42510671434869013 0.2394326468246674 0.5802180231214393 0.557705913713789 0.41090713065214834 0.4245617046529963 0.40511628711433834 0.46660395053873766 0.4123660899794652 0.4162312544371173 0.4271813321751218 0.4083942065257654 0.43611332029731203 0.47961415658803164 0.42611738555175904 0.3906184895032885 0.4027565731518398 0.4044323657037433 0.41193631353755955 0.4077901763178698 
0.3787429616671074 0.4272625690682948 0.43040538563505254 0.4325860328481681 0.42615899677318436 0.42183085716585 0.42893120885763053 0.4317340193556336 0.4283042094662092 0.43007003961714285 0.42507578373549915 0.43191156007225334 0.4238965826445443 0.4354271538769431 0.43116787327671624 0.42457382630719837 0.4220590447296109 0.4650366610783609 0.418602444553612 0.42523070884947484 0.4271620096687988 0.42748553222830604 0.4361133202973132 0.42875674954939613 0.42611738555175904 0.43618461842877104 0.4315292717127126 0.4245300993758423 0.42161073687895717 0.4325366649854434 
0.38117669072045346 0.42746144259276503 0.4324623054206419 0.4330863543174303 0.5742944336253212 0.5318205531547727 0.42880865459228257 0.5152783947867687 0.4822765377110553 0.43007003961714285 0.42507578373549915 0.474899966578546 0.5802180231214393 0.557705913713789 0.41090713065214834 0.4245617046529963 0.4051160808658121 0.46660395053873766 0.32388147876106554 0.41622189164305745 0.42717978028510617 0.4083942065257654 0.43611332029731203 0.47961216800805256 0.42611738555175904 0.3906184895032885 0.4318071421945392 0.42222895593921983 0.43291606162050866 0.34428316487060534 
