0.8279508016087678 1.9211220054217888 
0.8418876649941919 1.9182842245419278 
0.8513220956968092 1.9181831931440085 
0.8699566328125066 1.9126959403669184 
0.8882044990228622 1.9043083073586842 
0.890667971737111 1.901611475359036 
0.9129132836699565 1.8947897004137029 
0.9272629138139726 1.889823126163834 
0.9278102123373433 1.8882653017983295 
0.954549123336601 1.8744376032911303 
0.9674230918341593 1.868706015796918 
0.9914651236737961 1.8577455514699557 
0.9984975275471668 1.851331503084437 
1.016377617831458 1.8416393176368617 
1.0391487004102156 1.8227445997795237 
1.0662004251845714 1.8029798002464608 
1.0921081924341323 1.7844209507955349 
1.0945647454264014 1.7841001058787012 
1.1304589569878762 1.756366897268033 
1.1375409443686204 1.7501218706621224 
1.1599791107151836 1.7279017360712055 
1.1955123446261406 1.7231038923344069 
1.1995231086766474 1.7096711381650556 
1.1998150827302854 1.6898455373857078 
1.224637345904347 1.6642426488762623 
1.231581536796959 1.654221235272816 
1.255862366842684 1.6486294340203915 
1.2599415536542378 1.6465816326411953 
1.273925002178723 1.6341556120507428 
1.2739460331877912 1.607135210594284 
1.2846314502565974 1.5962175817775557 
1.2897409174829055 1.5837515609074169 
1.2983855951061183 0.9381482527240397 
