0.056296354744236776 0.7013979220511045 0.5010525401457975 0.6010353194426638 0.402409483088776 0.40100836315533817 0.10052191858910811 0.7003845788667046 0.3999765066062508 0.298038043946655 0.7009734193136028 0.6996199318086117 0.7010132992126327 0.4001322665254432 0.6002006170758496 0.5986261627473825 0.3000250091796028 0.20095098479874737 0.49887765847270915 0.5016908847578478 0.4990586563727519 0.49873786970831285 0.5008820211365657 0.29958727014054415 0.5007158006072201 0.5005250871018931 0.6011699101398457 0.6001249775150824 0.5993219903199359 0.6991721935019112 
0.048499210330187476 0.7013979258142599 0.6008188542675355 0.6011622318098289 0.4025460895650168 0.4007314434642017 0.10056797930628303 0.6998967976545047 0.3999764609779067 0.2980366070660314 0.6972312674221982 0.6996211797949847 0.6983216557985273 0.4001331463530874 0.6002006252540542 0.5986265751024384 0.3000210280314496 0.20095082850377352 0.49887768695003376 0.5016893900336147 0.4990586549127309 0.5005836823065246 0.5009296922068448 0.29958113061533553 0.5006784941202671 0.5005533687623637 0.6011699146905152 0.6001236614613161 0.5993228717234546 0.6991721881631685 
0.04472131814815308 0.7013945433954107 0.6003249066416781 0.601152401808943 0.40254562780819714 0.3983786736239383 0.10056790159482303 0.6998988008157537 0.39997943469197655 0.29807033617250245 0.700957959594867 0.6995547954128037 0.6983324736266131 0.399961447678317 0.6002271865968657 0.5986231198891839 0.3000183050337714 0.20110948048911947 0.4988775972725656 0.5016885989232706 0.4990668100199163 0.5004804069851003 0.5009296591442599 0.29957917887787505 0.5006793802088102 0.5005249754513965 0.6011700305541869 0.6001430579623318 0.5965731690464174 0.6991721778616754 
0.03618794211750749 0.7013945480503103 0.6022179160641107 0.5998807516406361 0.40256941646492633 0.40090298955663817 0.10045094993241814 0.7003681126259629 0.39970088697812345 0.2980697667860457 0.7009411972431463 0.6988070950924554 0.6980002450723101 0.3987597990062579 0.6003225000188991 0.6003701571046555 0.2993923932587104 0.2010652578903724 0.4988784044228859 0.5016891018571706 0.49905775126401813 0.4981224883512605 0.500979573841793 0.3003073899394223 0.5006202467669624 0.5025388615378914 0.6011700577592523 0.6001426058438443 0.5965893871223907 0.6991721858346996 
0.027533738506946424 0.7014043793995867 0.6021367208027562 0.6010175547039688 0.4022634933086177 0.40074434432421707 0.10055625835890064 0.7004111867573841 0.3999754003893903 0.2980383664368884 0.7009985934497709 0.6996040356153788 0.6980118105768438 0.39997611739535255 0.6002005803057031 0.6002829929500593 0.29938025858470924 0.2009921957707792 0.498885249101464 0.5016967001563988 0.49905703850707256 0.4938738816637282 0.5010378880853288 0.2995812399879634 0.5006793800380778 0.5005230658467905 0.6011662095534882 0.6001470434247842 0.5990817509370069 0.6991712446506944 
0.025875973479090403 0.7014219042119776 0.602117637763295 0.6010209156704723 0.4022651104383195 0.4009113540554113 0.10045136131368572 0.7004115614916924 0.39998666301832936 0.2980412935556909 0.7072489653985892 0.6996034230767098 0.6008171976213511 0.3988489767920814 0.600195086821243 0.6003763198802038 0.2993912329880573 0.20099008265556126 0.4988782114581072 0.5016923747065932 0.49906742442841084 0.5004038156928463 0.5010848162276996 0.2995389752710874 0.5007184667550613 0.501865124660808 0.6011759579169309 0.600150153857021 0.5990817384499171 0.6991712583553352 
0.12527782945250193 0.7014219042119776 0.6006818290242568 0.6010836405070505 0.4022651104383195 0.4009015043702385 0.10045136131368572 0.7003806240200651 0.3999864203426697 0.29804137563402194 0.7009588401770408 0.6996638989740277 0.6981286339418877 0.3987732079573551 0.600195086821243 0.6003763198802038 0.2993912329880573 0.2011110159898339 0.4988782114581072 0.5014979635525556 0.49906742442841084 0.5004038156928463 0.5010848162276996 0.3003076719511412 0.5007184667550613 0.5018558193601481 0.6011758214420001 0.600150153857021 0.5990830770713118 0.6991721322609273 
0.12870642118994968 0.7014033608995649 0.6006844047602906 0.5999289723381456 0.40258593884985233 0.40089742378697396 0.10054689274856811 0.7001377190959741 0.3996907860875216 0.2980706778882007 0.6971858722105766 0.6997058437937479 0.6980983080239156 0.3999832324870271 0.6002166622634894 0.6002907537308675 0.29950551249309243 0.20083748408123037 0.49887444840094936 0.5016858425564548 0.499067265005843 0.5010430369953303 0.5010613092529235 0.30026493653003933 0.5007277961165664 0.501941400419899 0.6011700626438161 0.6001497540446258 0.5993111423576751 0.6991725411029476 
0.12906716857230374 0.7014034155575154 0.6006492166698166 0.5999289723381456 0.40258593884985233 0.40089742378697396 0.10054689274856811 0.7001377190959741 0.3996907860875216 0.2980706778882007 0.6971858722105766 0.6997058437937479 0.6980983080239156 0.3999832324870271 0.6002166586482128 0.6002907537308675 0.2993945847000157 0.20083748408123037 0.49887444840094936 0.5016858425564548 0.499067265005843 0.5010430369953303 0.5010613092529235 0.30026452260876224 0.5007277961165664 0.501941400419899 0.6011702053929857 0.6001497540446258 0.599311054240663 0.6991725430798119 
0.1356170774504579 0.7014218527707401 0.6006501223899574 0.5999309000149082 0.4043270493658598 0.4007326975788735 0.10052628810028816 0.7002441760930265 0.39997145053795924 0.2980412982699507 0.7009333895001317 0.6996099623443621 0.6981292143623298 0.3998732471251027 0.6001911758798645 0.5999444295415164 0.29939130691943 0.20110911880036486 0.49887799665618104 0.5014978148118872 0.4990672127281443 0.5006854981850455 0.49802577138330195 0.30063471963289756 0.5006210787255937 0.5026112068076398 0.6011584976525071 0.6001498382081486 0.5993694372747654 0.6991720994660874 
0.13840909885359592 0.7014952574553076 0.6007068029926551 0.5999612686456629 0.4043270493658598 0.400710665417292 0.10055305825078194 0.7003811226061302 0.39998374632735867 0.2980412982699507 0.7009333895001317 0.6974616126614596 0.6981292143623298 0.3998732471251027 0.6001893813755469 0.5999474030177426 0.2993904751452571 0.20079858766567127 0.4985973165333149 0.5014978148118872 0.49906721211497973 0.5008251886581083 0.49848167916103847 0.3006593899137264 0.5006210787255937 0.5024954181792312 0.6012125845881789 0.6001498399347956 0.59906377180294 0.6991725366015982 
0.1433836151826477 0.7011754430269793 0.6006429810620989 0.5999408015256174 0.40441230399559863 0.4007252917636509 0.10052728451191693 0.7004806531845147 0.4001459473078153 0.2980911908551474 0.7009128853649453 0.6996138994971741 0.7021377622383995 0.3999094413285617 0.6002599353903596 0.6979266009315918 0.2993912532837759 0.20079951079563396 0.49889609315901173 0.5014892774438596 0.49905862513736526 0.5007570572641417 0.4979556388314381 0.3003558125895555 0.500563003718145 0.500693525384666 0.60117604961814 0.6001419505963476 0.5990242920284016 0.699166451707968 
0.14521289041426888 0.7011788453280482 0.6006502030649938 0.5998095797878386 0.40433512621622514 0.4007284008906608 0.10176489676168553 0.70048046168046 0.39997520906935735 0.2980638594509109 0.7009332221694398 0.699583319253648 0.7021641177145288 0.3999736620629293 0.6002561563059751 0.6975700579775899 0.29939411510719893 0.2007995197471099 0.4988960967943975 0.5014892688491636 0.49905862459354683 0.5005549641694818 0.4980258635105266 0.30035454268537876 0.500559229134255 0.5005591910044784 0.6011813820710077 0.6001419050649393 0.5990849091297084 0.6992080062291448 
0.14884476907429695 0.7015052232843239 0.6006422468921266 0.6009675047911904 0.4044127284020358 0.4008889690097518 0.10055305825078194 0.7002930528006244 0.3999917735148483 0.29809023940526136 0.7009346887398403 0.7025834817621401 0.6981479749118458 0.3998732471251027 0.6001893974997964 0.6997633745230168 0.29939130691943 0.20078833686673023 0.4984828154791504 0.5015073310842242 0.49906253342506185 0.5015067946773175 0.4998405045741459 0.2985984943496228 0.5005553240140999 0.5024832246044124 0.6011797952513929 0.6001741759149287 0.5990652102837603 0.6991705891908458 
0.1540773334415734 0.701200392213536 0.6006429760237834 0.5999446140194925 0.4044230298574409 0.40076559211989854 0.1005268215453246 0.7003021402269862 0.3999781578596999 0.2980831519131682 0.7009343927935422 0.6996387326899662 0.6981402794166311 0.39992805825956246 0.6001964793504244 0.6976793034830818 0.29937162438033166 0.19603374611897928 0.4994290092884206 0.5017018541183366 0.49922753251639296 0.5013134563535757 0.6001517453955697 0.2988138989761008 0.5007333501206733 0.5005016782287168 0.6011855249491168 0.6001659106535463 0.5990873669599508 0.699170808601123 
0.15966403660846057 0.7011788039480384 0.6019482031655338 0.6001736218960544 0.40643488618406115 0.4007655975301156 0.10047733459002789 0.7002160503954042 0.39993884533373325 0.29810548074931786 0.7009029603617432 0.6999230994082891 0.7018437942724529 0.3999318154637938 0.6011935201553019 0.6969572517283004 0.2993392237312226 0.201326031405071 0.4989090789758806 0.39874779504636326 0.4992227791814442 0.49809953298558873 0.6013846007767985 0.2985148790865727 0.5005858589412019 0.5005602046250995 0.6012641565660071 0.600140028872892 0.5992278512261145 0.5983947144256331 
0.16474602628061777 0.7011881786261674 0.6005424769931128 0.6010159342198419 0.4043024463791128 0.40076544166652056 0.10170772830144265 0.7004887638223943 0.3999790741347688 0.2981069419726988 0.7009489368017622 0.6989145326674129 0.698163755388365 0.3999314834083956 0.6003006881327289 0.7005137006209022 0.30088544885249896 0.20132776123342858 0.4989025926396882 0.5017110234120921 0.49923177681944214 0.600024785224836 0.5026328022429173 0.4042267036988002 0.5006119813210413 0.5021440313618646 0.6011729882812268 0.6001500412368445 0.6052931181571731 0.6991633761960885 
0.16505733966685346 0.7011879410909354 0.6005424769931128 0.6009717639936966 0.4008364091142566 0.4007661113622536 0.10052482166032807 0.7003050757867382 0.3999556895999846 0.29789145368826736 0.7009094754345676 0.6989145326674129 0.6981899229995071 0.3998952977301809 0.5965870455665365 0.7004900473864446 0.29932315981229707 0.1945877446148774 0.498908332230035 0.5017105895399308 0.49923194463448656 0.49816969321224475 0.5011605842784319 0.3978546877464085 0.5006119813210413 0.5006390309301562 0.6011727447336276 0.6001501128294879 0.5061292789730885 0.6991739681136423 
0.17202715395140067 0.7011787007037689 0.6007501193181072 0.5998917067967674 0.4007982174773828 0.40077351795612143 0.10052748456287566 0.700238905340058 0.3999538216167813 0.2981255787578224 0.7009114428020186 0.6998633287333663 0.6981912502895822 0.39989473025916894 0.6002018673264763 0.7009583417498784 0.2994220457295921 0.19636084941807758 0.49894592851734326 0.5015008232938188 0.49922347594102057 0.5049867847159425 0.5956906016871252 0.3988237473449533 0.5005854337312838 0.5021355222573439 0.602776845461788 0.6001400242953931 0.6051521631102574 0.6991699303726734 
0.173452844555481 0.7012003447340319 0.6054561865524776 0.5999252343971665 0.4043558211720063 0.40087822994451 0.10052432574971765 0.7003839761219908 0.39997815672340914 0.29787207607606386 0.7009586666572453 0.6988651970080639 0.6980958613358855 0.40003524101180316 0.5999898736901256 0.5987061168306255 0.30102330622463164 0.19527523878888814 0.498877037968747 0.5016258620907634 0.4992480048532747 0.4981340926176069 0.4977195836581203 0.29801093761496145 0.5007458479370421 0.5005261028582656 0.6011698965740686 0.6001366284160247 0.6039341497160244 0.6991690235827565 
0.17816140045520512 0.6980454578907133 0.6006403856906845 0.5998922976207398 0.19894563456114622 0.4005641374748801 0.10054978784076127 0.699734085602069 0.400037747663934 0.297453131899364 0.7008587608858163 0.6987938206237453 0.6980672338422043 0.3998957096301125 0.6000977966702219 0.7012133218175055 0.300856897886864 0.20069814386819912 0.4990391263464521 0.501678696691185 0.49921869127104496 0.593818347184896 0.5026667443793684 0.300030461814502 0.5007156541321122 0.500020707282422 0.6011719769427571 0.6000431029498554 0.5998304822502718 0.6991738261420619 
0.18233843941146935 0.6981177206307025 0.6006416288155089 0.5999844083142583 0.2001297324676367 0.4007658255436786 0.10053846330521991 0.6997095978535747 0.40003550118631287 0.29809722582810205 0.7037144082599407 0.6987952850329301 0.6980675580042288 0.39986634243041136 0.5998923597668167 0.7009087200527465 0.3008649377895476 0.20107068003872794 0.49902840529571446 0.5016804634045127 0.49921746633537617 0.49759937967925005 0.5026726190175346 0.30000234951568133 0.5007153158115556 0.6061427580573006 0.5986223901540392 0.600043243091902 0.5998304748609768 0.6991350146028946 
0.1841273403266116 0.6978971670107194 0.5986339422640229 0.5999926918437753 0.4061794424401929 0.4005673432463917 0.10053808987121265 0.6997095978535747 0.4000354837821601 0.2980972180893809 0.7039507703252441 0.6987952850329301 0.6979313161895725 0.39986631657127286 0.5998847382505614 0.7008900525469267 0.3008655499850225 0.20070129066639517 0.49902886185658446 0.5016789946540161 0.49921746633537617 0.5947875741295646 0.5026726190175346 0.2999502670158387 0.5007153158115556 0.5973448822009008 0.5971035031457365 0.600043243091902 0.5998304748609768 0.6991351558700107 
0.22462199004066666 0.7014679257840523 0.6007727173751786 0.599922366255498 0.19850092610246697 0.40058494320509636 0.10053846741939626 0.6997096353792623 0.400037747663934 0.29741867412068185 0.7008187979397722 0.7000263744374547 0.7007699128579292 0.3998666563013918 0.6002687420311761 0.6983754209684399 0.2993771120307409 0.20107570672750838 0.4990292025617393 0.5016790949815154 0.49841268686105233 0.5936854382084404 0.5010320215064361 0.30130758133218943 0.5004330820026234 0.5000722723652266 0.6011719069433055 0.6000399844199376 0.5998842523404345 0.6991727817197079 
0.34617478689961223 0.7015432096087246 0.6006280718869539 0.5999844083142583 0.4044054645144054 0.4010416451688489 0.10053846330521991 0.6997095978535747 0.40003315245970955 0.29809722582810205 0.7037144082599407 0.6999728522288685 0.7007902988809177 0.3999372744850739 0.5998923597668167 0.6996908112710464 0.29931697223681697 0.2010785037944122 0.49902840529571446 0.5014709228493889 0.4984385094837343 0.49759937967925005 0.5026590617964211 0.30000234951568133 0.4998458111077016 0.50072144367093 0.5986223901540392 0.600043243091902 0.5998304748609768 0.6991390927656841 
0.21224591592047645 0.7014237451741606 0.5988381191863574 0.5999882603564265 0.3989313919659595 0.40100282297301026 0.10053506277395882 0.7022291786019232 0.3999705762073567 0.29746119249340497 0.7040896877485565 0.7000851535524967 0.7010438175072624 0.40421756153041766 0.6002219603025485 0.7009399843080305 0.30105427782582783 0.2007030245067187 0.49888575763993454 0.5014236430207036 0.49907457683421147 0.499872030830522 0.6036577159204173 0.29990655810874506 0.492892044021098 0.5005962352679632 0.597426470949108 0.5999708463801665 0.5998912614885668 0.6991382745070464 
0.35255467868698104 0.7014686661131916 0.6007727173751786 0.5999911076855279 0.19850092610246697 0.4005860582372517 0.10053817328990888 0.7025643868189999 0.40008589085140805 0.2978653066219865 0.7008245068162936 0.6989551724010904 0.7007857161353425 0.3996384864848866 0.6001901070997899 0.700478577256186 0.2992940478477364 0.20094858688004252 0.4989363023270215 0.5016790949815154 0.4992236787028201 0.6000842569934773 0.5010320215064361 0.30139050458216354 0.5004328172539613 0.5001368487021584 0.6011729368691217 0.6000414911729333 0.5998842523404345 0.6991727817197079 
0.3533559161938851 0.7014945201017958 0.49938307455360614 0.5999883909267415 0.19850043291464128 0.4005792854104971 0.1005373645114551 0.7024170256065292 0.4000895206894406 0.2974619962345246 0.7009452180443074 0.6998914234141459 0.7010437767288126 0.3996507400601552 0.6001894413514396 0.700962595535204 0.29929500588227687 0.20070346128360328 0.4989404400045551 0.5014841241311986 0.4992201928520741 0.6000679414470302 0.5017421560761823 0.2998376422262454 0.5005808432574537 0.6001008285504112 0.6012562932590195 0.6003766429058337 0.5998062940795426 0.6991395202722157 
0.3567355473789655 0.7014171590796905 0.6005424051737007 0.599990217225567 0.40079614647447964 0.4007661113622536 0.1005381596624475 0.7003043620610573 0.40008594428157307 0.2978883155518734 0.7009134931439513 0.6988762729456148 0.6981869983200858 0.39989570738793195 0.5968110671157799 0.7004748595114748 0.29927071428926005 0.196207945368832 0.4989298547724328 0.5014862455198187 0.4992269349237562 0.6000185346932712 0.5026974626663 0.2998418092189191 0.5005854337312838 0.5001367514309104 0.6011653891863026 0.6001336939187341 0.60505563796562 0.6991698865028915 
0.36008588697835764 0.7014816154600796 0.5982846205452701 0.5999628003918789 0.1981667529743323 0.4010266322868173 0.10053719795920843 0.7022966482949912 0.40009226529599173 0.297461271525587 0.7008553863112237 0.7000282258842834 0.701180812863365 0.3992250145899956 0.6001616803378904 0.7008938322413495 0.29929501091156674 0.20061437496988654 0.4989212695210815 0.5014852206774156 0.4992139976592459 0.6000682169714582 0.5009751820825612 0.30132800491339523 0.5005819567486821 0.5005848092688314 0.601202377043212 0.6003825089463433 0.5998145103752505 0.699138985088834 
0.36269352162865676 0.7012035801865257 0.5983899498260289 0.6008963398793079 0.19851982273450458 0.40102753474334485 0.10052403291347961 0.7023749617894437 0.3999850581612202 0.29742281008645133 0.7009591777562658 0.7001565664964177 0.7010383630196706 0.4001738174343128 0.6001899167491833 0.7009425842645348 0.2993018079301208 0.20061594945408728 0.4988773784061724 0.5014261496756939 0.499252443285982 0.5989330889820861 0.49757216168392226 0.29983824062210995 0.5005808071375141 0.5004847746102863 0.6012440501047539 0.6001337095652809 0.5999840335188164 0.701330000650669 
0.36477531551686915 0.7012035801865257 0.5984362546594056 0.6008964663143597 0.198624454312252 0.40102753474334485 0.10052408183812214 0.7024016702738713 0.3999850581612202 0.29742281008645133 0.700959034472569 0.7001565664964177 0.7011411931906419 0.4001738174343128 0.6001899167491833 0.7009306701951052 0.2993018079301208 0.20143672735130883 0.49887610655312375 0.5014261496756939 0.499252443285982 0.5989372452704533 0.49757216168392226 0.3014673078359852 0.5005808209804313 0.5004847746102863 0.6012048331206938 0.6001337095652809 0.5999840335188164 0.6991394753509478 
0.6023132679883606 0.7013386893517956 0.49938941963468436 0.6009882837269057 0.4014004952867147 0.4005556065964162 0.10051151781863069 0.700152794141053 0.39998402469318295 0.2980433925414289 0.7008535061507136 0.6006549474295856 0.5993067944483025 0.39992634957567724 0.6001217820454016 0.6006705931727556 0.3011971230382812 0.19932516953081167 0.49891463442676476 0.5016825220555786 0.49893911882025094 0.49928258508611667 0.49891893758847305 0.3000005396496391 0.5006213741649007 0.5009477800115429 0.5996212558161829 0.6001475952474081 0.5992805595375521 0.6991721334334225 
