0.4492481343685154 1.587281635258334 
0.37228116779740283 2.0299018478198985 
0.3720049625111831 2.034765853510278 
0.37718078679242734 2.0051295674340257 
0.39338140949108796 1.9213543179146775 
0.4117299107954196 1.8322363841710445 
0.42507908089823526 1.738390489156192 
0.43675197992371195 1.666420068081732 
0.4465343845974809 1.6048840898590833 
0.4752457110177796 1.5869054132642637 
0.4993734299440017 1.5754409867848589 
0.5226362916528586 1.5750907689116795 
0.5403336183922844 1.567929028133659 
0.5699493318009651 1.5656771003159826 
0.5935243018047948 1.556987103067372 
0.6517480845545114 1.5489690888704974 
0.6759230001256438 1.5385755691539584 
0.7108743546984588 1.533735496112873 
0.7305844898427217 1.52691992588827 
0.767706519300769 1.5237204819996355 
0.7850435841551632 1.5096854490146459 
0.816590595620152 1.50010429870148 
0.8481371342483386 1.4928633592508114 
0.8601817352739679 1.4868956209884552 
1.2412567603609248 1.4628413933365396 
1.2542060090560632 1.4288374603033929 
1.2771348407035112 1.3884468179795608 
1.2809558000847254 1.3616454615135072 
1.2923806288857826 1.3302077996740609 
1.3205045717291977 1.3070983435721881 
1.3594870843619413 1.2901158528480843 
1.3877734352407085 1.2787676534771464 
1.4254341640210029 1.2543864835429281 
1.4432255972770958 1.2458225779315015 
1.4988064409947575 1.2182065282807861 
1.5287747711798665 1.200804871013248 
1.5627386557161052 1.1805616173656108 
1.604731701192387 1.164555387010879 
1.6395154927092612 1.1452969674959035 
1.6705036086097471 1.1182123400994284 
1.7253088794199576 1.0897430976395686 
1.747284523686422 1.0744123747100756 
1.7397918021302214 1.0751880619461953 
1.7395673077557785 1.0753107154887978 
