0.38513600085776206 1.0766697451859126 0.6461575565443539 0.9546536891739249 0.8529149797907288 0.827374748169537 0.8696102286785508 0.8526203968404861 0.9650878027813617 0.6547826451428737 1.1241097332297052 0.597071015116964 0.8871456521477679 0.9508805873214762 0.8027899553189082 
0.255109959040702 1.0741425710257346 0.6168598641560362 0.8814101774870541 0.8644280211454892 0.7468280596317141 0.9121334364940012 0.8999838766335182 1.0619599616368804 0.6751564773704969 1.1963893763204663 0.42744404309531203 0.8126771707528381 1.0528632650663508 0.8091853862771952 
0.25433718155090174 1.1864648883078208 0.612796327517535 0.8412470465131148 0.7572658931217869 0.9047007400769085 0.7976796730503428 0.7623491621212771 1.062015245357018 0.563670839238121 1.115519496519711 0.4274902906806247 0.9142420121622957 0.7991684384452318 0.806755892029035 
0.2614395390310129 1.0741425710257346 0.6161114013369472 0.8805116424009897 0.8685046112889994 0.955516655454211 0.8392846912210632 0.9065363344168383 1.061910672634268 0.6751552960540036 1.1217844071291228 0.6943265039964867 0.9668468395706259 1.0658929721404895 0.8091839359902451 
0.283664085485747 1.064584265910266 0.6168598641560362 0.8810668382451579 0.9116088249147082 0.7470048184989846 0.9153012056123094 0.9006022831004107 0.9397307383585123 0.6830166884426964 1.1963893763204663 0.42744404309531203 0.8121298681871288 0.7726339602718689 0.8091853862771952 
0.31006203624443845 1.153607048445788 0.6127662523001836 0.9259709827893915 0.7726561588378529 0.9058557108767107 0.8886683347473806 0.8991909999630345 0.937845511843918 0.5965582989937355 1.188843534511734 0.6028000458635827 0.9266029293810634 0.8182676135852963 1.0048411992221222 
0.3359131664364128 1.0630317757444439 0.7332393720381313 0.8812073611008532 0.8869814130335991 0.9366897575621297 0.9163118597238925 0.9006489808489183 0.9396150935808067 0.7159062720455674 1.0344828251266498 0.6201682998745505 0.8142354264139744 0.7743718114310616 0.809182800905876 
0.35854138078312797 1.0406649735675273 0.7288694188544151 0.9152846528820476 0.7942183754610732 0.9870845256815575 0.8511765229710826 0.8519774078036686 1.1167736284222594 0.7112131692502078 1.067904967581835 0.6773152735386113 0.9244778538133946 0.8803670363344495 0.9212446813200812 
0.3790834453500594 1.0392531150784723 0.7305556141598596 0.8543851722199477 0.9100249968176831 0.9398625636409994 0.6961717602164915 0.8524676067413371 0.9308086781972563 0.6918060809807591 1.0346090964334467 0.6218250286906251 0.9053410697842825 0.880301502713189 0.8519221198644896 
0.4057243551190951 0.9955652059034467 0.5898111759394636 0.918800699219443 0.7713855535202443 0.9016571426178851 0.8599076925180519 0.8302103395236239 1.057295140062202 0.7173369244686866 1.0729719131461988 0.6733367972549209 0.9151224325594719 0.7950904173885558 0.9399824197116956 
0.4273155731049669 1.075906981949073 0.6397489324826376 0.9546536891739249 0.807013747622665 0.827374748169537 0.8415730087362758 0.8526203968404861 0.9650878027813617 0.6547826451428737 1.1241097332297052 0.6225120512025313 0.9056140509782721 0.9508805873214762 0.8027899553189082 
0.4453771095194793 1.0912973051590331 0.7287925369602415 0.9174336148315534 0.7965118620416388 0.8195660516581061 0.9301806603590644 0.7936615357854204 1.0519103789660202 0.6222202809106602 0.9372446704173866 0.6463510215158264 0.9140766961725227 0.8793485112485766 0.8589859754155978 
0.4607677441788199 1.039038465762464 0.7305175801581075 0.8344370581129916 0.8137880948886541 0.8246982861495379 0.8693594776135811 0.8524895092144968 1.0795976927525017 0.6901672168757715 1.0553720330558956 0.6781735756859983 0.9269080047988075 0.8682213922205398 0.9305047178356052 
0.4837565816088367 1.090098816714293 0.7289421436558032 0.8827192154865802 0.8142189314965723 0.9351759884997681 0.9331357947193362 0.7932736986142095 1.0771538068664566 0.6897109327202082 0.9392398157146556 0.6781616293724587 0.9263943888173255 0.8695825411476856 0.9260413952453861 
0.5037397634913409 1.0722277883986018 0.7014855499611605 0.9352034547323196 0.8596815562575343 0.8395938036125541 0.8537949975735296 0.8510629297400855 1.0796034050963226 0.7258525251756068 0.9357394395014575 0.6459510902847404 0.9214889625347967 0.8681865080151724 0.8537188637771408 
0.5484741981685011 1.0355485761062966 0.7289722463517228 0.8340672691958158 0.8606190860125583 0.8381006388266482 0.8582169950586319 0.7579663983857811 1.0714328855627235 0.6563759407499257 1.149790771366707 0.6781537937786098 0.926695219967116 0.8682536632527896 0.8555632144066112 
0.5688178428964865 1.0939657269824374 0.7311536713634749 0.9174256535741656 0.8720282514355455 0.8205033428565283 0.8585454180916398 0.8074561756236309 1.0515048814281682 0.665302037007721 0.9374323097077977 0.6470740429048076 0.9153110170823563 0.9092701340132063 0.7499416712468471 
0.5947035368199531 1.0722014707069938 0.7993957718174527 0.9194096243714266 0.8718313674365024 0.8210805275113482 0.8653559377716675 0.8093490910781577 0.9289165568738367 0.6908022959265142 1.149790771366707 0.6459051317005673 0.9152083831620785 0.8682675512185025 0.9381282341324284 
0.6103867291896892 1.0943061914326604 0.7015802127224084 0.9174605559961014 0.8600185731198587 0.8381006388266482 0.8541544005827199 0.7579662257372629 1.0812258602852847 0.6622896317467553 1.1476166547149387 0.6471519691574146 0.9214610309631351 0.8682167920387124 0.9251451180057473 
0.6363292073948635 1.0978485461173308 0.7327136832134783 0.9174252238845787 0.7787881853553472 0.8208667347431655 0.8592447673589072 0.8025760851737491 1.0796033454181484 0.7213289381989818 1.0876074876617987 0.6470704734145056 0.9217848132694371 0.8705158633306231 0.9356005837008251 
0.6524559752283641 1.0722014707069938 0.7993957718174527 0.9194096243714266 0.8718313674365024 0.8316126307858224 0.8655348004238628 0.8093490910781577 0.9150997194409412 0.6908022959265142 1.149790771366707 0.6459051317005673 0.9152083831620785 0.8682681398999847 0.9381457211114771 
0.6761471918678352 1.0709853996687497 0.6772649725505268 0.9194893451702331 0.8600205696272799 0.9177680452760777 0.8613493690515307 0.7581267892375682 1.0796034042127383 0.690587317859681 1.1497898241722122 0.6471512818786797 0.9534779071656899 0.8682007083999195 0.7856723051129197 
0.6985845654695431 1.0924278659023678 0.6969644758235016 0.9174989169311778 0.861104898454424 0.8381004838288486 0.8582709388348218 0.757415005293031 1.0788441716142525 0.733888781370552 1.1155047648120933 0.7026713457863661 0.9156776597053763 0.8698548849376252 0.9286528673253742 
0.7081698715011912 1.0924278659023678 0.6632324067801331 0.9174038702114299 0.9554718140951848 0.8673041735463812 0.8582709388348218 0.7574141408768746 0.9184611751322649 0.733888781370552 0.8764153098898009 0.7032398846671939 0.9158536516644072 0.8212145113267669 0.7925007947550021 
0.914989140919605 1.153608988998016 0.6131011257379644 0.9239540724001916 0.7732758627477719 0.9035313269973899 0.7969196725101656 0.7728913776712529 1.04492852602751 0.6327366672595386 1.1225313086550164 0.6027081089777367 0.9267391968207817 0.8182676135852963 0.8937911104059495 
0.9329388962830105 1.153607048445788 0.6127662523001836 0.9240735286655131 0.7726561588378529 0.9058557108767107 0.8790574701879871 0.809760745962178 1.0449699512965005 0.6173153409457269 1.0770477268231753 0.6028000458635827 0.9266029293810634 0.8182676135852963 0.8937911104059495 
0.957406612455749 0.8574941401469182 0.5991796854995687 0.9600170285162987 0.8869256697361503 0.9445292872490122 0.7719817071789086 0.8835440743457915 0.9360622227431634 0.7140213722228498 1.049703229484234 0.6201682998745505 0.879922575342569 0.7630755033924763 0.8092482327697539 
0.9690142022083917 1.0172493428938918 0.5877834982983727 0.9239559937236134 0.7730293622976518 0.9453857045679082 0.8594939196054876 0.8101619230765867 1.062043238585567 0.7199860511732344 1.078159580272976 0.7613975573105731 0.8838122206982173 0.7634299995693946 0.8429611826715747 
0.9854738945451351 0.9947345080441413 0.6130020723544414 0.9169883403684832 0.7577050284648682 0.9441279464807886 0.8615303993233999 0.830350262309788 1.062043238585567 0.5974925394681236 1.0779859131494072 0.6703877568696107 0.8838122206982173 0.7634299995693946 0.8431225441794458 
1.0050889936477687 0.9945416113753439 0.5898111759394636 0.9176145167073231 0.7713855535202443 0.9022303843787404 0.8594646905077312 0.8101661613342369 1.057287562917307 0.7173369244686866 1.0729749666160653 0.7668160430388896 0.9144366555751555 0.7950904173885558 0.8433524519981892 
1.0258302113756386 0.9943115297195942 0.5877910501762401 0.8600808562968514 0.7606757177176549 0.9047485806571666 0.8594706320420281 0.8301608163622815 0.9008722358809875 0.7208184110594662 1.06091241345878 0.6732107467957995 0.9761401702823652 0.8214255743417495 0.897329333739456 
1.0400104750748076 0.9945330507545282 0.5898111759394636 0.9176145167073231 0.7713855535202443 0.9022303843787404 0.8594642692179533 0.8101661613342369 1.057287562917307 0.7173369244686866 1.0729719131461988 0.6733367972549209 0.9144366555751555 0.7950904173885558 0.9546245393402595 
1.061667604724731 0.9943911991670557 0.6646921224537394 0.86682005279795 0.8074143732189742 0.9707611939835078 0.7852931391763098 0.8301703688254707 0.9749044809568522 0.6918145571742158 1.1024032653364093 0.6620924972146472 0.9486758952981487 0.79036166910914 0.8399895724993506 
1.0705293170501422 0.9945275724497846 0.6647063178941905 0.8633721096063784 0.8074143732189742 0.9517976678684452 0.8800219127735315 0.8301740090156847 0.9421735934173087 0.6903690763792251 1.073444220588823 0.6557072800178463 0.9483951908174818 0.7620350160288644 0.842624333805534 
1.097438165475781 0.9945470638518262 0.7385162236552468 0.9180969610792482 0.7976786707163543 0.9022303310489185 0.8789960447013433 0.8455825670051008 1.0671824864235024 0.6959384709349637 1.0729719019783217 0.6621510332428068 0.9676024424270295 0.8656543249604031 0.8982959031261084 
1.1121546846236114 0.9945196782083595 0.7340996832586705 0.8600778143568631 0.771587616750981 0.9047485806571666 0.8594395198843627 0.8264709974603331 0.9693763667864321 0.7200799957721762 1.062508811911697 0.6732584042224196 0.9761401702823652 0.8628239169240475 0.8955790069365485 
1.1284153074553624 0.9950752799482353 0.8120836370620695 0.9599840912116474 0.7951103208941819 0.9047485806571666 0.8955995021035573 0.8300928182941794 0.9697140692817009 0.7200799957721762 1.061436307200909 0.655277702185985 0.9668784938901758 0.8622347795229861 0.8973537811275162 
1.144580663692473 0.9941087186973031 0.7877474443371707 0.9600070602291297 0.829501672113322 0.8888392979683984 0.8586544093144539 0.8464226535173816 0.9307843698406877 0.7364832856563431 1.061589569152766 0.6605930509494519 0.9639042199388543 0.8510747946034813 0.8977314484073373 
1.159353652339659 0.9761597981567912 0.777128035606256 0.9226273810926351 0.827373212544038 0.8878186731942993 0.8599030308458695 0.8562403198754996 0.8925853929211731 0.8301493915788757 0.9119170386378391 0.6570460668293951 0.9135657270701574 0.8646693659533059 0.9079013552490605 
1.1752195407583002 0.9761597981567912 0.7787167543085409 0.9232819400620201 0.8203694453615469 0.8877244553214617 0.8599445184590071 0.8456294603315511 1.0149125320931571 0.8025243320743111 0.9217749519996044 0.8058879213982288 0.9135683788838778 0.8214787426896488 0.896019658309282 
1.1956786153254368 0.9761598064373247 0.7770420140724579 0.9224536176486567 0.8276739319937938 0.8878950372423304 0.8598741943087733 0.8464226535173816 0.9307843698406877 0.7364832856563431 0.9308580710313962 0.8080052950522664 0.913761411301184 0.8216069072178592 0.8977314484073373 
1.204685061574163 0.9761597981567912 0.7770408390667906 0.9227921117561914 0.8273743797365948 0.8878950372448732 0.8598783437730412 0.8556316596519763 0.891575879343141 0.8304392994462249 0.9119170228119118 0.8216783481687638 0.9091994041721619 0.8262392688546796 0.8960236224634681 
1.2030212075615485 0.9761597981567912 0.7770408390615609 0.9227785495591824 0.8273742538289154 0.8878950372448732 0.8598781099001951 0.855573535932928 0.89260969877218 0.8363742123129226 0.910504442185477 0.8216799558879341 0.9135657270807009 0.8261113787013391 0.8960236262589002 
1.2029403659753748 0.9761597981567912 0.7770408390611281 0.9227945939621872 0.8273742538239041 0.8878950372448732 0.8599029819781988 0.8555736216195785 0.8915718672316676 0.8357898671449946 0.9119170228119118 0.8216793599508811 0.9135657270807009 0.8213815186840626 0.8960234368893311 
