          M=2      M=3       M=5    M=10
C1DTLZ1   20000    30135     52360    116688
C1DTLZ3   20000    30135     52360    116688
C2DTLZ2   2908     2509      22480    29491
C3DTLZ1   26666    30375     42533    54340
C3DTLZ4   26666    32453     55271    71930
DC1DTLZ1  20155    30521     50411    101473
DC1DTLZ3  20165    30616     50713    101237
DC2DTLZ1   20000    30135     52360    116688
DC2DTLZ3   20000    30135     52360    116688
DC3DTLZ1   22312    29532     41358     
DC3DTLZ3   22397    29888     41140