0.017347190120471465 1.133514165870586 
0.023389472067421802 1.133405592227936 
0.031790313548427845 1.1332010754298898 
0.058247180080673075 1.1321495317951924 
0.060236280465172126 1.1320454452248505 
0.07301107554105313 1.131293360938222 
0.07363223743509209 1.1312533017797526 
0.10207266519876472 1.1290423141546053 
0.11279341278176166 1.1280217151443654 
0.1187001922222824 1.1274154306290725 
0.14945261901953347 1.123752294608712 
0.1549141563194572 1.1230124201235514 
0.1675316467913973 1.1211995508761339 
0.20114569561728662 1.1156593192942563 
0.214565796547363 1.1131562393986085 
0.2208551483677633 1.1119254988884315 
0.2581824180618861 1.103855577133031 
0.2619329731277245 1.102971626699767 
0.27823034046921086 1.0989745907879824 
0.2798642948585829 1.0985587300646777 
0.32160419321685313 1.0870722291852386 
0.3283393567469558 1.0850569519269107 
0.3455179277445465 1.079709524749786 
0.3459601757548866 1.0795678953819865 
0.3941872990374926 1.0629071821800555 
0.3980412254442619 1.0614699724669459 
0.4158513130770142 1.0546198252366457 
0.4214688936064406 1.0523874122582062 
0.47828943717077027 1.0278105371426884 
0.4885186493655987 1.0229881824022313 
0.5069349010086868 1.013988316345126 
0.5109650882664951 1.0119634207051131 
0.5816079965022549 0.9730814084129913 
0.5993722880648714 0.9622412127772361 
0.6177820079021901 0.950526541683973 
0.6219210951525721 0.9478240782404768 
0.7203744958889999 0.8753382121952792 
0.7256823511639766 0.8709422573760548 
0.7430110260204558 0.8562066934282385 
0.7600944968245459 0.8410776736010056 
0.7762974237235589 0.826146229545663 
1.0000426155806403 0.5339195165020583 
1.0044751553311146 0.5255330192940847 
1.0139008775001965 0.5071097856093157 
1.0229157424957138 0.48867033830243983 
1.0314707006671262 0.47034403298698785 
1.039572963957887 0.4521541546569925 
1.0472751096366153 0.43401628673646064 
1.0545584292424413 0.4160070245757393 
1.0614283344377633 0.3981522489190339 
1.0678888981935641 0.3804847164127935 
1.0739755220432483 0.3629489138993909 
1.079676864843157 0.34562001666695497 
1.084999863003305 0.3285279100574887 
1.08998704402332 0.3115823374241908 
1.094648263695825 0.2947888562060858 
1.098943680057725 0.278348897448884 
1.1029372025869915 0.26207798920667713 
1.1066190069192143 0.2460684433269079 
1.1100191084679034 0.23024536380342253 
1.1131188923988986 0.2147594548723278 
1.1159684487924575 0.19942349589097066 
1.1185574455364662 0.18434899584551306 
1.1208876966198758 0.16960565393643615 
1.1229953610719214 0.15503776680469936 
1.1248740294971329 0.14076116150568282 
1.126542086669187 0.12672102003029856 
1.1280084810821978 0.11292555303054211 
1.1292805374583934 0.09940200771449186 
1.1303685529013394 0.08615236729988528 
1.1312838064731556 0.07315905022885907 
1.1320390576446833 0.06035620983017102 
1.1326370545280044 0.04783924745730529 
1.1330893835630769 0.03554954928203434 
1.1334031286876245 0.02350894549189248 
1.1335871508392303 0.011639185739402662 
1.1336468830072453 2.543842689078569E-4 
