0.01683232156944527 0.9813420853899801 1.0499146749682047 0.2000847183581175 0.26707466701521976 0.33367966141604805 0.400822488340718 0.4665921916605594 0.5327936992542353 0.5996849023345961 2.464954530539517E-9 0.7331922133216202 0.8002806734519333 0.8662710907964959 0.018138178804727522 
0.022695267083507144 0.9838864274556127 1.0499230325433329 0.20055722499009718 0.2662345721551132 0.3336818101190321 0.4008740064741163 0.46636958885531066 0.5327842729434854 0.5988285237053977 2.370739272317718E-9 0.7331908795636383 0.8003120196622697 0.8658454811040917 0.015856734238698714 
0.030846769660886342 0.9845120752269184 1.049922355043507 0.20057786312562387 0.2662041864612373 0.33367965863267146 0.4008225664950901 0.46634351084038206 0.5328116699448523 0.5989191217719236 5.6467682205400035E-11 0.733193198661561 0.8003121423738386 0.8658227469515759 0.01813400163623028 
0.05651839036266261 0.983913421909497 1.0499909518923123 0.20058481088902902 0.26623256679704227 0.33368149827247096 0.4006201494839458 0.46637498809227707 0.53282551990103 0.5989457162224352 2.4476102206136015E-9 0.7331707293310874 0.8002336307712686 0.8658230427735444 0.015845553644580363 
0.05844845371676693 0.983648510570174 1.049986429429929 0.20055305523703984 0.2664002678665869 0.3336818575677223 0.40086702005578334 0.46676303889062065 0.5327942315533176 0.5989191242280832 2.3263366357888342E-9 0.7331910228683414 0.8003126905568477 0.8658284443183221 0.015845206337597423 
0.07084409030021534 0.9812877501750904 1.0498992213318572 0.20025990282813216 0.2661981864187875 0.3336625584054674 0.3999011454797567 0.46658300873606534 0.5327698602284385 0.5997174762435796 2.356164459113802E-9 0.7332938297266459 0.8002806441379098 0.8665997262511144 0.015756863460315247 
0.07144680336215203 1.0028499981445553 1.0424465642818035 0.20058766499054778 0.26703283813929013 0.33368179186253055 0.3986815327083113 0.46640108626633087 0.5327928878573783 0.5997469693189965 2.5200817359580425E-9 0.733170874727798 0.7991511355792843 0.8658500177569877 0.015707334084281446 
0.09904312191526349 0.9813322343023082 1.0421884740887393 0.20057808000299218 0.2662049285041314 0.33370385091209176 0.40081487868633653 0.46635935990870014 0.532813292857255 0.5997532354673494 4.914941190074925E-10 0.733230848324569 0.8003396114002991 0.8658023455995233 0.015690776487375095 
0.10944567629479982 0.9770316394614077 1.0521179248236103 0.20024630585680359 0.2670113486121243 0.33366285421163483 0.39992342061852043 0.46635006689843006 0.5327927719765586 0.5996965339744219 2.474842873299317E-9 0.7331598725524804 0.7991208900705901 0.8666057150241812 0.015754540232653984 
0.11517714351779312 0.9816924350280166 1.0499256135842565 0.2005464188955022 0.2670648726390702 0.3336647217239333 0.4009006094327889 0.46660920992558674 0.5327891769079995 0.5996707944076499 7.750527404170959E-11 0.7332854207197252 0.8002725198726193 0.866819707811313 0.015660082660381696 
0.14501683038354607 0.9812313210256777 1.0488950225133362 0.2001481727845527 0.2670163965938069 0.3339393986174814 0.3989955342969163 0.46636977815708935 0.5328132782105509 0.6004233602716537 7.1128484998938275E-9 0.7332308385183057 0.7991047110274851 0.8666706421357581 0.014763443744192133 
0.1503162687639923 0.983017139337205 1.0499345506088218 0.2005464610056475 0.2668064358966908 0.3335777018188695 0.40091348929987597 0.46658451281519664 0.5328122403967696 0.5996901882642708 7.461082162043644E-9 0.7332843160897592 0.7991809752655779 0.866662460004887 0.015598557757603578 
0.16255926961642633 0.9813337059298229 1.0496911679196024 0.20053937882992698 0.2662010913461076 0.3336148300952733 0.3999693288789026 0.46660459031899243 0.5328340828853054 0.5996599450049721 4.965206370975734E-10 0.7332826357805382 0.8003242388865923 0.8668057680595679 0.01565927204241325 
0.19517564419616248 0.9816028557888767 1.0499705776357469 0.20056794564206412 0.26679232506644984 0.33361862666147196 0.3999171529527509 0.46543423740785284 0.5328149575617368 0.5996898442578577 7.291559663753226E-9 0.7332155493879512 0.7991768625777912 0.866035533425337 0.01565927204241325 
0.2081974344551038 0.9809215746361306 1.0499289271594614 0.2005332789567949 0.2668048221425853 0.3336155390190447 0.39941582739485965 0.4666071966011301 0.5326832961693795 0.5996898678569417 7.463461940975716E-9 0.7333120653617947 0.7991135496886903 0.8668060069328976 0.016082953363049494 
0.2143001154292161 0.9816287233812834 1.0505428500110239 0.20020700186638912 0.2657011415730544 0.33385337297224094 0.39986869366286787 0.46661379127978786 0.5328082611706879 0.5996601644124878 7.953746596303513E-9 0.7332848947902754 0.7993824665902026 0.8666591104547507 0.020681910539110553 
0.2505195044556365 0.9808972916354058 1.051513484404355 0.20021010850451765 0.2663453631618757 0.33365307645048903 0.3993849791674921 0.4657714726484478 0.5328340248225656 0.5996887890595022 4.307762900557639E-10 0.7333220170981275 0.7994058801666073 0.866676804076818 0.016098153634261238 
0.2541587426234782 0.9815970710677083 1.0502670343825469 0.20011364098432946 0.26576746015401936 0.33385560857588187 0.39952082530611616 0.4663613852703792 0.5326359673045302 0.6005673659187285 2.804540884586803E-9 0.7335698598296471 0.7993824337913329 0.8667195982119454 0.01626999405594612 
0.26997219221560775 0.9830281369474365 1.0515282147475529 0.20011613903877115 0.2666856649855372 0.3335683078534273 0.39952505875414596 0.46636155206603636 0.5326741105984473 0.6006081474518511 7.53702823832552E-9 0.7335603288947266 0.7993809375792847 0.8666574754354397 0.047234820224465214 
0.2715578570191593 0.9830911239564452 1.050277958562535 0.20011606416956518 0.2657484335915837 0.3338722907666095 0.3993638489293952 0.46636155206603636 0.5327929594164628 0.6012507914497107 2.4771169572202198E-9 0.7335655299120337 0.7993806805939595 0.8666591961197796 0.015875425561939334 
0.3120589076463262 0.9821496867557763 1.0515713071473805 0.20020931359984667 0.26637967959028963 0.33385477060630864 0.3993788020806301 0.46653904006056146 0.5326779722330668 0.6005706521501251 2.748099818376023E-9 0.7333640573979214 0.7994477709623538 0.8666679940710179 0.01629174459077526 
0.3185941658326239 0.9812881628155506 1.0504497132013528 0.2002118240067593 0.26577098016143486 0.3338152078055215 0.39947711897984134 0.46576859675712123 0.5327090563835742 0.5996884646363512 1.1051072681757369E-9 0.733212462643001 0.7993809199650297 0.8667982079903679 0.021280874717620083 
0.33526287609634275 0.9811387963123811 1.0504380382834844 0.20010772697743112 0.26577126302042436 0.3333970003015962 0.39949433155921255 0.46656884737940596 0.5326782299376664 0.6005275136219194 7.097246813024485E-10 0.7332178488054055 0.799380349010455 0.8666677772284092 0.014983978809420716 
0.33569199968778385 0.983102440733632 1.0502773596559776 0.20011585438284177 0.2661129329028894 0.33370287884666094 0.3994605913737384 0.46656764813181906 0.5326806603608288 0.6005220941907699 7.643927904910424E-10 0.7332163232996192 0.7993803071870019 0.8666679940710179 0.015878291608370152 
0.3824877279899866 0.982151945540947 1.0499103807985157 0.20011470129829328 0.2663651660287168 0.3335819058599145 0.3998069651393954 0.4657605986754708 0.5326496452352099 0.5996881050332317 5.5578222277173514E-8 0.7331243831455712 0.7996062069414186 0.8668011838976454 0.015088203517163324 
0.3862272667149925 0.9820777413169944 1.0489914636411584 0.20007995333287817 0.26612210310260065 0.33339289196110333 0.400877513354596 0.4665278212285797 0.5326496566614185 0.6011309547354657 6.044070067391718E-8 0.7333580470685206 0.7994142935332138 0.8666623464758344 0.015082431070408523 
0.40350875127811814 0.9829877298876913 1.0502771662695503 0.20011581876579146 0.26611006539657817 0.33370287884666094 0.4008589810521513 0.46663800542933 0.5326809049995926 0.6005204847462943 6.814517668889532E-10 0.7332165043594707 0.7993813684080279 0.8666679940710179 0.015006015024816539 
0.40895960019749994 0.9816119461595086 1.0491802709320608 0.20061591431778225 0.2657953798914382 0.3333951688561771 0.39945798138504607 0.4666468092765719 0.5327098532803259 0.6004265625705222 6.269204827500238E-10 0.733215858120831 0.7994110807291136 0.8668000327446345 0.015023587090478638 
0.46409369840532544 0.9841391331839732 1.0499274607565743 0.2001087226429106 0.266161914416176 0.3338317116460362 0.39945798397612964 0.4666447839518851 0.5327891579860305 0.5997189530480169 8.703524730106306E-10 0.7331287493210407 0.7996048958488624 0.8668015401351389 0.0150192065379653 
0.474019304133926 0.9841116788658633 1.0498550788848413 0.20011640656835963 0.26616203646262954 0.3335632243004567 0.40088045056387545 0.4671496455778906 0.5327943790979811 0.5997204018185445 5.5149989890516655E-9 0.7332255456039714 0.7996084660336319 0.8666558275598861 0.014752147332451787 
0.4918889557942832 0.9810069019001116 1.0491970844160217 0.20061632867137705 0.26624083104141444 0.3333963951162864 0.3993848604825534 0.4666301691795698 0.5327135321398764 0.6004279728802329 3.847379643024334E-8 0.7332272723667227 0.7994130370824353 0.8668001468990149 0.017592269879656428 
0.49579952872155547 0.9841391373328797 1.049911327705273 0.20010249050787432 0.26615700096338574 0.33337436393095127 0.3999802522157147 0.46664506212616563 0.532479140945153 0.5997220383478835 4.230500461679695E-9 0.7332244769626272 0.7993921444875829 0.8668049858427395 0.017556599178499197 
0.5643457388437705 0.9841630194374982 1.04916779702566 0.20010364398462974 0.26731853636225383 0.33345983407687313 0.3994708107525515 0.46663461867925293 0.5327942759906249 0.6005252949789662 2.6436584460831855E-9 0.7332178118395647 0.7991097178511912 0.8668048669413795 0.017734983469105778 
0.5815827816769809 0.9814993726702973 1.0491860146304626 0.20005898583215703 0.2664111805254796 0.33337392055582266 0.3999685062017665 0.4673146102667184 0.5326269353367488 0.5997113446513935 3.048422884463376E-9 0.7332177672784357 0.7992727361489091 0.8668006867164098 0.015181294405566731 
0.5994460911193188 0.9841121849571517 1.049167395401504 0.2009744504962471 0.26730552459328955 0.3338018473999973 0.39947076725670905 0.4666202346884961 0.5324868656031975 0.6004761947087052 6.613795600348994E-8 0.7332175657799157 0.7991097325296758 0.8664616171044188 0.017760805934347226 
0.6034620907020535 0.9841121849571517 1.0491679682701451 0.2009744504962471 0.2673253083062664 0.3333703792013595 0.3965577927348486 0.46661585236756065 0.5324868656031975 0.5996164308412921 1.781065285256616E-9 0.7332175650014534 0.7992682353810092 0.8667972267586367 0.017745302384372125 
0.698993314805642 0.9847877965462025 1.049671626974816 0.19781360558467753 0.26702479987118577 0.33364592658232933 0.39663829057089167 0.46661622814744746 0.5324866251032474 0.5996034589279458 1.7563544496192209E-9 0.7331702679773711 0.7992660671238675 0.866923078577796 0.016646476901940894 
0.704143933475217 0.9849605843824754 1.0491680229193843 0.2001017288048752 0.2662676643562951 0.3333376225884795 0.3995514907667468 0.46661613767777066 0.5324468404065776 0.5996034589279458 2.3619964139841E-9 0.7331197543168102 0.7992680351749533 0.8669228244248272 0.016646476901940894 
0.7209582903798641 0.9826926164836421 1.0491914058996068 0.200047497036396 0.2673212866041402 0.33360980345372293 0.39955972961987124 0.46661480567115804 0.5327260386033009 0.5997111595108103 5.100237410529815E-10 0.7332558293167036 0.7992790339224136 0.866670122615522 0.015226723384990964 
0.7375347168934903 0.9812808104203987 1.0491705341836874 0.20073233099060522 0.26733181834739866 0.33358583252807533 0.39988692827941197 0.4666167047719273 0.532603760473709 0.5996057185876928 2.3611625916086275E-9 0.7331410877467882 0.7992623677351642 0.8666697372095212 0.014695270699199792 
0.75325674142387 0.9835036810660766 1.0491299584462124 0.200751675033053 0.26638063771162795 0.3335820785564867 0.39981162070257326 0.4665175702019418 0.5336104027396325 0.5997101029338128 3.32446584168999E-11 0.7330504233814943 0.7996054629691985 0.8666069113869744 0.017914948276382854 
0.970361125462526 0.9835041565808773 1.0506931864898905 0.20075165436355688 0.2663806379831311 0.3335824687584463 0.3998116206555453 0.4665174863856998 0.5336102047045364 0.5997101258403611 3.1878197293495265E-11 0.7330522886385265 0.7996054668953515 0.8666069110446111 0.017897344400500215 
0.9746621030344921 0.9836733482025509 1.0488676898363078 0.20075091347246365 0.26638033597863675 0.3335824686014208 0.39981055329379955 0.46668909221030397 0.5326412033667632 0.5997012207408868 3.1613754652651465E-11 0.7325550547732079 0.7991951494156285 0.866602770640224 0.015365488566843525 
0.9838080553619648 0.9828566655462064 1.0518358065815543 0.20076351876131504 0.2663701651810302 0.33370909223998124 0.401026175842713 0.4666154923731623 0.5345392892628424 0.5997082408122553 2.0336964732823212E-9 0.7331482158810353 0.7991678896282658 0.8675581038067381 0.014693019263251249 
0.9925553601892945 0.982919214005598 1.0505822504569398 0.20076351879326332 0.26642329646124785 0.3337086397467872 0.3998168672740403 0.4667012923002932 0.5346657239791591 0.6005929577592876 4.775821896135672E-9 0.7331482138764087 0.7991697446293989 0.8666208396108551 0.014745787299297463 
1.000856405200851 0.9827893546045288 1.0522664763066882 0.20076354728328408 0.26637039977795546 0.333581178840716 0.39904889163579926 0.46661384698163 0.5322555171091382 0.6005370709384237 2.0511177527484577E-9 0.7331133838366795 0.7991913645368878 0.8675477491753997 0.015311042893077295 
1.00871818697132 0.9836737372114677 1.048660252079123 0.200751371053086 0.26637062663684963 0.3334922323330598 0.4010334860666467 0.4664044206169488 0.5320715135667904 0.5997633251881622 1.0890819858918204E-9 0.7325422993470042 0.7991065066017763 0.8657353782833378 0.015040837145889597 
1.0161917447627316 0.9836734125784098 1.048869158989698 0.20076351295519643 0.266464523687936 0.3335825272143954 0.3998164582429912 0.46632965049543784 0.5326390224124999 0.5996826669732638 2.7643423499030295E-11 0.7331429112429285 0.7992705042448516 0.8675147287117756 0.015363583643451237 
1.0232588807319307 0.9836480731896283 1.051909285007514 0.20074428873763292 0.2663709332869087 0.33349185981200347 0.3990219609729476 0.4664129643776998 0.5321128083661721 0.6005359504632087 4.8528016530405415E-9 0.7331146807810051 0.799109239464613 0.8657234428089454 0.018566163958947328 
1.0299248865725399 0.9827561179767226 1.0519106385254144 0.20075871635598197 0.26593939921630766 0.33370387130952617 0.39906979096487966 0.4663465345101055 0.5320397193202191 0.6005198548805495 4.8544694905476085E-9 0.733119218262795 0.7991862675342402 0.8674659756485292 0.016743556728691558 
1.0361937009207633 0.9826367490425139 1.051845389064752 0.20089823422271494 0.2659393941150979 0.33349204162482987 0.4008811820233445 0.4663445806116062 0.5321760268804917 0.6005198548805495 1.3715300195967753E-9 0.7331183085910339 0.7991606438222153 0.8657235849205295 0.01677162202262717 
1.042099665129989 0.9824542739983866 1.0518508753779077 0.20089821153572937 0.2659484454948094 0.333703444071389 0.4008451072420714 0.4663056568063726 0.5348130046315797 0.5997061043472969 1.2056153809891131E-9 0.7331235703647034 0.799445854088304 0.8668103145223562 0.014796599899563468 
1.0476317937954245 0.9825415758910885 1.0517363209955184 0.20075190484066963 0.2664042247702459 0.33347170360304373 0.4008425993504004 0.4663364385082873 0.5347941982837316 0.6006036835029491 6.780748564915106E-10 0.7330525613790911 0.7991589691314223 0.8660895431179761 0.016769758622562126 
1.0527968196424604 0.9826916457059766 1.0498838184642787 0.20089816159401347 0.2659514766084351 0.3337060049009507 0.3999095234805206 0.46633859276506334 0.5328405802623664 0.5997086386186734 1.3038700723951164E-9 0.7332795363633262 0.7992160999999428 0.8667324421123792 0.015671949066989866 
1.0576359722856665 0.9850616752205988 1.0527011752628748 0.20075241067573915 0.2658816493506266 0.3334892274934871 0.40084296175406897 0.4663268122562028 0.533604429938823 0.6004914549645047 2.351036025066107E-8 0.7330528264675943 0.7996148150255528 0.8661216618969695 0.016659098482373846 
1.0621588533742112 0.9826889289306038 1.0517406536929654 0.20057857803335563 0.2663853192362076 0.33371592499887015 0.4008746952171823 0.4663596965613849 0.5329057745280833 0.5996814572143045 1.2538151002738148E-9 0.7332562519062606 0.7993604778076432 0.8666700460195794 0.017761278559679933 
1.0663267684790099 0.9826190870097296 1.0517388739007836 0.2007461656016858 0.2663853180041245 0.3336858507270238 0.40087468608672594 0.4663380733886575 0.5346987962027584 0.5996948320978164 1.2557389766314933E-9 0.7325807766008776 0.7994398790416049 0.8666633013186451 0.015633200897558878 
1.070201752049268 0.9849662487713293 1.0526300596012268 0.20089654583520278 0.2658805254166892 0.33347323988491706 0.400905972549372 0.46553862872766494 0.534698796202688 0.6004910352885973 7.113398052953851E-10 0.7332254662000188 0.799213935960956 0.8668232735417851 0.016668903200299776 
1.0737742962238008 0.984923167105961 1.0489769549164696 0.20074089591675393 0.26588054903676944 0.33349093398122137 0.40107755573114184 0.4663374985946102 0.5329424294751672 0.5997381925330472 2.3471602314952974E-8 0.7331946923627334 0.799454718464345 0.8661856348491515 0.016585955533020023 
1.077073463760516 0.9848599432503049 1.0517826591413708 0.20089458955927222 0.26581258195842467 0.3332183513630731 0.4007746398129969 0.4655261047558916 0.5347589459014384 0.5997303816213814 1.5664698589871575E-9 0.7325800346968018 0.7991752586559813 0.8666691734271627 0.015648824835399287 
1.0800812691321193 0.9849056997449102 1.0514153160941313 0.20073289266942346 0.2658805996557504 0.33349168225635123 0.39957741472530917 0.46659819315799383 0.5329035785890426 0.6005317716161919 1.4122841951058607E-9 0.73323154787616 0.7994431505025835 0.8666477637289877 0.01663658397095659 
1.0828462427346215 0.9850716857930688 1.052622301045909 0.20088724408629993 0.266406607932825 0.33392346512240995 0.3999080074158651 0.46668389707484725 0.5326500410754476 0.6005900459513559 3.4298308869085656E-10 0.7330614414151146 0.7994534433934417 0.8677038582692214 0.016650222424523794 
1.0853583966774656 0.9850231573836167 1.0491446698645628 0.20044489851569158 0.2662079058474552 0.33316368592861756 0.3998763742172352 0.4665949060181016 0.5327944639124815 0.5999196263927179 2.4286711922696834E-8 0.7330614815156851 0.7988226989931688 0.8660476193952386 0.014744645816445431 
1.0876194874549703 0.9822807231444737 1.048976187654193 0.2004673063203597 0.26619536201181704 0.3334696129127575 0.3998295119875037 0.46552839439925026 0.5327966865726407 0.5997266018954559 1.4660962952204878E-8 0.7330647391726555 0.7994586467703378 0.8676945669864704 0.016526626870390283 
1.0896646027821006 0.9824280061164458 1.0499080318907994 0.2001536676273376 0.26705780249734434 0.33392406740348335 0.3995008546338479 0.4666254528149114 0.5335768646480374 0.6004558519952946 1.4808956670237745E-8 0.733061480007447 0.7994915324600741 0.8668290651172289 0.014775453322793133 
1.0914875133012856 0.9823473360425011 1.0489364190331274 0.20015490949960893 0.2661910654044682 0.33392406991738066 0.39951719514199174 0.46668475775425544 0.5335759469727037 0.6005870845639543 1.471603145517527E-8 0.7330614797229328 0.7994437942154835 0.8669260056024972 0.016646199380696135 
1.0931060608276564 0.9850750857914204 1.048991928919104 0.20046461524707515 0.2662080433170132 0.33370339301912505 0.39982775407202814 0.46654279805193893 0.5328178483185632 0.6003999454371731 4.024963435537528E-10 0.7330594945484379 0.7991526211382083 0.8660311278918974 0.017062952996664552 
1.0945289221147105 0.9851250182855598 1.0490008456802569 0.20043803708039584 0.2662079058474552 0.3331635095955928 0.4009395122045706 0.4665949060181016 0.5326618909783579 0.6004630903009595 3.789757721229829E-9 0.7330617656685905 0.7988158954251011 0.8660313291912529 0.014744645816445431 
1.0957632331486513 0.9849182372767721 1.0498976823814414 0.2004544061005344 0.2662114255489921 0.33314237283350645 0.3998132420768519 0.4666259404214227 0.533578034004586 0.6004552372032743 4.099729842048709E-10 0.7330596286640185 0.7992726692396709 0.8660300436623751 0.014791033186032494 
1.0968189541843405 0.9850075296530068 1.0488728543360053 0.20037395052961482 0.26705149591166155 0.3331039676741412 0.3998429524328293 0.46661220298660727 0.5328183191623282 0.6004192363301931 2.3862963328815005E-8 0.733060865252107 0.8004608396765719 0.8657858887147822 0.01740644001832905 
1.0977070421195407 0.9850075273154557 1.0513677571967157 0.2003725502296069 0.26621413958112244 0.3329410211411075 0.39981072511538673 0.4665932273337194 0.5327970500626453 0.6004671540752512 1.416596720939762E-9 0.7330601244798265 0.7991714000181585 0.8657858764124212 0.018222163459617944 
1.0984398761170309 0.9853214015581541 1.051226443504124 0.20043758531252315 0.2661929268697548 0.33311629538887766 0.39987034885645467 0.4666131755561342 0.5326595960576191 0.6009341732694004 1.2000808486656584E-8 0.7330620589391512 0.8004519865914722 0.8666883021547703 0.018294375093595792 
1.0990201282527485 0.981517510366699 1.0499132499606092 0.2004222804164439 0.266212099885058 0.3335950434860311 0.39984877505455324 0.4666455384928616 0.5328338855877749 0.5996061598812621 4.453051435982297E-11 0.7330597735329866 0.7991148150674214 0.8668278820917162 0.015079329720812204 
1.0994590189223694 0.9861994641508984 1.048979308008252 0.2004500552467164 0.2670476365164119 0.33293977611274317 0.39986951791484543 0.4666151917521372 0.532789383088748 0.6009512809508883 2.3334542464133348E-8 0.7331357450061623 0.79879062676427 0.8666818994921581 0.01822532957862308 
1.099763451571594 0.984999033139621 1.0488400929093755 0.2004204141551325 0.2661874906258202 0.3329512484198195 0.3997884702425767 0.4655382206479974 0.5336418403160109 0.5997297600622222 1.3782988775183097E-9 0.7330599261160712 0.7987644477731358 0.8658258908749833 0.014799068519702327 
1.0999420219344294 0.985083876907003 1.0513658197680789 0.2004206460646709 0.2661857350875407 0.3329284984868356 0.3998108430881293 0.46670428839840844 0.5326494818464979 0.6003833196459033 1.3588190399284422E-9 0.7330648394286383 0.7990563427879797 0.8657858886599338 0.017433560408274755 
1.0999999723058795 0.9849980013024471 1.0488469855720932 0.20045533237211804 0.26618395848598336 0.3329624571890282 0.4008902735357512 0.4667003385824133 0.5336029653702681 0.6004687971530563 3.3579243048968745E-9 0.7330607857145998 0.7986637065574979 0.8660299794304506 0.014790704813657922 
