0.01005118265714997 0.9776245027770962 
0.029531743987937276 0.9364794795244488 
0.0851388957749878 0.8556956819107099 
0.09451146462008529 0.8468194194315409 
0.11394774288332614 0.8289513911250566 
0.13377287298394874 0.8143476139634221 
0.14425358406018615 0.8072825192443527 
0.15387608870127886 0.8011446205252855 
0.16409495576731467 0.7954427409953818 
0.18403035284873503 0.7853621053234047 
0.19626090645837643 0.7789314390963124 
0.20715594886857705 0.7742398706677459 
0.2183526392084895 0.7692765783289559 
0.24243228856833343 0.7605205669391819 
0.2536679669686805 0.7557935955386629 
0.26611784377958536 0.7513170292568374 
0.2786437301370139 0.7470979934665113 
0.29123681303196886 0.7437584240756159 
0.304492675638355 0.7391614490355186 
0.3172939063272976 0.7346606186292034 
0.33157330092632137 0.7312344894513491 
0.34476991190117223 0.7262534978335301 
0.3591061172756207 0.7216854503558539 
0.3732390048625369 0.718099531388675 
0.38683942350207506 0.7131792363982726 
0.4019274965269173 0.7081926737465568 
0.41863123113697237 0.7068942863073334 
0.4322312458965584 0.6974970237552724 
0.447034854295563 0.6919275671325321 
0.46232060198195635 0.6858872366945136 
0.4778866052705182 0.6802318192577446 
0.4929137030570904 0.6727179831761362 
0.5075450679506175 0.6650127134449305 
0.53627100464335 0.6491785031930923 
0.5504360343547672 0.6391409753181009 
0.5648108271891726 0.6288538792693528 
0.5784726136417657 0.6178593510312934 
0.5894005445158284 0.6065950477267664 
0.6119814992849226 0.5814568365671441 
0.6340765887130394 0.5539435024276694 
0.6420429571580513 0.5390846671634869 
0.6510191846038271 0.5245410159713327 
0.6648611978863708 0.49279673554943787 
0.6721326089872433 0.4773653033978829 
0.6791227259092777 0.4658482673825294 
0.6869581744994672 0.4513628498726824 
0.6974233048568506 0.421704777273884 
0.7041133843914578 0.40650635734983376 
0.710899132921546 0.3925427388343267 
0.7181464775808241 0.37991262405319276 
0.7328952624126848 0.35400316512958024 
0.759696552268521 0.31830305538919723 
0.7704229615458213 0.306712856858453 
0.8032718712466611 0.27768911235217386 
0.8169361572359528 0.2676429565394984 
0.8510134043472509 0.24785081163177713 
0.8680667596396363 0.23848816209119816 
0.9100968911344685 0.22115343240727336 
0.9329600508719698 0.21125976412785047 
0.9605258521717305 0.20206348443973038 
1.0125455852026077 0.1850079101450602 
1.0339877820769232 0.17835896298286116 
1.0690938405370827 0.1673763898107275 
1.1002801556115958 0.15738939145775813 
1.1334967978041166 0.14496975126476344 
1.1585463490729242 0.1346766396384448 
1.2046166025141651 0.1112054532194793 
1.2443876511279783 0.08467443814033852 
1.2609443568431857 0.07081300097394413 
1.274150121044805 0.0582066190037845 
1.2882059174984537 0.04425480005925848 
1.2975188461622935 0.03114703333451309 
1.3064665594668028 0.019224653057841212 
1.315953685530866 0.004762494399352711 
