0.008597332909705732 0.9523252737812127 0.9562864628142546 0.9593426555121571 0.9720706035530116 0.965163622212025 0.9731298744411407 0.9780202184884405 0.9795823932724051 0.9860942349651718 0.9901839767339197 0.982842622211371 0.9966273183024218 0.9946500493913959 0.9994115327464422 
0.025520622492832483 0.9522324800297103 0.956097424974898 0.9617870068719561 0.9591211108266788 0.9643701124300097 0.9731300059085113 0.980207515151216 0.9795799615438893 0.9859479340505661 0.9860686735696917 0.9828520991028467 0.9966273251706321 0.994650073801117 0.9998329982501164 
0.07337801738300488 0.9522320622160896 0.9572114225192988 0.9617575541027029 0.9727861860370962 0.9643493977906846 0.9731130229051805 0.9802093714794825 0.9796906019562391 0.9797351144629437 0.9860675679732464 0.9830000374201414 0.9961058721650176 0.9954581456347964 0.9992125378645015 
0.08112249881708931 0.952348882088976 0.9572404690600839 0.961149530663938 0.9712894075307208 0.9650338427694145 0.973132372395104 0.9780259319280689 0.9783707718866272 0.9845855169917641 0.9860784508889642 0.98308399203519 0.9985889974486226 0.9954816404573658 0.9998673597682298 
0.09706073239847227 0.9509069084618874 0.9572251970139831 0.9609920059495521 0.9720375561822436 0.9631045063052411 0.9756303773143983 0.9803162055924238 0.9796879440390347 0.9837873021612851 0.9893693576156714 0.9830016834012087 0.9961145297346936 0.9954825590259542 0.9992055719983709 
0.11288260272655554 0.9509185921421784 0.9572684363860523 0.9627008552624894 0.9733851461789678 0.9632388813522806 0.9756303585689156 0.9731256601960623 0.9796827211177936 0.9837745316721797 0.9893695112951985 0.982934540802451 0.9961180229107685 0.9954825533381848 0.999205515254434 
0.12115307222887502 0.9509438329309425 0.9572684363860523 0.9627007556072442 0.9733851461789678 0.9632364540901592 0.9756303585689156 0.9803867488772315 0.9796827211177936 0.9837741565253046 0.9893695112951985 0.982934540802451 0.9961145656874436 0.9954822684561672 0.999205515254434 
0.12870347221029274 0.950943833253554 0.9572680056167775 0.9626893054593467 0.972898854410281 0.9632362091139792 0.9756714467455274 0.9784105157322689 0.9786846206614651 0.9837909471547435 0.988941315353622 0.981353989211882 0.9960968202102324 0.9954825756537634 0.9993965602086996 
0.1366195783006923 0.9509438355997826 0.9572526398405621 0.9629419393369664 0.9733988924621945 0.9632421473369651 0.9756807943782593 0.9801282689973844 0.9796621793002817 0.9795551216907844 0.9894247725440465 0.9830013976630163 0.9961350352191908 0.9954822684570578 0.9992028866826543 
0.1519613142234344 0.9509408227548763 0.9572633339105218 0.9629264703679655 0.9728243367969359 0.9632315170935168 0.9751583866213386 0.9803498053775391 0.9796621499117013 0.9837653739953631 0.9860968445273447 0.98183106314707 0.997866356778982 0.9954825749850019 0.9993148167816469 
0.1614875213571379 0.9509512741898608 0.9570853177432467 0.9635400179160414 0.9728999743964577 0.9739247126150519 0.9756606236470949 0.9686891275461404 0.9789106152409152 0.9839029151144708 0.9892188790332715 0.9827760905048671 0.996108389667666 0.9954385125749283 0.9993148200333941 
0.1698628005349129 0.9509408228173485 0.9569180639878894 0.9629249848452164 0.9738381729627547 0.9635005141319112 0.9751714362165483 0.9799540891616495 0.979662275659484 0.9837664103707988 0.9861432627088939 0.9817781729353472 0.9978667124866321 0.9954825756441686 0.9993148168336572 
0.178577445946857 0.9509247595961036 0.9573719419096635 0.9629094307529121 0.9729189326685834 0.9739247126150519 0.9749849523906223 0.9774699663340733 0.9787809135764501 0.9839028070860755 0.9894246867104722 0.9829641991086747 0.999202651133072 0.9973284311974627 0.9993148200333941 
0.19728268659029838 0.9509300075128586 0.9575009939893899 0.9629145586396503 0.9738693339624164 0.9634980139738802 0.9656067919833603 0.9781178614533983 0.9796622066971821 0.9838795357563799 0.989038120919492 0.9817879317103613 0.9957729076361699 0.9954500566498906 0.9993147225200131 
0.20636257549220138 0.9518217199017475 0.9628868398417368 0.9629223647638153 0.9743806623571212 0.9736284759692717 0.9748649528078042 0.9738551591376841 0.9787440028727462 0.9838617615338727 0.986052832945168 0.9827567362899601 0.9984594433341518 0.9971236712690497 0.997640787312749 
0.21643624290415908 0.9389118276378354 0.95971825671572 0.9627348986942317 0.9582334677236323 0.9739207244628347 0.9749084258975169 0.9773114490389163 0.9786875226851084 0.9838719869324651 0.9866705664320895 0.9948541615142493 0.995736370045377 0.997354031640267 0.999331519810365 
0.22671779644100007 0.9387828374843433 0.95971825671572 0.9627348986942317 0.9581203139062612 0.9739207244628347 0.9713566222048481 0.977311417545901 0.9786910870926954 0.9838709181902311 0.9866691276167704 0.9948541615142493 0.9955978356910014 0.997354031640267 0.999331519810365 
0.23703427107206915 0.9518213774433076 0.962408134261386 0.9629220814439643 0.9743785115540556 0.9736281840260794 0.9756773818675188 0.9772977495431562 0.9787440007155457 0.9838620924450466 0.986052834251563 0.9818960629675043 0.9984685913796344 0.9954512316127734 0.997642015627939 
0.24848775843547213 0.9517848856670968 0.9622827802806235 0.9629254899122401 0.9743805355504533 0.9736208665761084 0.9748650965714365 0.9749158168941761 0.9787421355210575 0.9838620662232673 0.9860528265474516 0.9827567362899601 0.9986719075114282 0.997138648389588 0.9976407873796682 
0.25987918635203316 0.9517848813310394 0.9628738728766482 0.9629243039688596 0.9743780854897072 0.9734396897637088 0.9726833076287034 0.973887359920006 0.9787414903912541 0.9838714615408893 0.9859701933078314 0.9824479547170388 0.9984715108203109 0.9954515856118828 0.9976437251409217 
0.27238205317905545 0.9437296736219316 0.955845788468414 0.9628698605113879 0.9520125133849373 0.9727830805818279 0.9712028480460627 0.9765376913547321 0.9787995170660345 0.9827896560862427 0.9863685532329786 0.9923445086748462 0.9960136554599194 0.9974788508930524 0.9994543446835259 
0.28491322394695046 0.9602703093201805 0.9556597693989837 0.9627684758268851 0.9732657063479997 0.9678141452960118 0.9749991159191612 0.9736927047860123 0.9798926916885039 0.9837074020627014 0.9860628272779551 0.9827501360210815 0.996037733927792 0.9999039926652029 0.9985342338036622 
0.29854501170468045 0.9518218115850466 0.962420399511822 0.9614690723891874 0.9515845068178136 0.9735435180240966 0.9710583640043788 0.9799725439795979 0.9788004553807336 0.9838434902537603 0.9864273374490443 0.9924400555103263 0.9959373623106081 0.9954820323826491 0.9985167014577396 
0.3118542356403562 0.9433856655768511 0.9628336426418699 0.9629300217223675 0.9743549176491587 0.9727640055371964 0.9712888710161341 0.9799796954876887 0.9788015861167164 0.9827904613970548 0.9859750812316966 0.9923995547541912 0.9960118040314884 0.9954703524384323 0.999480387329042 
0.31942541750525133 0.9563252588851995 0.9630774581019752 0.9614732326374361 0.9762110185944732 0.9632738528010489 0.9707360227058962 0.9800926913291952 0.9788004548868847 0.9828184980153465 0.9864179037417332 0.9924381545106387 0.9960117339557677 0.9945330361723811 0.9994316348808094 
0.32718125199483966 0.9520929798365071 0.9558494614376277 0.9626856026063101 0.9512371404732951 0.9725302877574402 0.9750000347954763 0.9764728503086962 0.9788034094304574 0.9834937261561474 0.9863350134229698 0.9924099768375092 0.9989906736543063 0.9954460208504347 0.9994845980039291 
0.3345057639909506 0.9603584584917789 0.9630774581019752 0.9614841329462873 0.9762110185944732 0.9678034496377036 0.9707360227058962 0.9800906631831471 0.9788004548868847 0.9838732154665664 0.986711779286506 0.9924400233135905 0.9960357476582883 0.9999518360080495 0.9984842454847644 
0.3423554591858655 0.9516680740020683 0.9558839743065198 0.962744467542346 0.9515869314831926 0.9642004588231581 0.9717820443217731 0.9800954755371356 0.9796077137759959 0.9837780776893719 0.9855236631317745 0.9921626932116396 0.9996484325042246 0.9967668112577766 0.9994488265022363 
0.34961711851009686 0.9516908848803023 0.9559208064662117 0.9626988860314201 0.9512778119317054 0.9727780594206435 0.9750932361861538 0.9800505561904215 0.9787931015273096 0.9837610899108005 0.9915747786138642 0.9923984514138654 0.998862691004103 0.9953493558495418 0.9994806317532915 
0.357052056054477 0.9516932008239539 0.9558840112782404 0.962704989614005 0.9515890294450766 0.9633232236383392 0.9717817415948848 0.9800954217421144 0.9796077103021029 0.9837758278622659 0.9919079376629609 0.9921627436540236 0.9988398003167985 0.9967811810685318 0.9994520773116496 
0.3643707879174025 0.9516274605709178 0.9576426819942473 0.9627445151696109 0.9512497612300301 0.964177225574033 0.9750907196169665 0.9765315463535417 0.9849888207684548 0.9837853509207841 0.9919084119272105 0.99272870363561 0.998918642322032 0.994667014920216 0.9994417218936366 
0.3718772460108623 0.9517950922402908 0.9558545806862236 0.9627027875016047 0.95124817414629 0.9723207949426652 0.9738926216138308 0.9845801799914949 0.9802347773735869 0.9837755408980421 0.9805380526061842 0.9925856092448226 0.9989153756769187 0.9953501831836099 0.9994521241625518 
0.3792288417355273 0.9497386872875859 0.9576809373522975 0.962753262318407 0.9512497612300301 0.963388377991723 0.9715599909567938 0.9802247310999471 0.9851933830345849 0.9837817018891583 0.9919053420760756 0.9925953214366475 0.9989169158193084 0.9955283355559488 0.9998255666671165 
0.3937623580771804 0.951631097706853 0.9594757936714738 0.9626635504239343 0.9512674189425664 0.973297623726336 0.9720650776159246 0.9808129699766734 0.9788109779364936 0.9837822147518245 0.9895011203736316 0.9974248223343731 0.9989151175261288 0.9981112523047302 0.9994416721296611 
0.4015786060323317 0.9500955065938879 0.9554679754505307 0.9631096061538751 0.9639450065883887 0.9740800884546905 0.9715710836306358 0.9848793511626336 0.9851923919663719 0.9840247011192331 0.9862698549240296 0.9991345481472651 0.9976112548145247 0.9999225355093441 0.9994470836647932 
0.40960341884241663 0.9497883929326282 0.9554737258962487 0.9631069507080938 0.9515980046716966 0.9740800884546905 0.9748062602911837 0.9805835442644049 0.9851923919663719 0.9840252584403882 0.9894601155181504 0.9991345481472651 0.9961736779024204 0.9953714972552514 0.9994520768902263 
0.41770267294444596 0.9519089638849236 0.9560306555071546 0.9632730091896488 0.9515869256211121 0.9732897349902879 0.9718224956337397 0.9848565445623201 0.9797633596186075 0.9837944763090505 0.989387075677912 0.9973317547818625 0.998737654588325 0.9951828649938197 0.9994520097563832 
0.42509919100489674 0.9499787435551594 0.9592011132255088 0.9631257221868703 0.9561318934271802 0.9740800884546905 0.9748289644798167 0.9804956553887906 0.9851923919663719 0.984024665152844 0.9895012308466109 0.9991345481472651 0.9977173992084675 0.9999223998791656 0.999451496796813 
0.44165477959626437 0.9519342069247217 0.9570771333834213 0.9627971074410208 0.956877124684322 0.9740801257716143 0.974797876022604 0.9807533530213162 0.9851922789864666 0.9840248501633858 0.9895865888047053 0.9993204532915753 0.9979122979500996 0.9998096195008903 0.9999904275263416 
0.4602541304263222 0.9519418489187933 0.9575285005315003 0.963123215431151 0.9515979489598955 0.9732894140682429 0.9748181010060074 0.9847563360381991 0.9790027225414858 0.9842216681598861 0.9879739547635956 0.9974038243417194 0.9987284082359031 0.9951828649452017 0.9994477848677268 
0.46961726135009374 0.94993236031897 0.9415532719366411 0.9626850787677995 0.9654045890881379 0.9739751005697818 0.974791617662299 0.981250716039308 0.9805812045856409 0.9839799095203097 0.9838013411058333 0.9973902187278139 0.9990429002795853 0.9981616889786475 0.9997313591104864 
0.4798443764923658 0.9518293681176948 0.9575199462559576 0.9631159715602963 0.9739583552605715 0.9711172061224723 0.9749238242870061 0.9612516839095742 0.9804336867888601 0.9846835376013776 0.9838834427362251 0.9822528094011583 0.9979554325744832 0.9950737340791542 0.9996831889122123 
0.5025836748538651 0.9518004301735076 0.9562251656806451 0.9631159715602963 0.9739489854635226 0.9711165774378698 0.9749277163462842 0.9612516839095742 0.980432975131549 0.9846873445540502 0.987841387293897 0.995331841097751 0.9961208851763834 0.9950737527108969 0.9988669272241438 
0.5156335347430856 0.9518293611304318 0.9575284522429987 0.9631274154974864 0.9656452452252453 0.9739445728501004 0.9748458269807727 0.961628006567946 0.9804331141524821 0.984911433974057 0.9870675546737626 0.9823667923966761 0.9979190214967569 0.9954656338306836 0.9996856746409106 
0.5272214410755693 0.9518407127532691 0.9575284522429987 0.963181459025699 0.965861933798342 0.9739448943335494 0.9749285695699649 0.9652862123591275 0.9804322408926709 0.9846783609255227 0.9837404464567081 0.9975943673402592 0.9979077563750981 0.9951326413147058 0.9988654965069508 
0.5431048712211596 0.9550358314857018 0.9575294406775752 0.9631133435328573 0.9739683977288945 0.9712920421834961 0.9659905798209872 0.9782877186703501 0.9807793291607585 0.9849121425854477 0.9840785209941082 0.9953525837009041 0.9984098021315383 0.998732830894718 0.9996899676392127 
0.5804809501576195 0.9520397951236574 0.953578019328354 0.9534516583638625 0.9656552185479101 0.9712084667034202 0.9623913901565405 0.9735005711353089 0.9786677937990841 0.9803710953022233 0.9837697649256243 0.9858135550079973 0.9931039419571646 0.9989305719514378 0.9993027549517752 
0.6062545722711538 0.9520057532193085 0.9558147124261006 0.9631033076489854 0.9615606950275497 0.9771539393192001 0.9754729125373319 0.9738534947695184 0.9786961603533983 0.9839335639177448 0.9866626570640069 0.9949161145441914 0.9880501445340006 0.995998793589213 0.9999855211578317 
0.6272671849926821 0.9508308380144674 0.9538511947060216 0.9619666644973092 0.9615556594086098 0.9621234185631693 0.9751045170501329 0.9736612929516506 0.9784357456415416 0.980718593125112 0.986655990070888 0.9930351347354258 0.9929821832823905 0.9990961481887356 0.9992263431012463 
0.634081712880338 0.9520372910719869 0.9597424675572356 0.962993080569156 0.9616311916901376 0.963264326057348 0.9751855967555466 0.9736774146079258 0.9784304356958072 0.9839055506442862 0.9866480848539797 0.9949635923687357 0.9956089899955624 0.9959278732044996 0.9993437187477517 
0.648130530489835 0.9520321636372577 0.9540500273974117 0.9617884391442058 0.9615590697231808 0.9621469341910349 0.9752134230448761 0.9736774230543862 0.9786769460834639 0.9838295374626589 0.9866546045018273 0.9863442253417801 0.9956102944965475 0.9990524828965105 0.9992301392763051 
0.669130277412332 0.9520360645496098 0.9538766634337296 0.9532193622881198 0.9615491773958366 0.9622117928500211 0.9752102329131185 0.9740032898746722 0.9786764739694188 0.9804152883819146 0.9866325228097677 0.9860895463657702 0.9930129395231588 0.9959315845267469 0.9997088148155294 
0.676439782068942 0.9519941971173349 0.9559554180366701 0.9632844388850703 0.95757639763753 0.9630878929728461 0.975257735378963 0.9756381061049165 0.9786690560888163 0.980479772355453 0.9870951962946369 0.9902366079161395 0.9958826418641571 0.990746426269672 0.9992991162732355 
0.6961251736508434 0.9521021628410498 0.9559410028339133 0.9627926875892386 0.9617873182544561 0.963143468744553 0.9661958944031311 0.9776507811860303 0.9785708921966109 0.9839110312239694 0.986336811801493 0.9921582932555268 0.9960180714218635 0.999022539447239 0.9997107006368295 
0.7034642129621645 0.9521021628410498 0.9559330569637691 0.9627926530489439 0.957262074136281 0.9729316594574496 0.9662760228442168 0.9776530379776248 0.9787445471857286 0.9837994206050872 0.9863372198318089 0.990408136796143 0.9959467315286201 0.9997402307144247 0.9981828674294315 
0.7193572312742722 0.9521021628410498 0.9559330569637691 0.9627926530489439 0.9720993258292903 0.9757303028051041 0.9662760119007132 0.9776507811860303 0.9785708921966109 0.9837994233174403 0.986336811801493 0.9921614129508329 0.9960180714218635 0.999022539447239 0.9993957518004787 
0.7271833233466101 0.9508132647035041 0.9553611398996978 0.9611006902485383 0.9619192024558307 0.9632759672271711 0.9662768419100236 0.9776085379915982 0.9798058927740914 0.9803861915717152 0.9862673950592664 0.9951111093033782 0.9961261130318684 0.9990411501977354 0.9993221489618889 
0.7436654256899877 0.9510125214495121 0.9562689713961423 0.9627892028176422 0.9627663282261972 0.9763528393423427 0.9662760052992956 0.9796501595952499 0.9863267448920348 0.980447079900518 0.986267581859295 0.9922140341507575 0.9961373108654785 0.9990360480394347 0.9991970881031005 
0.7532358823041797 0.9509255901612715 0.9562582006560562 0.9628806188606485 0.9626868231116635 0.9681120651542888 0.9662749884201185 0.9796501595952499 0.9862177414047424 0.9803742318094999 0.9862672813376958 0.9962724014707034 0.995760217238962 0.9990360509634573 0.9997078779337947 
0.7633740111623994 0.9519193791729827 0.9723819406499742 0.9610543391863755 0.9671644057092155 0.9678267343646743 0.9703313247223261 0.977644429574536 0.9785939578109313 0.9796408718718191 0.9881520020690592 0.9891670869830874 0.9970578840739424 0.9990903926359069 0.9997094775288377 
0.7835650904409213 0.9518959954729399 0.9570246436864865 0.9454754534899044 0.9624445439972661 0.9678261497789388 0.9703473573161177 0.9825665561106562 0.979889243356431 0.9796345648258515 0.9881814922594089 0.9904413311875713 0.9970890071284432 0.9998587829274556 0.9999997388144828 
0.7922823002753236 0.950927525169599 0.9569170353155063 0.9465998210098664 0.9626441161866005 0.9678972030123295 0.9660166596854769 0.9824904523044873 0.9783666067507307 0.9796471737733969 0.9871337461684091 0.9929866143940932 0.9958823756943905 0.999949334619666 0.9993019900549928 
0.8079671154060762 0.9522546833351713 0.9570564988630349 0.9620468829734234 0.9807102699721341 0.9679612498675707 0.9737963873704163 0.9803103881709719 0.9798100115840696 0.9796440671367467 0.9871250875998474 0.9954625295893372 0.9931098721297034 0.999702074417006 0.9999927156453103 
0.8243397485878211 0.951862093569437 0.9570721926365158 0.9460752749785517 0.9670901656139326 0.9678964905880749 0.9660168844996612 0.9803352565796378 0.9783558853516833 0.9836408427373595 0.9870508212247567 0.9957970865308883 0.9862469844733697 0.9997283869478368 0.9999927530937879 
0.8491560032135262 0.9518609525647993 0.9570721926365158 0.9460752749785517 0.9670902469378012 0.9678964905880749 0.9660168844996612 0.9803352565796378 0.9783620632933148 0.9835845477755142 0.9871333720895499 0.9957970865308883 0.9862469844733697 0.9997283869478368 0.9999927530937879 
0.8799661128926671 0.9522689938250746 0.957054878923928 0.9461329260718051 0.9624446349464408 0.9679642728270709 0.9660169201974074 0.98026158115328 0.9798907043223146 0.9796440810556318 0.9899924975067838 0.9954820947498458 0.993191944088352 0.9995627723657268 0.9998418318353197 
0.9454339554274174 0.951861531080232 0.9570548792102218 0.9726646065028672 0.9671737565034879 0.9674994565646511 0.9660169146920676 0.9721387569187355 0.9783562886579977 0.9796918996279793 0.9871292108441305 0.9954813474271833 0.9931044190548948 0.9997808610231365 0.999994516281606 
0.9592345362889299 0.9536667283786502 0.9570446892041491 0.9460750435496094 0.9670938973480925 0.9674988495736032 0.9660169202142013 0.980482605277123 0.9783571186205144 0.9834824870885895 0.9923034948146914 0.9920708187698686 0.9930341515887823 0.999837224724685 0.9999890944381586 
0.9662101198129418 0.9490660693694271 0.9570545765988719 0.9457531922728315 0.9670934274206264 0.9674991930493624 0.9660169205382116 0.9802731338720791 0.9785295955178969 0.9809365424647121 0.9871841519357221 0.9949820401779323 0.9948860319082852 0.9995835914933986 0.9999893892288071 
0.9725013365946009 0.9492631408249096 0.9570637223278128 0.9450094032612179 0.9640317598337935 0.9678656421885923 0.9660169202953033 0.9802733164260025 0.978358233493077 0.9838225954439708 0.9871354539342971 0.9954885399804394 0.9953890040177206 0.9905633110745135 0.9999926484355403 
0.9794788106327788 0.9536608215690324 0.9570545978444899 0.9457531922382615 0.967093332638885 0.9675509231010091 0.9660169147994891 0.9802581427571807 0.9783230983942898 0.9835169662254251 0.9870779990450415 0.9842183027787116 0.9856922085705169 0.9998489935232421 0.9999953104669818 
0.9860340171702039 0.951802075343267 0.9570545094601672 0.9729813613551096 0.9670943938289404 0.9675606555780917 0.9658290405035406 0.9704782998446864 0.9800296321924837 0.9835955993126158 0.992302860402887 0.9844493855265316 0.9954273141738229 0.9998202147812887 0.9999927506100906 
0.9920875956495312 0.9536608215690324 0.9570310408454271 0.9457531949453306 0.9670198214856618 0.967865480364633 0.9660169148846218 0.9804809906997464 0.9783577755980731 0.9835117419067123 0.9870786129307608 0.9841309126844413 0.9856922085705169 0.9998489941037991 0.9999926565748812 
0.9995589516561478 0.9490610084320185 0.9570609292272696 0.9457531929448795 0.967090775753474 0.9675311557064681 0.9659829775553502 0.9803297040698014 0.9786060487367678 0.9838932118866665 0.9872850045385595 0.9963018945450024 0.9955226885367616 0.9908307538726854 0.9999924411730773 
