1.8954848984097763E-6 0.8666691713897481 
0.010967598637982908 0.8556993401337818 
0.021965521434897706 0.8447314187251296 
0.032919983336556415 0.8337477079390898 
0.043903470457192305 0.8227633778591071 
0.05484291677679184 0.8118239553457978 
0.05777451070895325 0.8088923610302097 
0.28888898753303455 0.5777778852654588 
0.2961219282127167 0.5705449477021727 
0.307101519140709 0.5595654174492454 
0.3181645200797472 0.5487457451294611 
0.3290353111670398 0.5376443955206494 
0.33998407944359643 0.5266831637248539 
0.3510165480064278 0.5157801228210572 
0.3619187477593627 0.5047520547548391 
0.37289799210832825 0.49376904852888587 
0.3838444383534432 0.48282572772327814 
0.3948592247652523 0.4718096794219872 
0.404420328254527 0.46224757212323253 
0.6355624963079491 0.2311124742927064 
0.6361146027562485 0.23055809105489458 
0.64710071772127 0.21959387951845508 
0.6580338215472826 0.20863298832390295 
0.6690159012471228 0.19765095556042864 
0.6799923389044824 0.18667455350068288 
0.690941684578286 0.17572522896383808 
0.7019187900700161 0.16475735487157508 
0.7128773102583085 0.1537920951583446 
0.723854303097434 0.14281237052020979 
0.7348097903662724 0.13185695656246196 
0.7457910587460345 0.1208756881826999 
0.7511097805390236 0.11555689567112422 
