2.1870868555070103E-6 0.5008594591348227 0.5010213364910958 0.49915590894912715 0.5011044673873242 0.5000181825761633 
0.012654917532133075 0.5008594589973264 0.5010815580786072 0.49923459386385965 0.5011044673873575 0.5000181825649233 
0.02534394713663346 0.5008594591129368 0.5010213364887725 0.49915575365804027 0.5011044673872764 0.5000181825762969 
0.0379845512506663 0.5008594589385132 0.5010815581988336 0.4992345889877709 0.501104467387325 0.5000181825739164 
0.05065783990986265 0.5008594589704681 0.5010815581987845 0.4992345946022554 0.5011044673873248 0.5000181825739187 
0.06328027358709787 0.5008594591129046 0.5010815581987416 0.4992345946046562 0.501104467387386 0.5000181825739187 
0.06666288119795745 0.5008594591128868 0.5010815581970717 0.4992345946046561 0.5011044673872754 0.5000181825739445 
0.33333336787202134 0.5008594591141755 0.5010815581970257 0.4992345945990981 0.5011044673873245 0.5000181825739436 
0.3416790654426687 0.5008594591142019 0.5010815579780373 0.4992345942691817 0.5011044673873245 0.5000181825740065 
0.35434779633921554 0.500859458995745 0.5010815580772432 0.49923459387459207 0.5011044673873537 0.5000181825649649 
0.36700975043012757 0.5008588786037423 0.5010833253449768 0.49923483045858735 0.5011044673873545 0.5000181825739447 
0.3796504159818856 0.5008588624590362 0.5010218528745103 0.4991558746165519 0.5011044673872468 0.5000181825743621 
0.3922890614864455 0.5008594612614466 0.5010815579921222 0.4992345942695011 0.5011044673873549 0.5000181825740052 
0.40495834815716447 0.5008588605300074 0.5010244620378528 0.4991583361503039 0.501104467387261 0.5000181825743611 
0.4175965622811345 0.5008588467157848 0.5010216503116468 0.4991556669273909 0.5011044673873798 0.500018182574487 
0.43026672830912804 0.5008595430866873 0.5010810649586369 0.49923399146638064 0.5011044673875168 0.5000181825587211 
0.4428956405538294 0.5008588460140184 0.501021655695631 0.49915567654526694 0.5011044673872614 0.500018182574487 
0.4556056215441935 0.5008588379731607 0.5010807814982843 0.49923278943524496 0.5011044673873245 0.5000181825663418 
0.4666381760282687 0.5008588382305943 0.5010807816270298 0.49923279653246344 0.5011044673873245 0.5000181825729079 
0.7333343154786942 0.5008588378932058 0.501021742241797 0.49915574416601943 0.5011044673873546 0.5000181825739107 
0.7339732834537238 0.5008588461677521 0.5010217239939544 0.49915574416601943 0.5011044673873537 0.5000181825759581 
0.746630612192779 0.50085944511281 0.5010213288006563 0.49915574416601943 0.5011044673873524 0.5000181825759322 
0.7592696686343481 0.5008587716412888 0.5010802130867571 0.49923192929076116 0.5011044673872834 0.5000181827677461 
0.7719412551571495 0.5008587719276723 0.5010802130868149 0.4992319292972564 0.5011044673872772 0.5000181825903556 
0.7846063405253366 0.5008587719239863 0.5010802130868146 0.4992319290583695 0.5011044673872792 0.5000181825903256 
0.7972401781837527 0.5008587722598449 0.5010802130868146 0.499231929294578 0.5011044673873547 0.50001818259097 
0.8098974388147273 0.5008589324339148 0.5010801555492798 0.49923196661867253 0.5011044673872809 0.5000181827699475 
0.8225481432745295 0.5008588347880509 0.5010818435430804 0.49923428029055994 0.5011044673872865 0.5000181825602866 
0.8352164968752268 0.5008588347971846 0.5010801807391679 0.4992319553238576 0.5011044673872813 0.5000181827690584 
0.8478573719024846 0.5008588347469985 0.5010801611678488 0.49923192727043125 0.5011044673872813 0.5000181827758552 
0.8605280650133915 0.5008588347469985 0.5010801611678488 0.49923192727043125 0.5011044673872813 0.5000181827758561 
0.8666651218477169 0.5008588347967581 0.501080180740858 0.4992319553086592 0.5011044673872813 0.5000181827690969 
