0.06958137822423213 0.9977457394128445 
0.070043542462629 0.9968752484545605 
0.13294351838085405 0.9922921546140568 
0.13556268662886908 0.9883606792820532 
0.2274750535000845 0.9711594050390214 
0.2299883235729327 0.9705210607208522 
0.24776012165415176 0.962977140281274 
0.2617285125601599 0.961474993450565 
0.2738420917411222 0.9532919251439746 
0.28498170453978733 0.948023148911478 
0.30829937938432184 0.939949124428695 
0.3090351265126504 0.9390282082001896 
0.33254241091098885 0.9317691938240513 
0.33989967862693615 0.92611826095196 
0.3601738913232485 0.9172542373496635 
0.37209695323072695 0.911820581746957 
0.4151247304887646 0.9024809413061557 
0.42708054093134745 0.8892806577553222 
0.43902461516914854 0.8781918387461792 
0.4546372660870527 0.8687175411222474 
0.46985517818416933 0.8589508451843666 
0.48542168400095775 0.8492077101650168 
0.501391653027922 0.8391693448406699 
0.5167996831064614 0.8313315193016281 
0.5332791265947223 0.8195085665511659 
0.5477263032184804 0.8080484195049848 
0.5633999732098892 0.79690388392603 
0.5796773327324178 0.7857686200757601 
0.5926820157056376 0.7709576276915113 
0.603153414686399 0.7553795385859725 
0.6151683347951616 0.7370432955117912 
0.6264744012364163 0.7218544399135123 
0.6363330869351875 0.7045047334000899 
0.6470729537766045 0.6873820406806057 
0.6588611212103295 0.6683290130070919 
0.668705579269258 0.654195821165301 
0.6764755284397148 0.6404431269416163 
0.6892614791882605 0.618178425048456 
0.6981507696427087 0.6047627072978754 
0.7074768268684295 0.5946238263308967 
0.7142788834700261 0.5755320332770425 
0.7254320650137912 0.5593724574263308 
0.7344336774044319 0.5403949403053074 
0.7433056038451852 0.5245058029319929 
0.7515897751203251 0.5096675779341155 
0.7608414756172984 0.49366039608598145 
0.7697113049777821 0.4796606930668869 
0.7783890786373668 0.46351570348450566 
0.7871020225050783 0.45882047975806095 
0.7973075223898413 0.4358569365830166 
0.8021499737961325 0.4182189283384508 
0.8084259585827822 0.40456312419844065 
0.8177740772444098 0.3867116625881671 
0.8301201401943744 0.362994012786008 
0.8377272980415971 0.3496937653268725 
0.8406550334221156 0.3414449842206051 
0.8789478605367076 0.2637818239748761 
0.8850126266638119 0.25131081028115104 
0.8910675778253393 0.23991199506995814 
0.8971990501552722 0.2292904152877515 
0.9038519016497485 0.2242428373527229 
0.9139637778414559 0.19049589694764618 
0.9143919745185434 0.18974858271463807 
0.9202845346002826 0.17773873414915875 
0.9325395742000265 0.1648882358691285 
0.9357858475864628 0.16261585598291087 
0.9433801988624666 0.12718282738200176 
0.947871114112255 0.11924946188020015 
0.9535882705875902 0.10472870502545864 
0.9592209453130498 0.0984835116551846 
1.233402962298614 0.026558162527043055 
1.2343978232303483 0.02508803179514102 
1.242547739397091 0.012462421375877223 
1.249981231849339 5.597837456342484E-5 
