0.05720861758627373 0.9583660860453045 0.9572070778801564 0.9614954562595339 0.9652599412854354 0.9693888010749504 0.9729148440489387 0.976296675770336 0.9797990895055576 0.9718074184817298 0.9786181545851755 0.9932817949304668 0.9923357699435452 0.9946748460432068 0.9973644873435217 
0.057588639630553315 0.9583660860453045 0.9572070758710137 0.9614954562591926 0.965261357360301 0.9693888010749503 0.9729148440174331 0.9762966757698599 0.9797990895055576 0.9718074184817298 0.9786181545851755 0.9932817864254536 0.9923355283154135 0.994674846042939 0.9973644873435217 
0.1002686691951399 0.9583660860453045 0.9572070255859129 0.9614954562640746 0.965321725581151 0.9693888010749503 0.9729148440174072 0.9762966757698598 0.9797990895055576 0.9718074184817298 0.9786181545851755 0.9989544066269137 0.9923392904140705 0.9946748460429391 0.9973644530738746 
0.10224441386186943 0.9583660860453045 0.9572083274826699 0.9614954562641356 0.965321725581151 0.9693888010749504 0.9729148440261094 0.976296675770336 0.9797990895055576 0.9718074184817298 0.9786181545851755 0.9989544066269137 0.9923357822665713 0.9946748460430452 0.9973644530539214 
0.15708307033430885 0.9526495746843411 0.9572083972905819 0.961496611712054 0.9653200907125409 0.9693320950698346 0.9896038608279202 0.9762966757698693 0.979798913863967 0.9724417602570183 0.9786181545851755 0.9934464158580039 0.9923935234189944 0.9946848064970726 0.997364450985774 
0.15850108405262123 0.9526430466161155 0.9572093840133667 0.9614966706444223 0.9653201167688124 0.9683700287244416 0.9897036176490694 0.9762966757698542 0.9797988995835036 0.9724494135188554 0.9785265435454505 0.9932823490983904 0.9923935234189944 0.9946847488320903 0.9973629585978997 
0.16880520088433534 0.9581295837366933 0.957209269724777 0.9614966830716883 0.9653214472538615 0.9863717709907583 0.9729148395846041 0.9762966757698542 0.9798198774073833 0.9718019680380342 0.9784889978761186 0.9932823490983904 0.9923935234189944 0.9946748524809227 0.9973689826476477 
0.17617089208499373 0.9524389413361972 0.9571824738447785 0.9615124141936252 0.9653232267489285 0.9691173863705722 0.9729120835406219 0.976389549959538 0.9797990407812215 0.9540238423195977 0.9862963781923847 0.9890888338945378 0.992401184113327 0.9946844897937228 0.9973645687071165 
0.18342356561458636 0.9526638647187603 0.9571816243071464 0.961496651742856 0.9653236399438746 0.9405336233404575 0.9729147931230968 0.9763888711256087 0.979805501626156 0.9715249848957638 0.9862328009140393 0.9889833682131722 0.9918201091759655 0.994675163788793 0.9973630315715301 
0.18972224483829847 0.9524390239792285 0.9574405480223236 0.9609884268608196 0.9652656363994772 0.9694733418986863 0.9728411436365576 0.976267989552227 0.9798087557041602 0.95319092201551 0.9863023434554411 0.9890832906654274 0.9923937329450639 0.9946748443800323 0.9971982171346665 
0.20226942499639083 0.95251137087681 0.95718238924546 0.9609819197812296 0.9819848084726126 0.9698068365198595 0.9733899423477033 0.976861989232279 0.9798056783127853 0.9715434962905581 0.9786509186500109 0.9987356687033295 0.992395408865753 0.9946848959476442 0.9974075306474091 
0.20276545198049092 0.9525106524303538 0.9571812768565519 0.9609819697119978 0.9819848084726126 0.9698068365198595 0.9733035324083343 0.9763800125625497 0.9797998235827242 0.9715434962905581 0.9786411220339364 0.9987356687033295 0.9923953792949184 0.9946848849223859 0.9974075306474091 
0.21499084177416836 0.9525736299964996 0.9571822249994295 0.9609945544279412 0.9819848244271273 0.9690199476810316 0.9867186779124343 0.9763781298008143 0.9798088812931038 0.9812930227418677 0.986234710145024 0.9994549785622947 0.9923930260776493 0.9946810948206927 0.9977525803934129 
0.21932866315366503 0.9525732684854034 0.9571822255257753 0.9609947186852523 0.9819848253485088 0.9695035816030569 0.9867184797559057 0.9768695270111148 0.9798056338301292 0.9809050537780595 0.9862336537837731 0.9995037726764383 0.9923930065280181 0.9946811966757095 0.9971950425077389 
0.23006196429081296 0.952573498638861 0.9571823758457565 0.9609950817695018 0.9821261115505876 0.9690731746431889 0.9866304336966603 0.9768742907618546 0.9798054048111126 0.9948904563758543 0.9863033755463898 0.9890466409191874 0.9923930159844382 0.9946810948207002 0.9974075608970988 
0.23634158431470456 0.9525735006975729 0.9571823758457565 0.96099506484884 0.9819848244938625 0.9690731746431889 0.987010411047694 0.9768742907618546 0.9798054505163795 0.9948904563758543 0.9875780423631186 0.9890466409191874 0.9923930159844382 0.9946810948207002 0.9974075608970988 
0.2566055047936733 0.9524351192719448 0.985232003929124 0.9610750746931294 0.9652604616605946 0.9691097545998747 0.9729292960760496 0.9761998798248036 0.9797993429200244 0.9708529021226696 0.986071181107657 0.9891009764498201 0.9923659708121685 0.9946774146821589 0.9973056367920354 
0.26417716139785163 0.9524384053317313 0.9851977977803985 0.9615288996713229 0.9652612233192909 0.9693461606526111 0.972928804744456 0.9762023864531051 0.9798079409943691 0.970852937443139 0.9860798813884607 0.989101126404749 0.9923672541374033 0.9946776411334614 0.9973038428542067 
0.27134985642813286 0.9526006563903953 0.9852307563921107 0.9609947067130251 0.9652612235604688 0.969349573391458 0.9729286096292188 0.9762022903949026 0.9797995643035555 0.9708529382537127 0.9862694769414518 0.9891007968261232 0.9923692459487785 0.9950628124935933 0.9973061086609234 
0.2796823377810192 0.95243634112049 0.9852318722523105 0.9609705317241073 0.9652612226495244 0.9691064847307052 0.9729293720364749 0.9760129456458252 0.9798089382047929 0.9708528563472619 0.9862739933391309 0.9891008571017766 0.9942733917144027 0.9946767719502629 0.9973059946671894 
0.287878458793744 0.9524375040863498 0.9853075519844309 0.9609947267950294 0.9652618264300953 0.969351023969604 0.9729234070116107 0.9759715446754742 0.9798079533964985 0.970237573534189 0.9862621713880947 0.9890171862698873 0.9923936952046921 0.995074700590348 0.9973046264411403 
0.29617341414975984 0.9524384053317313 0.985968766580511 0.9615288996713229 0.9652612142871955 0.9691086016279895 0.972928804744456 0.9762023864531051 0.9798088908569692 0.9708529614422653 0.9860772389085477 0.989101126404749 0.9924291750823514 0.9946776411334614 0.9973037650984927 
0.30465674335046555 0.9524402359975489 0.9849368719995016 0.960972694898104 0.9652635333842404 0.9692138751877519 0.9728941018398385 0.9759600636863628 0.9798089382047929 0.9693476689665762 0.9860741443120141 0.9891206939031062 0.9941978985733292 0.9946808763193598 0.9972266579907916 
0.3123728514199757 0.9524402877403731 0.9864864408354677 0.9609940536881377 0.9651537460185778 0.969215422189342 0.972913142910192 0.9764603231426555 0.979808934922085 0.970831057248555 0.9862463729189241 0.9891212887149529 0.992394048379418 0.9945941309252376 0.9972282612191115 
0.32140149972848087 0.9524367958692238 0.9577724771121582 0.9609947172602797 0.9652619473629879 0.9692153997906938 0.9729228577070219 0.9759978228603872 0.9798089364533947 0.9439181788686245 0.9860793118469359 0.9891384030957748 0.9922120889428659 0.9945837573693044 0.9974535195258227 
0.3295794916197801 0.9526208702034449 0.9864766717255874 0.9663103454746595 0.9652565335731635 0.9692181120288134 0.972923041346542 0.9764610961962286 0.9798090214484798 0.9714797098743448 0.9862510086321772 0.9891173918192914 0.9923874706072523 0.9962699106134983 0.9977114171866245 
0.3381278825433721 0.9524383360299103 0.9575258820293425 0.9609956287767305 0.9652598155813795 0.9691172229478786 0.9728940989894267 0.9764416091413003 0.9798089412427425 0.9438346819058738 0.9862513923787976 0.9891194701569658 0.9923938637049116 0.9966709811770996 0.9974129224746371 
0.34687997928373326 0.9526261262188196 0.9572735634772385 0.9611879968140052 0.9656144473471487 0.9691205166751934 0.9729133226189264 0.9764509306612166 0.979808975428548 0.943925246109106 0.9862596153287608 0.9911393524635059 0.992393863732805 0.9967675617162556 0.9972335839863707 
0.355460326358543 0.952292244973123 0.9575229457281829 0.9609956288378609 0.9652598477304358 0.9691237404355141 0.972894099568984 0.9764411968468489 0.9798091566841625 0.9438346636520188 0.9862593809478956 0.9895947153846613 0.9923938637053247 0.9967817778525582 0.997410922181195 
0.36344249913379423 0.9524962647432949 0.9571815275322341 0.9609966115479809 0.9658564586655114 0.968966932296676 0.9728944336601967 0.9763583867939407 0.9798090473071986 0.9439018578531978 0.9860545471121341 0.9890993025418896 0.9924524880763963 0.9946470831413557 0.9972341874153022 
0.3728660290350141 0.9522874442466135 0.9571820149419122 0.9609944876716726 0.965277684868928 0.9691244592829521 0.9728944409786818 0.9764412177461708 0.9797994300793611 0.9445511429235199 0.9860488830133752 0.9891102051617322 0.992403987269431 0.9946474158996501 0.9974107055217669 
0.3812554570956711 0.952483345558986 0.9571839115611482 0.9609898007456069 0.9652780126320539 0.969120512418302 0.9728935269931532 0.976452387241522 0.9798072589587832 0.9449898463276071 0.986088573797624 0.9890875665299955 0.9923944782420098 0.9946474537518759 0.9972630142285267 
0.38991852261436644 0.9522638321019302 0.9571825449520397 0.960995567599624 0.9298085100409231 0.969051058259494 0.9728944733864775 0.9764311295760906 0.9797762973492492 0.9693612854550998 0.9860486854305547 0.9890998195208064 0.9955159926544747 0.9946278063144189 0.9972195073488352 
0.39896401120492037 0.9524837521002172 0.9571815275322341 0.9609966115479809 0.9282938731717394 0.968966932296676 0.9728944336601967 0.9763542715738999 0.9798080208396387 0.9700550556153353 0.9860545471121341 0.9890993025418896 0.9924524880763963 0.9946470831413557 0.9972620424519894 
0.4091531771822967 0.9524843451511058 0.9571815217965353 0.9609723765902786 0.9291698408598443 0.9689759325556785 0.9728937260263918 0.9763582356881815 0.979807607872992 0.9709337908038468 0.9860540249552527 0.9890998130672605 0.9954815487384492 0.9946571810298379 0.9973519711838869 
0.41720515604997543 0.9524837521002172 0.9571811580721505 0.9609968217785428 0.9282938731717394 0.968967167074479 0.9728874913426744 0.9763542715738999 0.9798072567837574 0.9710532741130139 0.9860425290013392 0.9890993250314066 0.9924454837561207 0.9946472048361478 0.9972620424519894 
0.4245423714721943 0.9522620898593056 0.9571815276800685 0.9609966144508187 0.9291647495756217 0.9689759975677376 0.9744165281347009 0.9763582358034574 0.9798080559017086 0.9709987073525228 0.9860423730665299 0.9890891315986233 0.9924501916186181 0.9946571810298379 0.9972638281223454 
0.436727491681914 0.9522903350720252 0.9571823602004481 0.9612081248075257 0.9639138311205965 0.968749544203267 0.9728952564218426 0.9763947155059332 0.9797790467040197 0.9491083018155612 0.9860604603256685 0.9892427324927953 0.9916719913952529 0.9946567181157819 0.997260399279505 
0.4446024629993522 0.9524888579426929 0.9571816595976405 0.9612004713624301 0.9655068934971215 0.9690950573957459 0.9728952412999113 0.9763952042980026 0.9797777381434886 0.9494552140483051 0.9860545352504 0.9891042141995263 0.9923369284850355 0.994649947013152 0.9974514949217821 
0.4514671978301602 0.9522860406683874 0.9571815401198798 0.9609613371723515 0.9655052418784543 0.9690549269656235 0.972909537510549 0.9763745964180879 0.9797776883339769 0.9507331977035292 0.986042555524284 0.9890880358971832 0.9956028149073411 0.9946555383746962 0.9972444500958604 
0.46110512452882757 0.9540243122534021 0.9571765761161907 0.9609690483265977 0.9653207147494727 0.9690496794481983 0.9728944262187896 0.9763751579347841 0.9797791061254568 0.9518979465618319 0.9865239447865819 0.9891201609669702 0.9923936916806229 0.9947026263772039 0.9935987173073149 
0.47118744214713004 0.9525275268091664 0.9571823585716969 0.9609343015143187 0.9652300138686143 0.9408045438213345 0.9729121854910917 0.9763722363258993 0.9797790429314196 0.9720171393575092 0.9860142155248044 0.9892390461753721 0.9917965316468332 0.9996293362142121 0.9935376474801341 
0.4819651699188064 0.9525274225121704 0.9532090174444837 0.9611829112196163 0.9652682955237197 0.9690496718622678 0.9729097239669424 0.9764024768992807 0.9797791068155612 0.9525213342715096 0.986050837246595 0.9891180947821526 0.9923936417490352 0.9946852198696422 0.997622865156345 
0.49161763655914736 0.952527361789899 0.9571765954258992 0.9609690638725997 0.9652682952027974 0.9690496750554315 0.9729096976849924 0.976374764109671 0.9797786292605464 0.9526684615931008 0.9860507170636105 0.9890864932322093 0.9923936901970764 0.9947026356417393 0.9972347651664438 
0.5008072873533296 0.9524381866428596 0.9571823885536742 0.9609632366386176 0.9653239248250158 0.9690495858577797 0.9728945147812073 0.9764000002500677 0.9798072036439051 0.9532381305040117 0.986035748484733 0.9890807567450164 0.9918207163992512 0.9947060436678533 0.9974506244724484 
0.511014410785937 0.9525222030202791 0.9571824019595925 0.9609681107842908 0.9652688073811937 0.9407098247381009 0.9728943298669983 0.9764004188094937 0.9797792483071268 0.9716097003725148 0.9865231617977719 0.9892271099017956 0.9918213277558314 0.9946646683556721 0.9974492782559998 
0.5203480463542018 0.9525276060884907 0.9571836325318318 0.9609686223753311 0.9652683240974397 0.9408061873093614 0.9729095898383235 0.9763730167602956 0.9797769992077238 0.9720589370273961 0.9865243140531561 0.9890905776606005 0.9918199536642391 0.9946864502346799 0.9976531450965068 
0.5308529424714706 0.9525209421570069 0.957216052971128 0.9609299767421925 0.9596164769917481 0.9693817844107867 0.9729091975650693 0.9759821616737373 0.9798075174663874 0.9710545588703455 0.9692323657194932 0.9892377753607213 0.9843630047654359 0.9947061805040314 0.9976990115852359 
0.5357743717561173 0.9589622905511854 0.9572161948337115 0.9609679952831522 0.9653007208840868 0.9694743557950117 0.9729101378502781 0.9763475311097825 0.9798081657077274 0.9720175242888002 0.9692274569977345 0.9892186706736361 0.984361900026934 0.9984769216297505 0.9976986103416483 
0.550576257751142 0.9589622905511854 0.9574443519886862 0.9609748818929867 0.9652306057494102 0.9694743557950117 0.972909229569642 0.9763470617558024 0.9798082232894876 0.9720175242888002 0.9689498312686617 0.9888128282028641 0.9847081454359101 0.9947289081177014 0.9968173723310566 
0.5614524369190943 0.9525236531599999 0.9572062709760407 0.9609935669462084 0.9652781831968832 0.9689571388462282 0.9729091956860526 0.9763993650218106 0.9798075503623301 0.9720654669020593 0.9692149424886144 0.9891153398395568 0.9846120901786383 0.9969654875202097 0.9976980828165968 
0.5708293893693656 0.9462025933783738 0.9572159068160244 0.9609299608764188 0.9651381262262213 0.9691129958203183 0.9729047866614468 0.975984169266494 0.9798075038460532 0.9908171901262501 0.9688920986815313 0.9892887150917546 0.9843632554703413 0.9947070447066135 0.9976982059264734 
0.583715863512161 0.9589482204599018 0.9574420922504031 0.9612502955264274 0.9710031191229481 0.969127051754226 0.9729092342599374 0.9763533281620675 0.9798082033956749 0.9715593067675635 0.9695941900755377 0.9888128279522673 0.9915534680782154 0.9947098307391247 0.9968173723310566 
0.6013732248520386 0.9587704457851617 0.9571802681595248 0.9609752068183863 0.9652745495583724 0.9691053699439229 0.9867184281078222 0.9764052742816337 0.9798033615152165 0.9824312873436578 0.9865226812497397 0.9987616749341329 0.9855069801911034 0.994682579786533 0.9974277774234279 
0.6117497071336755 0.958951195771295 0.9574446838857754 0.9650735624636342 0.970460526585942 0.9691158179280296 0.9730180546957206 0.9763598908969157 0.9798081875365222 0.9710476668808458 0.9865305674857265 0.9983300855420616 0.9843582783421376 0.9932700011024787 0.9974274634239544 
0.6178216843040618 0.9589492851031566 0.9574254359093373 0.9650616538655716 0.9710084891606094 0.9690230084519026 0.9729065222124382 0.9763598820561007 0.9798082032905657 0.9715190364626536 0.9859783747943528 0.9982811675420596 0.9843582783421376 0.9946203806654057 0.9974274636045722 
0.6825013775004677 0.952497022843983 0.9574310615036843 0.9610687752374479 0.959419142656756 0.9690496735711547 0.9729190120958684 0.9763598908969157 0.979803596195076 0.9710476668808458 0.9784628079285986 0.9891969388379157 0.984232474400297 0.9946748136206289 0.9976989586988744 
0.693738892588048 0.952491623900133 0.9574337362964936 0.9634720708364996 0.9591821371175873 0.9690496716081786 0.9729098806824745 0.9763553941677442 0.9798035963150729 0.9716075456485566 0.9784628084234483 0.989056186213573 0.9846214647065585 0.995215708233714 0.9976989559379585 
0.7043595470151633 0.952419767864734 0.9574572722132707 0.960234654670938 0.9687852050751918 0.9690496736600205 0.9729272491792049 0.9764067130996246 0.9800807746614061 0.9709784184376198 0.978426751249215 0.9892285257499606 0.9847889244509954 0.9946845673545237 0.9972128777779473 
0.7145671697459816 0.9582380309809558 0.9572513034123056 0.9609830644202206 0.9746377871475613 0.9693680384797243 0.9729274609628491 0.976304413758577 0.9800796779894535 0.9717558793868762 0.9860734065279749 0.990984433605142 0.9855108782196172 0.9946712598890014 0.9972636143024775 
0.7202828828190868 0.9582380309809558 0.9572523250697968 0.9609832595379565 0.9746377871475613 0.9693685159026411 0.9729275750171876 0.976347030942758 0.9800862867548379 0.9717586508072594 0.986131793106414 0.9909795224077615 0.985587798450357 0.9946712598890014 0.9968160072102646 
0.7525108421675695 0.9582376307493111 0.9574410039296594 0.9602925662880606 0.9688883440795469 0.9693697385296244 0.9729274209562154 0.9764146609746754 0.980086334533926 0.9716540099591008 0.9868488066584541 0.9910037921042152 0.9847701274352758 0.9956223956523268 0.9972644550971023 
0.7532934968012053 0.9583507105188325 0.9574428383549585 0.960283530002781 0.9688883105716286 0.9690496736600195 0.9729293635022498 0.9764137533550136 0.9800862747329164 0.9716539356166395 0.98683093879242 0.9910042362585063 0.9847825370272929 0.9947070634062228 0.9972125272668946 
0.7658458350705836 0.9582378349370723 0.9572513034123056 0.9609830644202206 0.9688464927478921 0.9693679120034238 0.9729274609628491 0.9784742426438707 0.9800796879888876 0.9717558761927194 0.9861011315188772 0.9909844262140491 0.9855385750589555 0.9946712684552012 0.9972636143024775 
0.7806913540401821 0.9583494946113957 0.9572565020721595 0.9609533167114797 0.9688377849100152 0.9690497752312903 0.9729271639265018 0.9764062108552094 0.9800937330601673 0.9717568781654318 0.9861034527887554 0.9909739068686904 0.9857897936982034 0.9946746400886534 0.9972651926450415 
0.7835326528825565 0.9583494526440618 0.957259872006838 0.9612177828192882 0.9688386268723292 0.9690497752312903 0.9729269759041387 0.9764062898528392 0.9797679177335683 0.9717568785632457 0.9861140260805826 0.990983561130335 0.9857897936982034 0.9946991926362888 0.9972651926450415 
0.8221754613264858 0.9583500075830589 0.9574478871265708 0.960932365880564 0.9688377849100152 0.9690496737169423 0.9729272322042927 0.9764062164570257 0.9800935982934686 0.9717568676593495 0.9860891652722402 0.9909734076401225 0.9924419375741552 0.9946754910432426 0.9972125488712469 
0.8317546580237929 0.9524555848020927 0.9572660511127559 0.9612050609289563 0.9688386165951792 0.9693614512086279 0.9729148913589661 0.9763960543736321 0.9797740766610469 0.971743661962402 0.9830494649418977 0.9908522745423176 0.9918573196626539 0.9946985823714735 0.9974567913378531 
0.8494080801601529 0.952456426883293 0.9572617508005989 0.961204321577386 0.9687039211487929 0.9693961813254102 0.9729149018985219 0.9763962663354531 0.9797989275935083 0.9720683712148911 0.9857028087730364 0.9908443854926913 0.9918474873719377 0.9946742657016853 0.9974567983846003 
0.8576003877576572 0.9524507570732174 0.9572617231385325 0.9612052811054206 0.9687823580533036 0.9693636304988917 0.9729149023754097 0.9764057842528182 0.9797742915081041 0.9720843412985065 0.9864161043011914 0.9891437127547614 0.9918439557070794 0.9946968219158517 0.9974550859227216 
0.9655882807305026 0.958214992868658 0.9572702979164361 0.9609766700786839 0.9687124327200545 0.9693762702577015 0.9728869573449758 0.976396584459931 0.9839080226975835 0.9658755595715947 0.9860437577090218 0.9893110552021254 0.992368042463297 0.9946748306118945 0.9974567487828476 
0.9674445156981554 0.9581254926146939 0.9572618980602685 0.9612365212134398 0.9687093845521465 0.9693693335768732 0.9728871004931777 0.9762728229553567 0.9838544672846299 0.9658755595715947 0.9860437306079964 0.9893061022106807 0.9918526866777384 0.994699749699759 0.9974567586519043 
0.9836118562199117 0.9582108921254431 0.9572721576095823 0.9609706439792436 0.9652674071815175 0.9691151845499334 0.9729297068646691 0.9762723397500155 0.9839080226975835 0.9665282974375581 0.9860438874833012 0.9915023828004036 0.9921115097584423 0.9946748460605128 0.9974576071219958 
0.9999253677310889 0.9527744917982238 0.957270294205561 0.9615046461687826 0.968709468891145 0.9691114275823353 0.9729115279016803 0.9763880777445125 0.9839778567428107 0.9666093924471972 0.986090500171724 0.9909462082986422 0.9918691092292888 0.9946749961590553 0.9974592338214381 
