5.428062533869432E-5 1.0000466938081325 
0.003373378202729427 1.000035221671856 
0.007218846981588561 0.9999951011417125 
0.010030220382578607 0.999946113193517 
0.013587305875900083 0.9998624252346587 
0.01700746209943095 0.9997573563040147 
0.02044892410358243 0.9996300055289251 
0.02395001757270203 0.9994743501908375 
0.02725415649089494 0.9993052626808419 
0.031033289208942973 0.9990906377235005 
0.03456915927050856 0.9988537803116768 
0.03799955978733302 0.9986048935984125 
0.04154417034208882 0.9983233210051542 
0.04534373038278033 0.9979938074873369 
0.04900545919664959 0.9976484923564413 
0.05003825145057568 0.9975458552604275 
0.049569362463815284 0.9976011793180528 
0.10005418546636313 0.9900441214516805 
0.10217729933639569 0.9896143798640631 
0.10613012580924033 0.9887912626324223 
0.11010250574086936 0.9879334292999379 
0.11407649143960605 0.9870433955157425 
0.11811229666588852 0.9861062479875367 
0.12212603525945728 0.9851422983331092 
0.12615757593390856 0.98416434977322 
0.13024012240879815 0.9830908305075905 
0.13429559455132914 0.9820248725300907 
0.13840401379129866 0.9809030697211606 
0.14255612845814158 0.9797382416217694 
0.14671749981332707 0.9785336998745741 
0.15003768990883795 0.9775478742544019 
0.20004844872690647 0.9600442414453427 
0.2017885459478279 0.959345977427544 
0.20612206399751357 0.9575801724300632 
0.21048466267509644 0.9557623058731218 
0.21482395829594875 0.9539163825132976 
0.21919719459916417 0.952018221272749 
0.22356965103450888 0.9500832432065958 
0.22800226603254958 0.9480812215988532 
0.2323626956718466 0.9460757697833592 
0.23674449226092714 0.9440186434591015 
0.241166671499405 0.9419176706845794 
0.24558313982108188 0.9397666512791546 
0.2500323433283104 0.9375466467183151 
0.30004602067236225 0.9100398525362983 
0.3036664183674355 0.9078724777349686 
0.30811879371544415 0.9051365131780332 
0.3126545854522517 0.9023212643502362 
0.31712615971223984 0.8995188471091302 
0.3216396782840191 0.896623591647521 
0.3261083881587466 0.89373573172896 
0.33060068125508435 0.8907856400752991 
0.3351012559166428 0.8877830671096816 
0.33963382341049764 0.8847389483441039 
0.34410348553426623 0.8816702051532597 
0.3485766038550752 0.8785719990159209 
0.3500413705386261 0.8775427114333202 
0.4000526895916709 0.8400392676499046 
0.4020839714005196 0.8384050578163433 
0.4065110829661065 0.8348257384044715 
0.41093383815875384 0.8312308175364154 
0.4153035622132591 0.8276214271715825 
0.41973332607531066 0.8239372945849295 
0.42413134937192926 0.8202100701681954 
0.4285417079656146 0.8164548706574049 
0.43285758816534187 0.8127205693485351 
0.4372499044522731 0.8088915260703531 
0.4416380381084116 0.8050432807673897 
0.4459499247423693 0.8012251337734667 
0.4500271246999878 0.7975551035872686 
0.5000476541210714 0.7500362547613875 
0.5012852055578205 0.7488193199279386 
0.5054290762902074 0.7446405494479231 
0.5095823582686151 0.740433958565998 
0.513740158031311 0.7361812691096175 
0.5178506550370412 0.7319240316005011 
0.5219802919130073 0.7276419162318755 
0.5260862644227422 0.7233361903925939 
0.5301586648294356 0.7190412166091156 
0.5341852974204977 0.7147405449011397 
0.5382485421965424 0.7103841466264453 
0.5422597448695066 0.7060501637734227 
0.5462739548551258 0.701681258427665 
0.5500391433867527 0.6975524914260622 
0.6000461351655316 0.6400375217851603 
0.6007663504929259 0.6391787446231658 
0.6045638889822073 0.6345972853936306 
0.6082832098786716 0.6300937095424055 
0.6120284951593826 0.6255246671616649 
0.6157400016830659 0.6209873748534576 
0.6194234679234676 0.616416448156704 
0.6231366313088348 0.6118163502278289 
0.6268247707765074 0.6071859366795562 
0.6304116778199951 0.602680171401399 
0.6340470759084692 0.598109289622756 
0.6376530103756426 0.5935279339813291 
0.6412602232903332 0.5888914871862856 
0.6448257783817901 0.5843247343240472 
0.6483806700140033 0.5797017144280592 
0.6500383103451718 0.5775470882568228 
0.7000427238849457 0.5100413013070222 
0.7028999074336602 0.5060451448003824 
0.7061708750826438 0.5014576211951454 
0.7093802157791435 0.49691036776170294 
0.712605767546343 0.4922952641314423 
0.7158214539819728 0.48772215577994493 
0.7190145846543946 0.48312174326171753 
0.7221909062837643 0.47855662700725143 
0.7253361372350233 0.4740102009414746 
0.7284880257846009 0.46942799332207674 
0.7316125679104211 0.4648588914298427 
0.7347027658522056 0.46034352824037883 
0.7377827086233145 0.45578134909369883 
0.7408688548051894 0.4512188978911994 
0.7439177614927966 0.44670485425178164 
0.7469971188507791 0.4421312811175322 
0.7499899985400659 0.43762879972746616 
0.7500415437034764 0.4375432375934186 
0.8000443549294887 0.3600390997261873 
0.8016648518329179 0.35744369298926004 
0.8044231676703972 0.3530315980480836 
0.8071396232029006 0.3486649766998916 
0.8098126989082278 0.3443427269090218 
0.8124980843310985 0.33998637436679324 
0.8151523942367919 0.33566588617844073 
0.8178216455174252 0.331337662246167 
0.8204429593484894 0.3270185994478174 
0.8230779118003698 0.32267316795588696 
0.825665203716055 0.3184197930151579 
0.8282706554142777 0.31410785266188934 
0.8308214891765136 0.3098799623826777 
0.8334171126999893 0.3055585009740003 
0.8359419094855908 0.30134295099478947 
0.8384807511917897 0.29708937658771906 
0.8410114841186341 0.2928291833835871 
0.8435117623686 0.2886332668211865 
0.845980324329629 0.28442921190496095 
0.8484835570547827 0.2802216570401338 
0.8500395766729706 0.27754514472316716 
0.900041899110609 0.19004101821495012 
0.9019583300661205 0.18663684417040605 
0.9041215119215624 0.18268322965381234 
0.9062929359148877 0.17877486727585334 
0.9084504940957561 0.17486703120634783 
0.9106121855393645 0.17097221760114922 
0.9127307023464324 0.1670633374866416 
0.9148273535510111 0.1632332508946911 
0.9169295593136254 0.1593589084982665 
0.9190531537746948 0.155473576708276 
0.9211063979314772 0.15173184378574933 
0.9231753404259254 0.14786532008254183 
0.9252856871902615 0.1439673954726255 
0.9273070722551454 0.14023018946506827 
0.9293218742212869 0.13649140272971372 
0.9313955828653779 0.13267995571213087 
0.9333908513400629 0.12891304198285236 
0.9354018997864632 0.1251689916810882 
0.9373928376686989 0.12149360376099871 
0.9393903568765145 0.11768077528409793 
0.941381214955215 0.11394883847763548 
0.9433381823858612 0.11026031067661057 
0.9452672559552932 0.10659231777365741 
0.9472475134563596 0.10290936136167805 
0.9491485502490115 0.09925436819928479 
0.950041046029558 0.09754368042982331 
