7.586759647355834E-6 0.4999941838038296 0.4999621917250711 0.4999808141428708 0.5000161774866247 0.5000106475326733 0.5000370335047686 0.49999794234567496 0.5000205005666958 0.5000020437044933 0.5000250783625767 0.49997383957778546 0.5000019910242409 0.5000055319857355 0.5000598149379735 0.5000015000005261 0.49999096401661275 0.500000061431684 0.4999869297563121 0.4999971252546345 0.5000650917818164 0.50004091201466 0.500049317800497 0.49999754362720805 0.5000038685491462 0.4999992118765744 0.49999706277300415 0.49992356763899964 0.4999851631950546 0.4999964148218285 
0.003327087022816144 0.49999487154627054 0.4999621947093851 0.4999810143534879 0.5000161101961776 0.5000081259829234 0.5000368218769706 0.4999960017326776 0.5000205070865522 0.5000018041570375 0.5000245032742215 0.4999738635450474 0.5000024373843305 0.5000046524838753 0.5000598167538455 0.5000009390471609 0.4999906103532722 0.5000000450043848 0.49998668225901655 0.4999971280274582 0.500065178931912 0.5000409304234417 0.5000493326646971 0.49999847924016033 0.5000046714317978 0.5000005126426282 0.4999972730964766 0.4999243151865531 0.4999851899502252 0.4999986374326384 
0.007172303896689519 0.49999483812856377 0.4999618107182031 0.49997949632827277 0.5000161979766338 0.500005029670907 0.5000369950134439 0.49999599186078053 0.5000191817325308 0.5000018149799121 0.5000251769548536 0.4999738523271858 0.5000018477679873 0.5000078844342684 0.5000598164456183 0.5000018749051905 0.4999908611916075 0.500000058420185 0.49997550609847813 0.49999670559116477 0.5000650641276209 0.5000409290348672 0.5000493362214983 0.49999761864466047 0.5000033433820003 0.5000019113294917 0.49999639565063336 0.49992663342115834 0.49998593129665747 0.49999846806961457 
0.00998441857478504 0.4999948152254402 0.4999621868178161 0.4999810776778884 0.5000161911538813 0.5000051229574467 0.5000370006892341 0.4999960008131831 0.5000192933410372 0.5000018149761554 0.5000251787838208 0.49997385217863005 0.5000019232305447 0.5000048611825738 0.50005976901099 0.500000951236599 0.4999908611916075 0.500000058420185 0.4999889330824779 0.4999967002733915 0.500065064096338 0.500040928389769 0.500049338675234 0.4999976185767292 0.5000052020252975 0.5000006091311993 0.4999971424870287 0.49992511341072143 0.4999859094592015 0.4999984910179633 
0.013541508196992194 0.4999948220659775 0.4999622129079834 0.4999833720586612 0.5000162163202578 0.5000051012286078 0.5000369969820484 0.4999959854094644 0.5000193088233318 0.500001822219498 0.5000248272903428 0.4999738779109246 0.5000018460145479 0.5000053864882267 0.5000601881590638 0.500000943713162 0.4999906114262137 0.5000002455098147 0.49998886409989113 0.4999972426101477 0.5000650660769019 0.5000409168998063 0.5000496812906539 0.49999775518190726 0.5000051999471679 0.499999295334288 0.5000026998159948 0.49992504846537755 0.4999859153602859 0.49999860047191197 
0.016962383346618606 0.4999952077257538 0.4999622347702896 0.49998340940661745 0.5000161914477527 0.5000050258843254 0.5000359881733957 0.4999960020980485 0.5000196621324104 0.5000020866871007 0.5000244201977513 0.49997387490388573 0.5000024160465585 0.500004685797912 0.5000598041911147 0.5000013883958995 0.49999041591028764 0.5000002471550332 0.4999889283185523 0.49999638778418065 0.5000650971388423 0.5000414122612983 0.5000493284253803 0.49999774966342814 0.5000010150671934 0.5000020205480249 0.4999964047695583 0.499926582443611 0.49998597651663057 0.499998208690631 
0.02040265043008502 0.4999950922109375 0.4999618546300579 0.49997998126795934 0.5000161135464064 0.5000049016620046 0.5000368211866211 0.49999614942714327 0.5000195454777233 0.5000019647926601 0.5000245378441251 0.49997396953134043 0.5000026034540541 0.5000053256009612 0.500059816890356 0.5000013439959633 0.4999908574376315 0.5000002779201825 0.4999888163443057 0.4999966161655593 0.5000650921713584 0.5000408974214148 0.5000497493597236 0.49999839576795063 0.5000067216688755 0.5000004727462243 0.499997291775767 0.49992430920865555 0.49998521393655776 0.4999971590454267 
0.023904254021538326 0.49999482153915004 0.4999618881640753 0.49998101293645747 0.5000162181766803 0.50000511317189 0.5000368307192362 0.49999601186447534 0.5000192725827294 0.5000024851862569 0.5000244290260043 0.49997387556713707 0.5000037639342446 0.5000053935561224 0.5000598144560133 0.500001842886054 0.4999909994544494 0.5000002466722591 0.4999891011554936 0.49999668877622744 0.5000650988037343 0.5000413530590743 0.5000496982355757 0.49999836835094946 0.5000007743341348 0.4999993040767125 0.500001035230766 0.4999254297251716 0.49998611900527595 0.4999983360154434 
0.027208586623978546 0.4999948216644548 0.499962247321059 0.499981015747289 0.5000161897790905 0.5000050852158825 0.5000370078560371 0.49999603246273844 0.5000192861890476 0.5000018117924738 0.50002483072945 0.4999738483953313 0.5000024317384856 0.5000055459335528 0.5000598153772178 0.5000009499765669 0.499990615776331 0.5000000445955964 0.49998930033843664 0.4999964039397807 0.5000650663667096 0.5000409151660032 0.5000497008271089 0.4999975622075087 0.5000066668468248 0.5000019887518307 0.5000058398860079 0.499926549538287 0.4999852132914034 0.4999985996346406 
0.030982722398236275 0.49999411203819377 0.4999617878062884 0.4999810934931708 0.500016253388536 0.5000050181222153 0.5000361029634156 0.49999614161105493 0.500020164068225 0.5000018040066794 0.5000251902489833 0.4999738587691779 0.500001870357102 0.500005518887629 0.5000597805938586 0.5000017335066047 0.49999037748344677 0.500000277921024 0.49998894354749496 0.4999967081758627 0.5000650934809483 0.5000408747185863 0.5000268118587734 0.4999975602901302 0.49993426608344466 0.5000018999668703 0.499996551058321 0.4999266431750709 0.49998511465447937 0.4999971067665261 
0.034523506460503325 0.49999520493658733 0.4999618552353551 0.49997995999358696 0.5000161168930175 0.5000049025468823 0.5000369691867036 0.49999601186300136 0.5000201790007991 0.5000019652829407 0.5000245367283048 0.4999738744792052 0.5000019187775488 0.5000053288595113 0.5000598176270207 0.5000013400392093 0.49999035689574883 0.5000003048329583 0.49998878744197056 0.4999964053012095 0.5000651912292816 0.5000409238784189 0.5000493251763255 0.49999838143495207 0.5000061222885878 0.5000004711570954 0.5000060028387547 0.4999265773222791 0.4999859319061243 0.4999971582637972 
0.037954148779355074 0.49999484348473167 0.4999622002766497 0.4999810379509885 0.5000158742520402 0.5000045907030534 0.500036832960965 0.49999599919255794 0.5000193160886016 0.500001943206932 0.500024821896315 0.4999738730213659 0.5000019359573431 0.500004765265062 0.5000601695230811 0.5000009427774739 0.49999086124836134 0.499998915117883 0.49998894580290204 0.49999726769737624 0.5000650958828631 0.500040931659647 0.5000493278420444 0.4999983845468562 0.5000052043246384 0.4999992996388693 0.4999963592679394 0.4999265627982879 0.49998592555783683 0.49999615471739245 
0.04149870668075897 0.49999484348473167 0.4999622002766497 0.4999810379509885 0.5000161908711509 0.5000045907030534 0.500037007710135 0.49999599919255794 0.5000192668631784 0.50000181528032 0.500024821896315 0.4999738730213659 0.5000019359573431 0.500004752224797 0.5000601695230811 0.5000009427774739 0.49999086124836134 0.500000048468001 0.49998894573157904 0.49999726769737624 0.5000651874054202 0.5000409164847069 0.5000493278714824 0.4999977552013752 0.5000052124026515 0.4999993014214749 0.4999963592679394 0.4999265627982879 0.4999859113121439 0.49999708942809684 
0.0452980129208646 0.4999948445008546 0.49996223479119045 0.49998103812433836 0.5000161908751769 0.5000109582431126 0.5000370078560371 0.49999603244877455 0.5000192861890476 0.5000018156251211 0.5000248309367166 0.4999738730623511 0.5000024317384856 0.5000055459335528 0.5000598153772178 0.5000009499765669 0.4999908612862132 0.5000000445955964 0.4999889141774464 0.4999964039397807 0.500065092186444 0.5000409151660032 0.5000497470188133 0.4999975622075087 0.5000052124585245 0.5000019572397898 0.49999635509015333 0.499926549538287 0.4999851586162909 0.49999706373807656 
0.048959895475259946 0.4999952176028289 0.499962294214094 0.4999830845069173 0.5000158732504121 0.5000049862214935 0.5000368447222161 0.49999598912447885 0.5000196570831441 0.500002095851667 0.5000244034972022 0.4999738753798967 0.5000020014161671 0.5000046841253777 0.5000601723327636 0.5000019728464431 0.49999041196072613 0.5000002471861551 0.4999890368815995 0.49999638959123216 0.5000649881735639 0.500040868656913 0.5000493304839908 0.4999977352092165 0.5000043958390986 0.49999953596392654 0.5000009306632583 0.4999254495964661 0.49998516469701354 0.49999614791234154 
0.04999308740214921 0.4999952074823539 0.49996223448889343 0.4999833331895218 0.5000162542973383 0.5000050294391338 0.5000360888728228 0.49999613966688367 0.5000192837603238 0.5000020957683516 0.5000248321003389 0.49997387447881864 0.5000018936202769 0.5000055481727695 0.5000598221300071 0.500001936497778 0.4999903844088468 0.500000247949535 0.49998894421008855 0.49999638778418065 0.5000650947486691 0.5000408690722118 0.5000497369862305 0.49999756448431554 0.500005200758154 0.5000019545861218 0.5000024569063655 0.49992657878747393 0.4999859673430081 0.4999982156685253 
0.04951631745177733 0.4999941121487321 0.4999617678245149 0.4999833331895218 0.5000162542973383 0.5000050301975867 0.500036102877739 0.4999961416073856 0.5000192837603238 0.5000020957683516 0.5000251756717041 0.49997387447881864 0.5000018936202769 0.5000055185393932 0.5000598221300071 0.500001936497778 0.4999903844088468 0.500000247949535 0.49998894421008855 0.4999964008808799 0.5000650947258084 0.5000408690722118 0.5000497447260802 0.49999756441229065 0.49993732910095046 0.5000019545861218 0.5000023806023228 0.4999265795827502 0.49998511241821536 0.4999982156685253 
0.10000838662028932 0.4999948249153032 0.4999622002766497 0.49998334525649585 0.5000161908711519 0.5000110472658561 0.5000356820916538 0.49999877015341515 0.500020536274134 0.5000019418138044 0.5000248234851313 0.4999733181616484 0.5000018968019684 0.5000055068967242 0.5000598420985398 0.5000009713533253 0.4999908479618467 0.5000000471290964 0.4999889977696599 0.4999967028044069 0.5000651874054202 0.5000409797163775 0.5000493292953921 0.49999776300187454 0.5000052007294697 0.5000021233405813 0.50000234837734 0.4999251175290222 0.4999859119558034 0.49999825565224515 
0.10213197845018379 0.499998387180459 0.49996223448687627 0.49998330166942084 0.5000161144160831 0.5000104897897893 0.5000358059454318 0.4999960236787131 0.5000201267341048 0.5000020815574172 0.500024828644767 0.4999737852092516 0.5000017232607648 0.5000041833735732 0.5000597651574707 0.5000009065456787 0.49999038514461075 0.5000002039985467 0.49998881550400726 0.49999656725954494 0.5000650601707046 0.5000409369352727 0.5000497545452097 0.4999970932510028 0.5000044582734201 0.49999948906259734 0.5000023348433115 0.4999265807886236 0.49998515897322804 0.49999708479006366 
0.10608486466568193 0.49999503344750784 0.49996184448289477 0.4999835090335004 0.5000144040499224 0.5000108820178646 0.5000356681151407 0.49999610370413367 0.5000204055138064 0.500002032674364 0.500025198574893 0.499973329110825 0.500002466807904 0.5000043405229364 0.5000597822042528 0.5000009711097839 0.49999044478402377 0.5000004073470317 0.4999889970957411 0.4999966791611609 0.5000652996164068 0.5000409848516552 0.5000492755976648 0.4999969484114674 0.5000031203675998 0.5000008680597168 0.5000023439821623 0.49992691120724825 0.49998515992471015 0.4999983616623848 
0.11005661740606623 0.49999843823982526 0.4999622566564068 0.49998102194143274 0.5000144230644901 0.500008714180982 0.5000370747187176 0.49999601172721586 0.5000192366602314 0.5000020833272163 0.5000244342380541 0.49997335123107317 0.5000018351974342 0.5000049865707383 0.5000598369202086 0.49999832761231094 0.4999908609065947 0.5000002292462353 0.4999889839089968 0.4999965639530103 0.5000652011678697 0.5000409186042992 0.5000497119127657 0.4999977502425075 0.5000044699201327 0.49999932014476023 0.49999608655603744 0.49992514287367357 0.4999851518577434 0.49999841547225854 
0.1140302076639744 0.49999500861895385 0.4999622336314945 0.4999794730567382 0.5000161981300373 0.5000118220208175 0.5000361134669559 0.4999987034313545 0.5000205095412906 0.5000034654013679 0.5000245171028931 0.49997331294393577 0.5000024488690196 0.500005507734946 0.5000598400826376 0.5000017222646951 0.49999102366569376 0.5000002445064441 0.49998690817201785 0.49999713673897184 0.5000651601493288 0.5000408797137922 0.5000497666576698 0.49999839394560797 0.5000031073966551 0.5000020745459002 0.5000013209335192 0.49992520974032756 0.4999851599592306 0.4999982376034696 
0.11806637886100213 0.4999983886713868 0.49996223993527017 0.4999809954412783 0.5000161189702865 0.5000061248476247 0.5000360661836061 0.4999957435220784 0.5000193693374488 0.5000021430652009 0.5000251860194178 0.49997378522189145 0.500001758912995 0.5000055148818295 0.5000597879722717 0.5000009181484397 0.4999908625264296 0.5000002419798298 0.4999857756659564 0.4999965756088415 0.500065050517463 0.5000409370977605 0.5000498891068951 0.499998097645561 0.5000031550446112 0.4999993302221095 0.4999971694655782 0.49992519714311445 0.4999851599751567 0.49999835053317626 
0.12208016921161222 0.4999947981353353 0.49996183365178803 0.49998094252044106 0.5000145390218576 0.5000054970246126 0.5000356624491216 0.49999601005815325 0.5000211887324004 0.5000018263505664 0.5000252349352433 0.4999738778626199 0.5000019360826434 0.5000047081516649 0.5000598769099852 0.5000017318326723 0.4999909230610169 0.5000000751660849 0.4999887169096807 0.49999726705839936 0.5000651993742219 0.5000408791704724 0.5000497748641067 0.4999977551354845 0.5000051744552272 0.49999945492025993 0.5000009272150032 0.49992513292639107 0.4999859053666661 0.49999701428579624 
0.12609362411758243 0.49998916322697406 0.49996183834293983 0.4999796660367446 0.5000161004500361 0.5000050155856963 0.5000359924273402 0.499996106228217 0.5000203893343083 0.5000020261835254 0.5000252495208362 0.49997332191476557 0.5000024534869605 0.500004186757627 0.5000598209262521 0.5000019239222376 0.49999144601473555 0.5000008838551423 0.49998529775577766 0.4999967116543461 0.500065075805568 0.5000409200871976 0.5000498104869994 0.49999848919156886 0.49990591737593765 0.4999993189980401 0.4999971231123851 0.49992485640848566 0.49998522844279397 0.4999974945881774 
0.1301978196576117 0.49999805261978375 0.4999618323269086 0.49998102194036204 0.5000144753133522 0.5000081706391674 0.5000356485876815 0.49999790013724793 0.5000212105651418 0.5000020823427189 0.5000251719723631 0.49997341645357685 0.5000018422866124 0.5000043849507466 0.5000598375671255 0.5000013004179845 0.49999093007305473 0.5000052901317258 0.49998895666020887 0.499996909004422 0.5000652100452045 0.5000409851199733 0.5000273490959634 0.4999984883560827 0.5000044952775757 0.4999993201314137 0.499997068883861 0.49992596084354335 0.499985920670516 0.4999961369786873 
0.13424815492143008 0.4999890967989022 0.499962200376852 0.49997921537320356 0.5000161079523917 0.5000081608802986 0.5000370128400287 0.49999863941709405 0.5000193623986675 0.5000018139084517 0.5000251932893615 0.499973631744811 0.5000019509829275 0.5000046928840436 0.5000598775278731 0.5000017314646856 0.49998897328878356 0.5000044754475347 0.4999890628113147 0.49999725998316114 0.5000659510952699 0.5000409155000931 0.5000493010703938 0.4999977611204284 0.5000215853625132 0.49999931527372776 0.5000020651704626 0.4999251900597171 0.49998524954454643 0.4999970977884543 
0.13835800619255814 0.4999988356266914 0.4999622211258289 0.4999796322542022 0.5000159147162541 0.500009310716632 0.5000361134669559 0.49999906353061385 0.5000205087515986 0.5000034654013679 0.5000245419586947 0.4999733089738551 0.5000027691575837 0.500005507734946 0.5000598400826376 0.5000017897195438 0.49999102366569376 0.49999984239956646 0.49998690817201785 0.49999713673897184 0.5000650345454191 0.5000408819686861 0.5000493064626337 0.49999706541285965 0.5000034589840049 0.5000020493086276 0.5000013727694034 0.49992518741414466 0.4999851599592306 0.49999853834223285 
0.14250905583997198 0.49999491824565667 0.4999616840259504 0.4999790675138756 0.5000159221294279 0.5000105479144951 0.5000367822744735 0.4999957826615902 0.5000202109572841 0.5000020964679484 0.5000245573997721 0.4999738210243298 0.5000030556825371 0.5000051862895715 0.5000597994148288 0.5000014490886888 0.49999100724804235 0.49999991362252494 0.4999847296608095 0.49999714679211016 0.5000651739556786 0.5000408870136822 0.5000500792023911 0.4999983862426979 0.5000031165383209 0.4999993575362062 0.4999925717126636 0.499923812885075 0.49998514125128224 0.4999969436922957 
0.14667132295993537 0.49999797325042694 0.49996223714623234 0.4999794622112375 0.500016190841337 0.5000118238704315 0.5000361127285332 0.49999847179754286 0.5000192693453536 0.5000019480255413 0.5000248221626205 0.4999737898415516 0.5000036966557476 0.5000055419330848 0.5000601688192353 0.49999849903445676 0.4999909685615673 0.500000934015151 0.4999867568141433 0.49999714585066485 0.5000650626145555 0.5000408919720837 0.500049320834762 0.499997776152569 0.5000052014603591 0.49999973194526365 0.4999961256365593 0.4999251516787616 0.49998515895153417 0.49999834456523756 
0.1499921658408169 0.4999950110607956 0.4999624654478284 0.4999811495873311 0.500014468726266 0.500008085718166 0.5000361857048227 0.4999959896447383 0.5000201715270773 0.5000022672104069 0.5000244964378929 0.4999733310651659 0.5000026200680703 0.5000042726666051 0.5000597617312881 0.5000013815499571 0.49999140535435255 0.49999906408597594 0.4999857805385559 0.49999657695968963 0.5000650930308675 0.5000409329681845 0.50004932127942 0.4999985193107377 0.5000080824522583 0.4999993176819377 0.4999972802349395 0.4999264597210827 0.49998515356353457 0.4999985263163072 
0.20000300519466613 0.49999823652311615 0.49996246268193356 0.4999835647525912 0.500014635885686 0.5000063647642811 0.5000361613642696 0.4999959902512396 0.5000203855081947 0.500002267989405 0.5000245221416144 0.4999733235214087 0.5000054058821902 0.500004167025393 0.5000597603421948 0.4999981902075955 0.4999915620952664 0.4999990519618282 0.4999891721886659 0.49999671485891384 0.5000650938271904 0.5000408740356669 0.5000493082322607 0.4999970474650484 0.5000043538792917 0.49999938502797625 0.5000026052727042 0.49992518560880267 0.49998524143487666 0.4999976349533182 
0.20174252295288753 0.49999821940166206 0.4999621391231832 0.49998036322283884 0.5000145544733038 0.5000064226260741 0.5000356352634497 0.4999988082140457 0.5000204008145492 0.5000033410793793 0.5000245799377115 0.49997332352443075 0.5000052235381084 0.5000041667666295 0.5000598163889857 0.500001096171519 0.4999915781648536 0.5000012028249256 0.4999882624995284 0.49999659397197865 0.5000659234431958 0.5000411144800331 0.5000492779157477 0.49999745444634935 0.500006562809569 0.5000019357216683 0.5000024342723277 0.4999250268072217 0.4999852348742484 0.499997641191344 
0.20607499004528576 0.4999982193138204 0.49995943443096197 0.4999807965930301 0.5000157789663667 0.500008272774737 0.5000356063765142 0.4999976642365186 0.5000203895165595 0.5000033673937464 0.5000277777176096 0.4999732747497936 0.5000024086917613 0.500004227661976 0.5000598200853005 0.4999983719915001 0.49999042544264705 0.5000068455365027 0.4999858063048721 0.49999658782599027 0.5000651018673516 0.5000411318518303 0.5000494085000728 0.49999745499676623 0.5000065376721612 0.4999905719018848 0.49999904189714517 0.4999250314336255 0.4999851544424212 0.4999972797799286 
0.21043814424760063 0.4999982476117092 0.4999624834011474 0.4999809805896957 0.500015685109757 0.5000086970661125 0.5000359784912785 0.4999976715515228 0.5000205126245938 0.5000034447261934 0.5000283613224293 0.4999733052041324 0.5000051868417572 0.50000411200081 0.5000598594646507 0.49999869446545486 0.499991592204261 0.4999990634975763 0.4999889270634588 0.4999964165823822 0.5000651603972336 0.5000417675544253 0.5000493068365394 0.49999705417036705 0.500006744056114 0.5000022602037741 0.49999127492627826 0.4999251825299503 0.49998522811603013 0.49999837694160115 
0.21477799055556485 0.4999983461937942 0.49996248926155495 0.4999808481524534 0.500014460624923 0.5000086353621042 0.5000359771676832 0.4999958651154647 0.5000212285510743 0.5000026740280156 0.5000251844577192 0.4999733235557451 0.5000028073713498 0.5000080835179778 0.5000598206719274 0.4999988236672489 0.4999916232100983 0.4999988219970987 0.49998892048406346 0.4999965905428472 0.5000651599220755 0.5000411107925382 0.5000492857229416 0.49999869498916066 0.5000068954157904 0.49999936154846664 0.499997191946359 0.4999251740464987 0.49998524462692 0.49999854646406894 
0.21915156491967333 0.49999851045812377 0.4999618492646267 0.4999836535374116 0.5000145548709906 0.5000064355051449 0.5000356155199719 0.49999784936726827 0.5000206866158534 0.5000022518681293 0.5000246065946922 0.4999733051794097 0.5000052239802458 0.5000042943698844 0.5000597609156094 0.5000013655386029 0.499990330708985 0.49999910255415325 0.4999889220182705 0.4999965693379592 0.5000652881573925 0.5000408643336721 0.5000492836866898 0.4999973000058798 0.500007258266627 0.49999923334672025 0.4999980651805455 0.4999251938698043 0.4999852086993987 0.4999962438465646 
0.2235236055775327 0.4999983470811883 0.4999623555657354 0.49997975025301206 0.5000145157699707 0.5000081489461944 0.5000361805792062 0.49999585175676536 0.5000203912085928 0.5000035033046488 0.5000245627733672 0.4999732819133631 0.5000027520540081 0.5000077833463068 0.5000598327377046 0.4999985618885869 0.4999915453358488 0.5000005140156504 0.4999858225324216 0.4999965751654266 0.5000650871697607 0.5000411055142426 0.5000494008674665 0.4999985983467562 0.5000030866734113 0.4999993185324409 0.4999988464908797 0.4999251741081384 0.4999852407187414 0.49999766118422967 
0.22795676000274656 0.4999982195801268 0.4999624171870273 0.49998367452112913 0.5000157182922542 0.5000063861307434 0.5000356075840556 0.4999978894017539 0.5000204566521894 0.5000022524300323 0.5000245200289039 0.49997332341304607 0.500002462708079 0.5000052808700365 0.5000597608045466 0.5000016559791287 0.49999156303766934 0.4999990781890384 0.49998892472917983 0.4999965916169271 0.5000652833112645 0.500040912553239 0.5000492833625536 0.4999970534905747 0.5000032808904382 0.499993796552534 0.5000021365461103 0.4999251885790218 0.49998519998671376 0.49999755975161864 
0.23231613794077172 0.4999987088339075 0.4999618024653651 0.49998080290971375 0.5000144691075462 0.5000057978664747 0.5000368987308172 0.4999977795189673 0.5000212173890244 0.5000032790221861 0.5000277510476867 0.4999733284684089 0.5000024684399806 0.5000042023722979 0.5000597728491957 0.4999988471290004 0.4999914416156589 0.49999882882066243 0.499988897607382 0.4999965835136318 0.5000651553816523 0.5000417471125742 0.5000500713879734 0.4999972910455892 0.5000074282026785 0.4999993347770843 0.4999972770936455 0.4999251932984555 0.49998522874438517 0.4999975109228559 
0.2366992933360434 0.49999854300063795 0.49996178932349544 0.4999833368429066 0.5000145602731153 0.5000063107424944 0.5000357613368703 0.4999978902940283 0.5000204688991857 0.5000021031350632 0.5000245215379746 0.4999733233672827 0.5000017786040644 0.5000055484869358 0.5000597607206978 0.49999847244993684 0.4999904876618785 0.4999990801701694 0.4999889442472086 0.4999965915420215 0.5000650770527569 0.5000408865049937 0.5000497388110948 0.4999984085810844 0.5000050023939094 0.4999992448956955 0.4999964379791383 0.49992654727745806 0.49998506739248705 0.4999984025061554 
0.24111335220384847 0.4999984174647464 0.49996241964458277 0.49998334440649567 0.5000167021225012 0.5000063862755538 0.5000356053401853 0.4999991476905645 0.5000203915914903 0.5000022785973371 0.5000244430880647 0.4999733265319233 0.5000054172936962 0.5000079966583978 0.5000597594611775 0.49999877435834256 0.4999914498586588 0.5000011258695992 0.49998873236064945 0.4999965917868996 0.5000659446145341 0.5000409244348116 0.5000496961015414 0.4999975658979673 0.4999386116844 0.5000020589118924 0.5000022163349676 0.49992517641819495 0.4999852284069904 0.4999960812844702 
0.24553101112021308 0.4999987065836766 0.49996249349158456 0.4999834396575107 0.5000146940182998 0.5000063934747536 0.5000359029297315 0.4999981259534905 0.5000204825548097 0.5000026749427016 0.50002451937086 0.4999733231903612 0.5000028260484335 0.5000054202201213 0.5000597618958912 0.5000011725327875 0.4999913563342886 0.49999911091162424 0.49998889869905166 0.49999769143236744 0.5000653072438622 0.5000408922018161 0.5000496957585858 0.49999705933568517 0.499942055982066 0.5000020107917562 0.500002490418034 0.49992516082259464 0.49998522870267365 0.4999973213669099 
0.24999046434604438 0.49999822765351154 0.49996249157892014 0.49998376821214474 0.5000145598682195 0.500006385977846 0.500035608111772 0.49999789114479604 0.5000192050402066 0.5000033050124634 0.5000249656434553 0.4999733386714191 0.5000051518747743 0.5000040688450225 0.5000597608735144 0.5000011338646924 0.49999027248300953 0.5000009212018836 0.49998892233597203 0.49999658085165927 0.5000652838915214 0.5000409009242612 0.5000257696810679 0.4999975817912922 0.500002995666092 0.5000029343455603 0.5000024875514194 0.49992519409526504 0.499985266921549 0.4999976070972412 
0.3000038550757515 0.49999923517710476 0.49996173765991353 0.4999809562390904 0.5000145741385442 0.5000019183366033 0.5000356162409926 0.4999978894016618 0.5000191948486683 0.5000033011114976 0.5000245222476389 0.4999733301218809 0.5000024610424656 0.5000052607079166 0.5000597742958861 0.5000018649947977 0.4999904867084447 0.5000009132527238 0.49998890697449383 0.49999639818071107 0.5000652615821993 0.5000409127936647 0.5000268102111951 0.49999758197923566 0.500002973262143 0.4999937838289407 0.49999878592536967 0.4999251938563088 0.4999859777973839 0.4999976274522359 
0.30361305404558164 0.4999903505017423 0.4999624889247555 0.49998329249635437 0.5000145166421418 0.5000017515429189 0.5000356267187228 0.4999978993767723 0.5000192556596 0.5000022603146795 0.5000245050908778 0.49997332321383076 0.5000025311629591 0.5000080586181027 0.5000598555989798 0.5000011092280808 0.4999904570329987 0.5000003088795857 0.49998897210563975 0.4999965809427595 0.5000652811121135 0.5000410469683327 0.5000492020906737 0.4999975703180326 0.4999372893266036 0.499993968867363 0.5000025061506919 0.4999251369189031 0.49998520213284986 0.49999619678235946 
0.3080731900870186 0.4999984276652957 0.49996248894173817 0.4999838128123391 0.5000145677598525 0.500006388545658 0.5000358775289059 0.49999785325243595 0.5000203941442887 0.5000024019534556 0.5000245169760673 0.4999733975236499 0.5000053359113186 0.5000040686863413 0.5000597608398405 0.5000011337055291 0.49999032915944475 0.5000004093338126 0.4999881942458084 0.49999657555518595 0.5000652716444286 0.5000409009162444 0.5000497974474637 0.4999970522843162 0.500000315349882 0.4999988680818822 0.5000024743152676 0.49992518915585976 0.4999852673524719 0.4999937480711955 
0.31260895952605366 0.49999490135462 0.4999624895916313 0.4999834366540868 0.5000146958432513 0.5000049744892167 0.5000355864855551 0.49999956585108013 0.5000204576146886 0.5000022975231057 0.5000248513087695 0.499973323167212 0.500002830882149 0.5000040450263367 0.5000597612961891 0.5000013291754631 0.4999916029891529 0.49999864100913 0.49998892451165416 0.4999971223859912 0.5000652717480546 0.5000410477594815 0.5000492573590776 0.4999970532423426 0.5000074912961795 0.5000019493376122 0.5000022872076114 0.49992462061397136 0.4999858260478153 0.499997606730006 
0.31707240352560534 0.4999979607814174 0.49996208599777525 0.4999833830970454 0.5000145106587238 0.500006015898538 0.5000356089900612 0.4999976717364951 0.5000204818268328 0.500002237230173 0.5000245437949172 0.499973290140469 0.5000025894575088 0.5000053733576567 0.5000598535770192 0.4999984177707432 0.4999906491137203 0.5000002101709361 0.4999889235970289 0.49999639870445567 0.5000653498505879 0.5000410442310307 0.5000492708249179 0.4999973311534099 0.4999342335001773 0.4999993096323306 0.5000027084873828 0.49992608008636275 0.49998579973348223 0.49999704886652646 
0.32159362621462567 0.4999998405636066 0.49996212291954417 0.499980981946506 0.5000157392908001 0.5000064064235498 0.5000358569822169 0.49999769949435097 0.500020393231218 0.5000024418438472 0.5000245777818548 0.49997330520670696 0.5000053377843853 0.5000052878299357 0.5000598597171206 0.5000016797261456 0.499991594262763 0.49999911397670815 0.4999881261613323 0.4999966460552603 0.5000650442096705 0.5000409033325081 0.5000497354183447 0.4999975781245544 0.5000036571187434 0.49999949987410164 0.5000026522696169 0.49992463132834225 0.4999852607785612 0.4999940016091649 
0.3260585066626858 0.4999943427479697 0.49996185340295796 0.49998093736184807 0.5000140994711314 0.50000563702375 0.5000358024227336 0.49999789032655806 0.5000203921787527 0.5000025231870256 0.5000249651218495 0.4999733383456473 0.5000021094481688 0.5000048927147588 0.5000598725866643 0.4999983623495774 0.49999037762415927 0.5000002170598153 0.4999881373246678 0.49999661034223003 0.5000660099814546 0.5000408963430064 0.5000268997590245 0.4999970607059196 0.49993926399476635 0.5000014261577926 0.5000020311959703 0.49992521671492873 0.49998523937820455 0.4999976233702058 
0.33055104670320246 0.4999998733691371 0.4999624756782355 0.4999833646992054 0.5000145586048813 0.5000054536260106 0.5000358257514059 0.4999976980987553 0.5000203942498879 0.5000025127031671 0.5000249270873717 0.4999733068666462 0.500002112412847 0.5000046555513282 0.5000598597171206 0.5000009405723631 0.4999903785811092 0.4999991604853964 0.4999881206493375 0.4999963990148692 0.5000649957276431 0.5000411192190097 0.5000261933700849 0.4999971581803948 0.499937928693118 0.5000013999768544 0.5000026168028331 0.49992519874270114 0.4999858137766914 0.4999940062895309 
0.3350557998163723 0.4999984706613235 0.4999621246711425 0.49998341305707306 0.5000147142267597 0.5000063917666783 0.5000359419701609 0.49999785146080683 0.5000190435208028 0.5000022229382128 0.5000247030241781 0.49997335954292066 0.500002396871356 0.5000053653727624 0.50005976458536 0.5000011450024935 0.49999065235213774 0.5000002479314634 0.4999889233160692 0.499996403112731 0.5000650190398496 0.500041054062836 0.5000497292828063 0.49999709404780657 0.500000693154301 0.500001923358768 0.5000022793611513 0.4999251971191236 0.4999859953096214 0.49999389442733927 
0.3395801778665297 0.4999902968159462 0.49996206642573193 0.4999836609212668 0.5000146453020529 0.5000063950307445 0.5000356236618005 0.4999976955601641 0.5000203943481369 0.5000024723055718 0.5000246807070616 0.49997301097447694 0.5000024531184848 0.5000044386262953 0.5000598568242842 0.5000016813126116 0.49999162229927485 0.5000008594340183 0.49998812609437404 0.49999639962993053 0.5000659897765376 0.5000410791498481 0.5000497354497537 0.4999975860873222 0.4999383618634411 0.4999991602432138 0.5000026571854388 0.4999246146130799 0.49998624583285 0.49999391627130135 
0.34405762859001904 0.49999850463997114 0.49996212974850957 0.49998335654180803 0.5000156609162442 0.5000054468861866 0.5000359083975994 0.49999785117882284 0.50001912929024 0.5000022172176631 0.500024522505909 0.4999733236840179 0.500002166188527 0.5000053867826195 0.5000598634189419 0.5000008943850865 0.499990483150115 0.5000049585085861 0.49998897219959204 0.4999963982082302 0.5000650297227826 0.5000408648249438 0.5000496941220146 0.499997029037165 0.5000003097533545 0.5000019914417804 0.500009422720796 0.49992462069647314 0.4999859934026781 0.49999388522598814 
0.34853085084701213 0.49999850537391094 0.49996249042393653 0.499983282359931 0.5000145911651617 0.5000054943014136 0.5000355994287639 0.4999978899180564 0.500020455460291 0.5000032738316532 0.50002450034557 0.4999732528553713 0.5000025056689037 0.5000053453639214 0.5000598633705573 0.5000011365598492 0.49999051711283976 0.5000046842293692 0.4999889157099743 0.49999660781216826 0.5000660019252142 0.5000411815413132 0.500049318433249 0.49999702845990784 0.5000002645374505 0.4999985869740885 0.500002116953491 0.4999251893007853 0.4999851665014136 0.49999398873852574 
0.3499992112380493 0.49999927452989373 0.4999624108161162 0.4999833821122862 0.5000140601175539 0.5000056111455385 0.5000358672332451 0.49999785396403645 0.500019211640325 0.5000021901587196 0.5000245378930294 0.4999733776855667 0.5000026565629939 0.5000043546107414 0.5000597956024992 0.500001131157878 0.49999173037501404 0.5000008902544956 0.4999882979790504 0.49999714467603323 0.5000653628242906 0.5000408870072939 0.5000282488056582 0.4999970825715964 0.500006550963168 0.49999913141594415 0.5000019781410975 0.49992516775110635 0.49998583079845804 0.49999392487883265 
0.40000745660342524 0.49999928344162353 0.4999621588384091 0.4999833924288 0.5000140531565183 0.5000055712388167 0.5000358761276442 0.499997887493476 0.5000192029180097 0.5000026427286329 0.5000246875256751 0.49997424445207905 0.5000026586984974 0.5000043583989996 0.500059744728322 0.5000010446742355 0.4999905008718827 0.5000002110708909 0.4999890835699639 0.49999691072124364 0.5000649734985442 0.5000410567393737 0.5000490515310134 0.4999977881254355 0.5000069061972708 0.5000021011707548 0.5000015412834844 0.4999251505577376 0.49998590207773325 0.4999938857353702 
0.4020415254211838 0.4999951936733548 0.49996163780554315 0.49998341362047855 0.5000162577430847 0.5000056515655774 0.5000359433790693 0.49999784654992424 0.5000203774772103 0.500002677415482 0.5000247034071742 0.49997426475649837 0.5000023935765834 0.5000043401600714 0.5000597358098301 0.5000011016869076 0.4999903581525875 0.5000002477560784 0.499986779780844 0.49999675055051335 0.500065993508214 0.5000414499748005 0.5000284298438789 0.49999776640328475 0.500005573413405 0.49999965475414765 0.4999980881672075 0.49992648117166105 0.49998590343006966 0.4999938927068348 
0.40646861201126816 0.4999953204494297 0.4999624672866016 0.49998338232126005 0.5000157486966001 0.500006314129448 0.5000361890309748 0.49999791049992504 0.5000201268519766 0.5000021474334366 0.5000251720682091 0.4999734184729534 0.5000024465980546 0.5000043851538591 0.5000597998440154 0.5000012513844969 0.49999046461567886 0.5000050278679401 0.49998829186332616 0.4999969226472091 0.5000649766438053 0.5000410375333009 0.5000274540246973 0.49999827564121774 0.4999995834520267 0.4999997184172671 0.49999691025323284 0.4999245365569929 0.49998590136484505 0.4999961265805876 
0.4108803547241199 0.4999993437936847 0.49996156683051063 0.4999832780792941 0.5000157370696645 0.5000055712389093 0.5000359276363247 0.49999767089127295 0.5000201545176968 0.5000026470579464 0.5000248290216173 0.49997388381951235 0.5000024388349606 0.500005310821423 0.5000597388164093 0.5000012545452629 0.4999915176339509 0.5000002557357852 0.49998663530689114 0.4999969321870005 0.5000651750576486 0.5000410106002738 0.5000497277745045 0.4999977497311794 0.49993824202060777 0.5000021003171304 0.5000025416188764 0.4999246287626813 0.4999851478207279 0.49999374580388145 
0.4152497664799902 0.4999951005078099 0.4999593432844253 0.49998349068235093 0.5000162680361785 0.5000064112016105 0.5000362096834009 0.4999976529612199 0.500020160233699 0.5000026861083547 0.5000252037210792 0.4999733947924076 0.5000028125660806 0.5000044320260784 0.5000597444711559 0.5000013635746383 0.4999915162381348 0.5000002108629544 0.49998890241484506 0.4999968994842449 0.5000659279012536 0.5000410554877464 0.500049815783058 0.49999778146011986 0.49993694996543736 0.4999996560884182 0.49999845340746285 0.49992648707188536 0.49998590061978415 0.4999971927606612 
0.41967169766736934 0.4999952423483346 0.49996164955864125 0.4999809203585551 0.500016256248157 0.5000056196969168 0.500035933976848 0.4999977482534939 0.5000202257932372 0.5000022030366766 0.5000247034071742 0.49997425152051794 0.5000023935765834 0.500004354656917 0.5000597439735744 0.5000011016869076 0.4999908426968769 0.5000002606540933 0.499986779780844 0.49999675055051335 0.5000653625833941 0.5000414499748005 0.5000283621641674 0.49999776215830893 0.4999011871585103 0.499999613839176 0.4999980881672075 0.49992651052511133 0.49998590343006966 0.4999938927068348 
0.4240786109437518 0.4999858690508339 0.4999616310076957 0.49998068341235496 0.5000141723972721 0.5000055075109339 0.5000366649636763 0.499997685092721 0.5000204379020045 0.5000022112792282 0.500024799306282 0.4999742517891074 0.5000024545585536 0.5000085068557141 0.5000597438163426 0.5000013646364762 0.4999915668183795 0.500000822145736 0.4999878982641409 0.49999689342016673 0.5000649733349406 0.5000414804613982 0.5000286356666533 0.4999984980974657 0.4999309923730979 0.49999971420137584 0.4999972196088196 0.4999244293642709 0.49998557611615574 0.4999931488408605 
0.42848631508935536 0.49999540094082273 0.4999624437012828 0.4999834288923216 0.5000143196430613 0.5000056845032335 0.5000362026963635 0.4999976718259661 0.5000200502169325 0.5000025185369534 0.5000246926105761 0.49997365738788974 0.5000024801238799 0.5000051220591444 0.5000597854795353 0.5000019289296416 0.499990584421681 0.5000002152480524 0.49998925627776936 0.49999693183987803 0.5000660894132233 0.5000410579866389 0.5000497340029694 0.49999832710849157 0.4999301474167733 0.500000553722293 0.5000018610376327 0.49992516725961805 0.499985793244859 0.49999385133038254 
0.4328113522126576 0.4999945550786143 0.4999621562617035 0.49998364986439553 0.5000146692901066 0.5000056951867736 0.5000358470850743 0.4999978556903084 0.50001916654947 0.500002207146112 0.5000246922026409 0.4999734469471083 0.5000024258661393 0.5000043441524774 0.500059744702569 0.50000195937298 0.4999904796574183 0.5000002485189965 0.4999883555312252 0.49999646108876883 0.5000650287244941 0.5000414848461884 0.5000497313946416 0.49999775173293065 0.49999261119882815 0.5000021062509755 0.5000020738045368 0.49992322856120264 0.4999858146928901 0.4999940860618787 
0.43720775625360675 0.49999520273528697 0.49996155762009403 0.4999808472594882 0.5000141207989186 0.5000056506424992 0.5000360161768908 0.49999767520544697 0.5000191477000405 0.5000021260482105 0.5000251717925308 0.49997425203335666 0.5000026269062374 0.5000042215890419 0.5000598064415158 0.5000013672207395 0.4999915705782532 0.5000002501525006 0.499988969010957 0.49999691265639684 0.5000649734284194 0.5000410508349328 0.5000279205393192 0.4999984870492875 0.5000070477533026 0.5000021833108822 0.5000102339853412 0.49992640297413016 0.49998590030716933 0.4999980871557578 
0.4415916085761501 0.4999949850923055 0.4999596760786254 0.4999833598715478 0.5000162340670852 0.5000055406288721 0.500037068448656 0.4999977272240629 0.5000204404861783 0.5000021315672012 0.5000247004223497 0.49997431236201406 0.5000025068811962 0.5000043430505074 0.5000598170498637 0.5000014278498826 0.4999915925357705 0.5000051263691944 0.4999865767637142 0.4999969391208988 0.5000652297577721 0.5000410748659646 0.5000497382895831 0.4999985297233669 0.49999992227979373 0.5000023096685084 0.4999972120040243 0.49992457814546226 0.4999859072323207 0.4999976240722287 
0.44589893274540837 0.49999552597019264 0.49995961911051123 0.4999832328203346 0.5000159448665589 0.5000021840190108 0.500035924117403 0.4999977753275084 0.5000201947597321 0.500002264615199 0.500025172656004 0.4999730098964508 0.5000053857374249 0.5000042574374657 0.5000598173854375 0.5000010812298227 0.4999907925378844 0.5000002116580579 0.499988071722394 0.4999960064667487 0.5000651908025446 0.5000409785565437 0.5000273347433463 0.49999759483743783 0.49993710504995625 0.5000063446679162 0.49999859695336235 0.4999238097228153 0.49998619356195334 0.4999963483177992 
0.44998527415572037 0.4999952170713583 0.4999621649274912 0.49998359283487953 0.5000142987506117 0.5000056504229156 0.5000358952803233 0.49999767519175137 0.500019160483524 0.5000021254535382 0.5000247012407123 0.4999734053966526 0.5000024012194002 0.5000043432742471 0.500059806379574 0.5000014286893717 0.49999048013597747 0.5000002486416167 0.49998650613591145 0.4999964660451097 0.5000649734196856 0.5000410298053295 0.5000287070721049 0.499998515339825 0.5000006695866042 0.5000020996206752 0.4999985015194975 0.4999264026982042 0.4999859005488602 0.4999976238639292 
0.5000056996635989 0.49999520252586716 0.49996193075927753 0.4999808298802813 0.5000142992222241 0.5000030587899834 0.5000359936989652 0.4999978468891444 0.5000191513664567 0.5000021254319945 0.5000251723034617 0.4999743251183759 0.500002426772897 0.5000043433878054 0.5000598004075756 0.5000013769898322 0.49999157720540555 0.5000001271563455 0.499986547309509 0.4999969286863187 0.5000649734187697 0.5000410298234435 0.5000285586259858 0.49999773321265817 0.5000002980634332 0.50000209790103 0.499998364662738 0.4999263503278878 0.49998590030485346 0.4999976238567521 
0.5012321836766345 0.4999980806866446 0.49996192302350667 0.4999835642168166 0.5000141760287741 0.5000055908471931 0.5000359921358565 0.49999803765353207 0.5000202175928896 0.5000021622810907 0.5000251792892207 0.49997432727253166 0.5000023337645216 0.5000041983137872 0.5000598000021358 0.5000012535350434 0.49999154836907683 0.5000000224951809 0.4999890814408646 0.49999663578167697 0.5000652497566296 0.5000410517694551 0.5000497017544604 0.49999846719878416 0.49993838250568223 0.5000020723633283 0.4999984666302023 0.4999247445730946 0.4999859946488358 0.4999977620756273 
0.5053797923383403 0.49999792181416874 0.49996205850910286 0.49998331272168994 0.5000142671877977 0.5000015307341936 0.5000357194376635 0.49999807634179555 0.5000192536659839 0.500002088811566 0.5000251896684903 0.4999743959052493 0.5000024743563123 0.5000080887705295 0.5000597939253418 0.5000014660563253 0.4999915798755397 0.5000001970308176 0.4999853772613312 0.49999693952492985 0.5000649661590416 0.500041062969913 0.5000286939705697 0.4999982964648371 0.4999383504022004 0.5000023912280909 0.49999732915490536 0.4999266020534048 0.4999858909929894 0.49999756047109506 
0.5095288008286921 0.49999783854599666 0.4999618568241971 0.49998354053951455 0.5000142982575485 0.5000029748725743 0.5000361669772424 0.49999767926432 0.5000204397775331 0.5000021633685825 0.5000251718377822 0.49997431318478613 0.5000024274482961 0.5000042818404602 0.5000598023956195 0.5000014334701085 0.49999227544901115 0.5000002820387098 0.49998834905113326 0.4999969906795804 0.5000649733721148 0.5000410296406447 0.5000497410882815 0.49999848023303595 0.4999372402875953 0.5000021902791533 0.4999983660711905 0.499923802175844 0.49998590030946893 0.499997565876877 
0.5136857939823827 0.4999952205320679 0.4999592524577255 0.4999832883495302 0.5000163352075733 0.5000031158441018 0.5000364976673329 0.49999806427291665 0.5000204161053542 0.5000032133371993 0.5000254739285113 0.4999734258251076 0.500001934682002 0.5000055316344113 0.5000598229324541 0.5000015082980913 0.4999915320868338 0.5000007551973257 0.4999865662529713 0.4999963837651635 0.5000649732383756 0.5000410826549778 0.5000496917195714 0.4999976056373015 0.4999365307543517 0.49999998334351964 0.4999984108412564 0.4999248639100921 0.4999859983344583 0.4999943210886536 
0.5178048061571237 0.49999504610275947 0.4999618084768597 0.49998121735120865 0.500014081865798 0.5000056407459005 0.5000361571116543 0.49999789174987325 0.5000201668621124 0.5000021207275474 0.50002546917717 0.49997303337829174 0.5000023803198327 0.5000041635080137 0.5000597619546777 0.5000019525900576 0.49999156895535146 0.5000002010394612 0.49998780710940943 0.4999966324588002 0.500065946448052 0.5000410642511289 0.5000497290037652 0.4999984811497815 0.50000806283649 0.5000008750242548 0.4999984807471409 0.49992645472454217 0.49998598728069693 0.49999388352129653 
0.5219287527421527 0.49999791942234517 0.4999592734347761 0.49998094340357735 0.5000140115543942 0.5000063831900975 0.5000365426809542 0.49999806273504666 0.5000201683414595 0.5000025280462338 0.5000254742049054 0.49997306001969194 0.5000024735995635 0.500004243704318 0.5000598006945837 0.5000018754947773 0.4999915791914148 0.5000002010843817 0.4999865541201826 0.499996610631858 0.500064972660744 0.5000410629861882 0.5000299639696197 0.499998515581403 0.4999365852307149 0.5000023335065192 0.4999985198810551 0.49992385457297267 0.4999858866849048 0.49999762415895793 
0.5260360978202221 0.4999950465946189 0.4999616643267353 0.49998335053243703 0.5000141608007307 0.5000056407064638 0.5000361889488109 0.49999789318550053 0.5000201727780028 0.5000025379642223 0.5000253695102171 0.49997304762994216 0.500002456160555 0.5000036027928325 0.5000597629269772 0.50000192565736 0.4999915355860577 0.5000002737809095 0.4999888757449476 0.49999663651045684 0.500064984184368 0.5000410642625848 0.5000304067674872 0.4999984841575761 0.49993637758706533 0.4999997075855924 0.500002075842271 0.49992646909194466 0.4999858849935714 0.4999977174124264 
0.5301055519801454 0.49999527184657305 0.4999616136807295 0.49998336141071686 0.5000141821460733 0.5000055906577072 0.5000358893413668 0.4999978506615754 0.5000202175928896 0.5000021616111016 0.5000251793468302 0.4999734053667684 0.5000023337645216 0.5000042016612224 0.5000598061829239 0.5000012535350434 0.49999154836907683 0.5000000156340964 0.499989039393201 0.49999692703991455 0.500065247032018 0.5000410643589376 0.5000497317776249 0.49999846719878416 0.4999387380681273 0.49999985676774805 0.4999984666302023 0.4999247445730946 0.4999860024405053 0.4999977620756273 
0.5341396194515313 0.4999950387577647 0.4999618084556245 0.49998118244047385 0.5000162961067388 0.5000056371778693 0.5000361644093129 0.49999793244688856 0.5000202118643026 0.5000031968558053 0.5000254738375568 0.4999730389766533 0.5000024765468023 0.5000042619888333 0.5000597621807986 0.5000011343548167 0.49999156852750753 0.500000200206001 0.49998820440270475 0.4999966365949399 0.5000649611271227 0.5000410642520355 0.5000497285824774 0.49999833985219366 0.5000089407820506 0.5000005382557505 0.5000024398128933 0.4999265175603707 0.4999859874046092 0.49999778564818886 
0.5382024829338914 0.49999506339608557 0.4999616726184946 0.49998101627185876 0.500014207014831 0.5000055060252655 0.5000361499979908 0.49999788676972035 0.5000201675651456 0.5000025029831406 0.5000252767232121 0.49997305895537125 0.5000024770038516 0.500003518830254 0.5000597608422666 0.5000021216117495 0.49999152233191424 0.50000041985173 0.499988265182192 0.4999965740398944 0.5000652896295971 0.5000410311397785 0.5000497316006807 0.4999985135359638 0.5000083382518621 0.5000009786813795 0.5000024392090024 0.4999249802040594 0.4999858792487528 0.49999759285318823 
0.5422137885751099 0.49999811631745716 0.49996161396301414 0.4999810548466425 0.5000143330746095 0.5000031532190145 0.5000362464816774 0.4999976586882144 0.500020167461594 0.5000024931598283 0.5000251826435905 0.49997356797729026 0.5000024977072415 0.5000055452556753 0.5000598004765083 0.5000014667470074 0.499991540975337 0.5000001149195833 0.4999882479865178 0.4999966464653985 0.5000649635320858 0.5000410729083157 0.5000496096104498 0.49999847274546444 0.5000087578449378 0.49999907601210497 0.4999985094968427 0.499924794893116 0.49998599924805165 0.4999961105357068 
0.5462278415466971 0.4999952863610079 0.4999621849540207 0.49998086768646094 0.5000143353832706 0.5000056366886217 0.5000362159711986 0.4999963646944843 0.5000202146277305 0.5000025052244244 0.5000254803329209 0.4999730779084668 0.5000024357738757 0.5000036425776901 0.5000598007710916 0.5000019147767937 0.4999916255529102 0.5000004476785801 0.4999890171026466 0.49999769236581876 0.5000652533238324 0.5000410734209102 0.5000497339288645 0.49999847274533565 0.5000089713990044 0.49999908525467196 0.4999970446301863 0.4999248129051722 0.4999853316659629 0.4999975972810916 
0.5499936437715661 0.49999503825640557 0.4999618084556245 0.4999811827918256 0.5000141567745702 0.5000056406661616 0.500036169601945 0.4999978930527979 0.5000201668893007 0.5000025445965859 0.5000254750869844 0.49997304764871664 0.5000024765468023 0.5000036043436121 0.500059762209042 0.5000019258230313 0.4999915686629196 0.5000002737864319 0.4999891670017531 0.49999663656250626 0.5000649606640394 0.5000410642581037 0.5000497290030448 0.4999983397275282 0.5000089407820506 0.5000008764523987 0.5000025667001564 0.4999264946054967 0.49998598882863204 0.4999977189110066 
0.6000039151659285 0.49999506649816805 0.49996160105870996 0.4999838189224462 0.5000143195041981 0.5000059344273394 0.5000362264889722 0.49999815036591383 0.5000201667886707 0.5000025455176383 0.5000254738748717 0.49997304898872924 0.5000024765447715 0.500005378350227 0.5000597639244505 0.5000019265247198 0.4999915411544637 0.5000004515769088 0.4999891664670313 0.4999972270530578 0.500064960963009 0.5000410729152468 0.5000293142757027 0.4999983362648225 0.500008993077526 0.5000008757334865 0.5000024954765334 0.4999264444150914 0.4999859879193567 0.4999985850389808 
0.6007214024764669 0.4999981692725106 0.49996159999036016 0.4999808625513393 0.5000143209610142 0.5000055740707621 0.5000361894531539 0.4999979111896566 0.5000202410731538 0.5000025117322594 0.5000246758463989 0.4999730759917416 0.5000024761617541 0.5000035866157427 0.5000597619398889 0.5000019549125299 0.49999190961828544 0.500000226140299 0.4999891540004103 0.4999966364717669 0.5000649577269062 0.5000410635545051 0.5000479882119825 0.49999843590803056 0.5000033288652904 0.5000006678394698 0.5000007185503423 0.4999265004727538 0.499985994916089 0.4999977422139261 
0.6045209837701485 0.49999470627012366 0.499958955084287 0.4999808692336643 0.5000162645591562 0.5000059370743798 0.5000369830047149 0.499996278915874 0.5000196842214407 0.5000025043679173 0.5000252833070837 0.4999731433076792 0.5000025088459925 0.5000077365118094 0.5000599441650013 0.5000019240744943 0.49999149729676134 0.5000000998700942 0.49998924011981893 0.4999972087657112 0.500065013176758 0.5000410730182473 0.5000286927549842 0.49999787804664414 0.5000046251084121 0.500000370894379 0.5000016708579058 0.4999266082442463 0.4999859494303644 0.4999985448583762 
0.6082371137695516 0.49999508017098365 0.49995928353738367 0.4999844654051057 0.5000161538531657 0.5000056865552703 0.5000361372487823 0.499997936519583 0.5000202383659003 0.5000025041933445 0.5000251715252029 0.499973877475096 0.500002446085922 0.5000035615558973 0.5000598007673811 0.5000018141201668 0.49999083822904516 0.49999996387494605 0.49998801604174764 0.4999966464852791 0.5000649634089462 0.5000410692146828 0.5000497820727255 0.4999983270854114 0.5000051138569584 0.500000959920387 0.5000018835971372 0.49992499855185113 0.499985989028467 0.4999977435734112 
0.6119819369026269 0.4999951001546353 0.4999617023802265 0.499980810580863 0.5000157475614782 0.5000094987317275 0.5000361910028531 0.4999963028541106 0.5000202388541305 0.5000025298443598 0.5000251710441271 0.49997388366322854 0.5000024458094492 0.5000087554615354 0.5000599482633098 0.5000019171277439 0.49999081909403065 0.49999996390631934 0.49998796917822047 0.4999966202814116 0.5000649601230461 0.5000413858858896 0.5000497193724899 0.49999829722687755 0.5000056793006141 0.5000006873018237 0.4999941555044963 0.4999243918787707 0.4999859922595018 0.49999616356019344 
0.6156848241459629 0.4999950424576546 0.49995931623139767 0.4999812449469491 0.5000161173975626 0.500005618933254 0.5000361463796723 0.49999794397874786 0.5000202403064732 0.5000032243430179 0.5000255103010861 0.4999738922976874 0.500005947873136 0.5000086715377057 0.5000601516027932 0.5000019326873366 0.4999917799180277 0.5000000409141153 0.49998902130212275 0.4999972231793675 0.500064969282135 0.5000410730913192 0.5000497397213 0.49999778529068606 0.49993382667327096 0.5000006427917205 0.49999846112903495 0.4999248477989201 0.4999858228706887 0.4999973096472148 
0.6193779610867651 0.4999946956116452 0.49996175171153867 0.4999809909378524 0.5000161180887838 0.5000059453089715 0.5000369306895681 0.4999982749470833 0.5000190832463168 0.5000023358746983 0.5000252822322838 0.4999732994731232 0.5000023118657344 0.5000036832399798 0.5000598017657104 0.5000021523921239 0.49999190007721594 0.5000009624299225 0.49998798964740304 0.49999716277784073 0.5000650412502293 0.5000410643870485 0.5000489085218279 0.49999798572639265 0.5000089951143036 0.500000697973944 0.499999926566833 0.49992654720433954 0.4999860330884178 0.499998246660513 
0.6230851619895109 0.49999468769602445 0.49996160094361813 0.4999837019949321 0.5000154307071022 0.5000059374943194 0.5000362263071022 0.49999627256961887 0.5000201680654118 0.5000024789591102 0.500024618166892 0.4999732942049498 0.5000024663438434 0.5000042774528348 0.5000598170912509 0.5000019084522891 0.4999919494596925 0.5000061761971426 0.4999879532579755 0.4999969233359293 0.5000650152012466 0.500041072907621 0.5000286200999198 0.49999769415406536 0.4999309333924933 0.5000008476601635 0.5000024657707504 0.4999266347181912 0.49998593634353194 0.49999854368037233 
0.6267825141068489 0.49999471525268613 0.49996175181730523 0.49998086589027824 0.5000154526952293 0.500005968071314 0.5000361621107194 0.4999957592958588 0.5000204723616823 0.5000025059300347 0.5000245752824697 0.4999732995188262 0.5000024862385064 0.5000042995512468 0.5000598031003554 0.5000007623679619 0.4999918874829853 0.5000002744025709 0.49998795146331254 0.4999965948952597 0.5000649357063724 0.5000409870185804 0.5000285091033964 0.4999970818930575 0.5000045949875376 0.5000009072049237 0.5000026925555789 0.49992664288459493 0.49998581773981404 0.49999339794510705 
0.6303678633164498 0.4999948376548124 0.49996159982913907 0.4999809447532762 0.5000154972569921 0.5000056684450467 0.5000359238102613 0.49999627713074807 0.5000201691928212 0.5000024750741295 0.5000254738494131 0.49997309388794614 0.5000024757341666 0.5000035953401293 0.500059801226476 0.5000018481893285 0.49999153795327633 0.49999991471591787 0.49998849178951815 0.4999972134266959 0.5000649577088752 0.5000410725358179 0.5000295684631627 0.49999836615035426 0.5000230463988605 0.5000012623798441 0.5000007208777543 0.4999249752481837 0.4999859382019558 0.49999774218685866 
0.6339919692333421 0.4999950992551269 0.49996159589132433 0.499980113371112 0.500016030086176 0.5000094734553502 0.5000369250425847 0.49999794396665537 0.500019668959135 0.5000024753735229 0.500025505338321 0.49997390236426703 0.5000060862467978 0.5000034161602472 0.5000597975177692 0.5000019165278734 0.4999915379170365 0.5000000595508284 0.49998904197248956 0.49999641573941994 0.500065280911689 0.5000406178196966 0.5000496891087649 0.49999794860509006 0.4999329627958622 0.49999998016218633 0.4999982445024475 0.49992484176576957 0.49998582206334224 0.49999759902524743 
0.6375961833595933 0.4999981919925769 0.49995921176915686 0.49997872423760287 0.5000153883226888 0.5000155755871606 0.5000369674961145 0.49999814225065986 0.5000201551638951 0.5000024618049208 0.500024655040729 0.4999735356918935 0.5000057375181612 0.5000076763329537 0.5000599471168448 0.5000008048665576 0.49999148346470235 0.4999999955469524 0.49998908849752227 0.499997171102258 0.5000652680610338 0.5000410296725638 0.5000497189449227 0.49999764859718854 0.4999307365016319 0.5000003782795135 0.4999943465027424 0.49992442138111853 0.4999850933465611 0.49999621720824816 
0.6412137118454403 0.4999916806990743 0.4999594084827564 0.4999809986286548 0.5000162470608075 0.5000059774936706 0.500036940196567 0.4999958408447412 0.5000197043776285 0.500003458533341 0.5000252756162363 0.4999730466255822 0.5000026354945485 0.5000035602321289 0.500060099101295 0.5000018138532168 0.4999919000068057 0.5000002246847653 0.4999879341435429 0.49999719864549685 0.5000650405575786 0.5000409855084671 0.5000497472515488 0.4999980988769933 0.5000036823365414 0.5000129765914945 0.5000007955172859 0.49992655744363657 0.49998589322103737 0.4999971358390061 
0.6447711754135597 0.4999916941452503 0.4999615397074643 0.4999801007902607 0.5000155280200469 0.5000056200679703 0.5000362689549704 0.49999629166221105 0.5000198404792915 0.500002040392148 0.5000245609082657 0.4999738293870743 0.5000024642754584 0.500003145098533 0.5000599410497951 0.5000019175608859 0.4999908338527875 0.5000003652673134 0.4999883185262217 0.49999665253393083 0.5000649316160708 0.5000409201453732 0.500049498608567 0.4999972854422466 0.49993410354686235 0.4999993021273818 0.50000011521607 0.4999248407666431 0.4999848453327345 0.499998465367234 
0.648337474606635 0.4999917556634013 0.4999593965722092 0.4999809967147468 0.5000153905967187 0.5000096267230688 0.5000359495954434 0.49999571738924675 0.5000196807099585 0.500003458533341 0.5000252736434531 0.4999730466255822 0.5000024656206996 0.5000035700119368 0.5000597742512715 0.500001372466271 0.49999191713660734 0.5000003034469285 0.49998792196893843 0.4999971972588694 0.5000652589833817 0.5000410628047304 0.50002859215894 0.49999808442069593 0.5000087223409286 0.5000119572657798 0.4999987982034842 0.4999266375411504 0.4999858627168755 0.4999971440256361 
0.6499961835103406 0.4999950657902337 0.49996175185369357 0.49998094072328086 0.5000155738178274 0.5000059695100912 0.5000369305532676 0.4999958532054372 0.5000192539246566 0.5000025000680823 0.5000246689342929 0.49997330969251086 0.5000024717910052 0.5000043108314264 0.5000598012224055 0.5000008319866709 0.4999919091575632 0.5000009625338451 0.49998905976879565 0.49999667945374326 0.5000653072528818 0.5000409849828974 0.5000285107005867 0.49999823375890273 0.5000042531300692 0.5000008478392597 0.49999995353093524 0.4999268994746129 0.499985906948708 0.4999983591485682 
0.7000005927406551 0.49999479126876617 0.49996178484468556 0.49998094229354756 0.5000153878270492 0.5000012921495914 0.5000358716719105 0.49999627686775533 0.5000196994047892 0.500002472742062 0.5000246541529921 0.49997382226056813 0.5000024656186979 0.5000076776612852 0.5000597740052863 0.5000008273433971 0.4999914962088213 0.5000061620286261 0.4999890638529788 0.4999971736479889 0.5000652688886014 0.5000409843673392 0.5000285063144965 0.4999976923761709 0.5000049729065635 0.49999930199642045 0.4999987815248679 0.4999266348532226 0.4999859069961635 0.49999625218906923 
0.7028527601636361 0.49999475764217954 0.49996178440271705 0.49998098036196686 0.5000154392853763 0.5000021712186539 0.5000370182999926 0.49999568525599436 0.500020467487787 0.5000025178288301 0.5000281793511073 0.4999735715584219 0.5000060580682782 0.5000036901825098 0.5000597989283883 0.5000007891498641 0.4999918998315691 0.5000061296342998 0.49998797741272905 0.49999612741475896 0.5000650733746705 0.5000411911710562 0.5000497271405377 0.4999970707476368 0.500023172916258 0.5000008725938603 0.49999992276489447 0.4999265016599341 0.49998486442777407 0.49999843255756193 
0.7061149422370566 0.4999917987965686 0.4999616021156655 0.49998013037537703 0.5000157220141286 0.5000018535870457 0.5000365303399137 0.4999980469931386 0.5000201893255708 0.500002520537179 0.5000253249887886 0.49997310237670567 0.5000053486749697 0.5000036754511276 0.5000598256606592 0.5000007425950883 0.4999919065726439 0.5000051816394765 0.4999881888316271 0.4999965889111997 0.5000651135606617 0.5000409975949827 0.5000497268436342 0.4999936177638806 0.4999313074689542 0.5000016440228799 0.49999965694572085 0.49992423353843823 0.49998483276683275 0.4999948997277031 
0.7093261958700144 0.49999484809529166 0.49996179383834044 0.4999805282153418 0.5000160600346872 0.5000012268726561 0.5000365564222243 0.49999804790779506 0.5000201796182063 0.5000024725618589 0.5000252994981902 0.4999736369637912 0.5000024866471421 0.5000034856169112 0.5000597993871921 0.5000018653074011 0.49999143386836875 0.4999997532356311 0.4999879563772135 0.49999661733182305 0.5000652691048434 0.5000409976026874 0.5000496945192636 0.4999977081921124 0.4999344665449406 0.49999928636275537 0.4999996729711425 0.4999265864890763 0.4999859458068411 0.4999962747627281 
0.7125636079871854 0.49999479126876617 0.4999617725840809 0.49998052505377066 0.5000153878270492 0.5000020594318668 0.5000358716719105 0.49999627686775533 0.5000196960427933 0.500002472742062 0.5000246541529921 0.49997382226056813 0.5000024656186979 0.5000076776612852 0.5000597957549783 0.5000008273433971 0.49999185611812136 0.5000061616721191 0.4999890638529788 0.4999971736479889 0.5000652688886014 0.5000409843673392 0.5000285063144965 0.4999976919157473 0.5000049729065635 0.49999930199642045 0.49999988477500773 0.49992663622423417 0.4999859069961635 0.49999625218906923 
0.7157710714612467 0.49999481166104476 0.49996178296257293 0.4999808870339074 0.5000141985674149 0.5000015798422854 0.5000357291743301 0.499998062700789 0.5000192468190493 0.50000247353835 0.5000247865392414 0.49997310510580034 0.500005342474535 0.5000038364263055 0.5000598023914823 0.5000018434455265 0.4999914774941388 0.5000061170951261 0.49998678819902725 0.49999718548893357 0.5000652672142312 0.5000405927429963 0.500028623379089 0.49999829997748196 0.4999351961047442 0.500001071322811 0.4999970390668693 0.4999265593592593 0.49998593230557675 0.4999963165859876 
0.7189720429085636 0.4999983027638485 0.4999625781171737 0.49998327834547657 0.5000148845933128 0.5000061135857029 0.5000362279824234 0.4999962769190233 0.5000203910992962 0.500002389077106 0.5000256795961033 0.4999736174211054 0.5000025423442822 0.5000037578603155 0.5000597935562302 0.5000012118290577 0.4999919523195367 0.5000050971562812 0.49998675328177666 0.4999966091573818 0.5000649626718876 0.500041001298475 0.5000284541529045 0.4999975430700569 0.49999968078119184 0.49999921901259714 0.4999995399734753 0.4999246285000417 0.4999851850077826 0.4999983770597437 
0.722143313722459 0.499991686214988 0.4999615589604197 0.49998010432331924 0.5000155577798049 0.5000017697833816 0.5000357864592283 0.49999862051063937 0.5000203921425813 0.5000025099276376 0.5000257557549349 0.49997355248584363 0.5000024641119211 0.5000036816732274 0.5000597989604787 0.4999984488112317 0.49999108267652503 0.500005728645047 0.49998678684065617 0.4999971510333472 0.500066127307632 0.5000410290562681 0.5000502795770131 0.4999976553334449 0.500023413775569 0.5000016501121307 0.5000000569239228 0.4999251109798286 0.4999858936008852 0.4999985551921825 
0.7252860630455031 0.4999951702101393 0.49996217109029695 0.49998327814658333 0.5000141037306235 0.5000012778810966 0.500035855523372 0.49999787988574595 0.5000192200222862 0.5000019434833234 0.5000253117236071 0.4999733423603849 0.5000056941447214 0.5000042939094541 0.5000597950296527 0.5000020304254036 0.499991953001456 0.5000002502458184 0.49998921800507806 0.4999971725800891 0.5000652684706411 0.5000410053822851 0.5000295645259937 0.49999768873051564 0.49993585001681073 0.4999995715409136 0.49999731543780024 0.4999267761743277 0.49998329033579214 0.49999856222950523 
0.7284380458380977 0.49999840899945774 0.49996162219141427 0.49998095681839844 0.5000141885143411 0.5000018189200912 0.5000365731391142 0.4999987056644901 0.5000208538118553 0.5000021393000854 0.5000252156403847 0.49997363122025934 0.500003693760596 0.5000040843271136 0.5000597972153684 0.5000008927488311 0.4999914479574528 0.5000053300735435 0.4999868228696371 0.4999966007952832 0.5000649641790621 0.5000405992835002 0.5000304836158703 0.49999411819842005 0.49993900048499074 0.5000017988811069 0.5000022200853925 0.49992592744203995 0.4999859502519706 0.49999606096509247 
0.7315655388490612 0.4999948381125714 0.4999617364768381 0.49998103202817396 0.5000148917186868 0.5000059732291384 0.5000358646016438 0.49999786593154744 0.5000196993210226 0.5000021286436427 0.5000259529403768 0.4999738273933394 0.5000057639874826 0.5000042767653868 0.5000599527485604 0.5000011178521947 0.49999149886028466 0.5000004862647179 0.49998795582754807 0.49999696790045395 0.5000659813668925 0.5000406185586257 0.500050275255713 0.49999768984092824 0.5000241396170652 0.5000011471067345 0.4999940140021097 0.49992653548149024 0.49998590329265474 0.4999938853812182 
0.7346494391574585 0.499991722133403 0.4999616000426408 0.49998068621625885 0.5000142580298494 0.500002345594612 0.50003655027293 0.49999801655338794 0.5000204969872144 0.5000021222790905 0.5000251799240948 0.4999736988182651 0.500002442575301 0.500005712943484 0.5000598180947989 0.499998113503053 0.4999914645906635 0.5000052747428722 0.49998681015824115 0.499996945522992 0.5000651205808239 0.5000410008954557 0.5000497644045092 0.49999824603797793 0.4999407402164795 0.4999997254989626 0.5000031280469576 0.49992420955673117 0.49998558401949633 0.4999972555939575 
0.7377404249395815 0.4999939714236718 0.4999616157548861 0.49998090039128557 0.5000149310491567 0.5000018177054597 0.5000359044934768 0.4999962450107779 0.5000192142717007 0.5000026364865939 0.5000257247726184 0.49997332640546355 0.5000028740074535 0.5000037631032291 0.5000597964207117 0.5000008837955456 0.499991437699945 0.49999993864925063 0.4999867538507872 0.4999966102185225 0.5000650732682367 0.5000405620490963 0.5000302550388819 0.4999976835810698 0.5000005426681563 0.5000002790253943 0.49999646927068153 0.4999267091483696 0.4999859444539195 0.49999607268369717 
0.740826320205205 0.49999843371925096 0.4999615702033911 0.49998338542664394 0.5000154693895238 0.5000099123842551 0.5000359469498501 0.49999765105456734 0.5000201679092988 0.5000033015713983 0.5000257130138395 0.49997384287990193 0.5000051983798879 0.5000037589044167 0.5000599494180163 0.5000018758424049 0.49999165130165585 0.5000051527661659 0.4999867937933642 0.4999966335873017 0.5000650739662269 0.5000410640720427 0.5000284858689958 0.4999979225224285 0.4999994406462469 0.500000847428802 0.49999460735204937 0.4999259565150496 0.49998589455158365 0.4999961214418159 
0.7438701327875893 0.49999715540692774 0.499959443853725 0.4999804966457938 0.50001589837147 0.5000017289820156 0.5000367928906273 0.4999962521610554 0.5000206298296722 0.5000021323564319 0.5000253385790671 0.49997401749696163 0.5000039129370436 0.50000477315851 0.500059796586122 0.500003808966639 0.4999914537241231 0.5000000750398303 0.49998795365274956 0.49999715848409315 0.5000651094357368 0.5000409847174843 0.5000497401419947 0.4999976965125076 0.500022440345396 0.5000017421677928 0.4999997741298854 0.49992414601633983 0.49998594054981843 0.49999867857567293 
0.7469425960056248 0.49999713298510573 0.4999616221379379 0.49998095709566714 0.5000148320899915 0.5000056879367154 0.5000367703651 0.49999789162443325 0.5000207581758458 0.5000026433416773 0.5000253385790671 0.4999740177011422 0.5000019667449478 0.5000049598036204 0.5000597964047852 0.5000038663138187 0.4999907763261921 0.49999997032901844 0.4999880294592755 0.4999965772533976 0.5000649884205494 0.5000410670062646 0.50004969462769 0.49999819420746494 0.4999353891400076 0.5000017421677928 0.4999971168090113 0.49992407740194783 0.49998593858128637 0.49999679540805664 
0.7499444782919759 0.49999504385861293 0.49996165381635693 0.4999808989439318 0.5000142752154644 0.5000021394494475 0.5000357944156416 0.499997893582685 0.5000192451863963 0.5000019472293654 0.500025754863525 0.49997304948889254 0.5000037821296548 0.5000042044709038 0.5000597964497309 0.5000012161910509 0.49999195910016636 0.5000062033579745 0.49998910590485146 0.49999660379092303 0.500065120108719 0.5000405836214404 0.5000500162775101 0.49999768556434443 0.4999998045142154 0.500001718229438 0.49999975416792364 0.4999259858728324 0.499985945815761 0.49999603165242523 
0.7499993224438395 0.4999950328731505 0.499961622203015 0.49998090170195353 0.50001482753365 0.50000195418332 0.5000358903120882 0.49999789358225377 0.5000192451863963 0.5000019454802668 0.5000257197102148 0.49997304948889254 0.5000037851723342 0.5000042030609386 0.5000597964497252 0.5000010807473494 0.49999144139904567 0.5000060548394676 0.4999890236254066 0.4999965767348686 0.5000651201095069 0.5000405869368036 0.5000282414863458 0.49999768556434443 0.500000281648675 0.5000017174233043 0.4999972673429906 0.4999259859550329 0.4999859386308241 0.49999680822763887 
0.8000020212304677 0.4999955764440598 0.4999617326980941 0.49998094534248855 0.5000142742834155 0.5000017493135119 0.5000358972866848 0.49999789311413684 0.5000192563369045 0.5000021210260744 0.5000251712970679 0.49997305845736767 0.5000037214910845 0.5000041696162446 0.5000597873608222 0.5000011025627126 0.49999143174150434 0.5000001956933866 0.4999867968169581 0.4999969242049098 0.5000651200453353 0.5000410784706636 0.5000293119043857 0.4999982456422713 0.5000002939132374 0.500001718231026 0.5000023003769039 0.49992598511721803 0.4999859228153345 0.49999615658967567 
0.8016225101171452 0.4999955764440598 0.4999617304898514 0.49998094534248855 0.5000142742834155 0.500001784131298 0.500035899280764 0.4999978931101716 0.5000192563369045 0.5000021317689641 0.5000251691039822 0.4999730563755737 0.5000038849720094 0.5000035919094735 0.5000597964053124 0.5000010864424984 0.49999143179949945 0.5000001490001644 0.49998679287000036 0.4999969242049098 0.5000651202024627 0.5000410784717687 0.5000293119043857 0.49999857963787186 0.5000002939132374 0.5000017083689045 0.5000015782503454 0.49992598103493596 0.4999859440143818 0.49999506828121376 
0.8043740144691298 0.4999982580726403 0.4999611413669787 0.4999833631937528 0.5000141391270547 0.5000018192019036 0.5000366147151305 0.4999978936407457 0.5000207324281447 0.5000021717206548 0.500025168110798 0.4999736301529692 0.5000017367336524 0.500004161746404 0.5000597964054069 0.5000012935996371 0.4999917265301056 0.5000002253112857 0.4999890802696699 0.49999623013779726 0.5000651252593328 0.5000410607633317 0.5000300207935258 0.4999982477383206 0.4999404495307549 0.4999968312097711 0.5000024892348869 0.49992663771765816 0.49998597160249086 0.49999615750734044 
0.8070863194536958 0.4999981533628583 0.49996167789543794 0.4999820693400027 0.5000163149457376 0.5000025723388412 0.5000366893893178 0.5000013883035808 0.5000192153764459 0.5000024552063946 0.5000258107816428 0.49997382650285793 0.5000036023768791 0.5000041295813575 0.5000597971444909 0.500001059742456 0.4999914031597742 0.5000000665720475 0.499983739946242 0.5000018305385593 0.500065119669394 0.5000405741893024 0.5000499965984729 0.4999940669386436 0.49993846583963014 0.499999091398193 0.5000023676427862 0.49992601282811466 0.4999859532658001 0.49999612546702366 
0.8097595092226687 0.499998534172219 0.4999616357603324 0.49998090315662114 0.5000142122275845 0.5000017767601375 0.500036550948692 0.4999961866499902 0.5000192447790868 0.5000034976656219 0.5000251753745906 0.499974222698597 0.5000027744643533 0.5000036017223072 0.5000597978213384 0.5000010864601445 0.4999916712290014 0.5000000663009857 0.49998578640868946 0.49999615785985707 0.5000651054887681 0.500041060856685 0.5000492454117335 0.4999977862789382 0.49993748853115055 0.49999910445120765 0.5000007509354973 0.499925961490626 0.4999849761870681 0.49999843985909076 
0.8124449359741936 0.4999939216004187 0.4999617394810882 0.4999809539775659 0.500014272760082 0.5000018478477991 0.5000358225315787 0.49999767870496303 0.5000206639823874 0.500002184763149 0.5000258722547642 0.49997379847120843 0.5000037154081636 0.5000044703684237 0.5000597770547781 0.5000019860307514 0.4999915153532502 0.5000002804015529 0.49998887028680905 0.49999661859967975 0.5000649901217588 0.500041061745291 0.5000493226370375 0.49999823601320187 0.4999374654712372 0.49999880790417756 0.5000027589176523 0.49992601312582013 0.49998590334735504 0.499997123208518 
0.8150994289628261 0.4999982013736767 0.4999615242579546 0.49998130410089264 0.500014275659211 0.5000016058759427 0.5000358409901525 0.4999978924152785 0.5000206608875206 0.5000021211537824 0.5000248255595773 0.4999738477736926 0.5000037240652777 0.5000041838247535 0.5000597867298677 0.5000019545194742 0.4999914268486857 0.5000054305397761 0.49998889597901025 0.4999964969841417 0.5000652167869108 0.5000405834653584 0.5000496933185041 0.49999777705108944 0.49993728313064667 0.49999884171591424 0.5000022945621201 0.4999266294861682 0.49998592278759113 0.4999961835119449 
0.8177571791765197 0.49999847426674365 0.4999618575860736 0.4999806709798126 0.5000162609495835 0.5000017869971493 0.5000358714022269 0.49999761283565414 0.5000204784128273 0.5000032042512205 0.5000251847413115 0.4999737698688285 0.5000023079121836 0.5000041844565053 0.5000597963677496 0.5000012211920456 0.4999904059186488 0.5000002429349996 0.499989048835401 0.4999966072535207 0.5000652172763861 0.500041030342521 0.5000496918462706 0.49999824727432307 0.49990327453867006 0.5000019221630562 0.4999986583913685 0.49992451123598686 0.49998589822233386 0.4999970950088123 
0.8203879581019633 0.4999935761578334 0.4999591724703305 0.49998046973115967 0.5000143099120856 0.5000036442626562 0.5000367910595243 0.49999766876468377 0.5000205032015456 0.5000021460823122 0.5000251369557294 0.49997223063230145 0.5000037866862627 0.5000041831864519 0.5000597548738873 0.5000013229199864 0.499990341426614 0.5000002402208467 0.49998812786998553 0.49999659702113014 0.5000649787907764 0.5000410597296587 0.5000500570155338 0.4999977208307971 0.49993616318134765 0.4999988449108682 0.49999647515199286 0.49992415087085196 0.49998517093937117 0.49999508139816146 
0.8230286254818838 0.49999518169227025 0.4999616818786031 0.4999812513466282 0.5000141906744497 0.5000018255507115 0.500036918471408 0.49999764463574686 0.5000204036611339 0.5000022858061653 0.500025177392772 0.49997360660507606 0.5000037239620335 0.500004317908259 0.5000597999200262 0.5000019867672637 0.49999017268691226 0.5000000659433795 0.49998359246661567 0.5000018286163757 0.5000649807078853 0.5000405782408569 0.5000225474466925 0.49999824517840014 0.4999385562547282 0.49999682211895835 0.4999974307313677 0.4999263738663282 0.4999859362672831 0.4999961220667971 
0.8256113347059526 0.4999897358398926 0.49996172769044983 0.4999804491264678 0.5000142706115251 0.5000017515387885 0.5000369194287333 0.49999788438864357 0.5000191888791257 0.5000026204049408 0.5000252204355665 0.4999738380847895 0.5000038829532835 0.5000042553493487 0.5000597580796368 0.5000013197767332 0.49999145573514997 0.5000002823067414 0.49998863518476255 0.49999660050530836 0.5000649793778146 0.5000410777199279 0.500050055442701 0.4999981546506438 0.49993740503311723 0.49999921708620176 0.49999648161401145 0.4999247448859282 0.4999859611618125 0.4999950574700316 
0.8282179048455823 0.49999528510680663 0.4999621331553825 0.4999832729479756 0.5000141510216738 0.5000017947609178 0.5000358353343349 0.49999766716536426 0.5000204634624469 0.5000026821519665 0.500024799623534 0.49997332213313234 0.500001741579128 0.5000041605017861 0.5000597750013992 0.5000012928981246 0.49999174079269104 0.5000001762709895 0.4999890795544649 0.49999621477012546 0.5000649356088361 0.5000410595799852 0.5000499529713094 0.499997757147097 0.4999372786045082 0.49999938955837303 0.4999986426624124 0.49992664924935604 0.4999859592989131 0.4999961072969844 
0.8307672699588895 0.4999941838311556 0.499961723728114 0.49998344674296824 0.5000144158285982 0.5000018508340998 0.5000426789486424 0.4999976680831713 0.5000192004559638 0.5000026140225443 0.5000247303100844 0.4999738591272484 0.5000025099433089 0.5000042634842111 0.5000597960861025 0.5000014521915125 0.4999914899117311 0.5000001593374783 0.4999889496954305 0.49999692491739456 0.5000651159885824 0.5000410680661763 0.5000497289371353 0.4999977265193332 0.4999357773445667 0.5000016350568698 0.4999968907630393 0.4999265007750425 0.4999859346463121 0.49999504554737745 
0.8333636457193473 0.4999915239142375 0.4999617140767785 0.4999834901802122 0.5000142867540418 0.5000013495312268 0.50003579232015 0.4999978813104888 0.5000192025707152 0.500002665950115 0.5000252281758147 0.499973620460081 0.5000024758404649 0.50000418702973 0.5000601917613277 0.5000019635401849 0.49999031913937086 0.5000001507417312 0.49998910838874105 0.4999966077082112 0.5000651221578389 0.5000405796136711 0.5000492538225273 0.49999771063445553 0.4999372856024992 0.4999999054920547 0.4999968920118387 0.49992448651224636 0.4999858676879145 0.4999949920001436 
0.8358888271449841 0.4999900129719466 0.49996191678023977 0.499983435251908 0.5000141517070764 0.5000023048853817 0.500035821906365 0.49999787957310426 0.5000205799345911 0.5000022813625564 0.5000248269715813 0.49997336103343637 0.5000052079865411 0.5000041661443745 0.5000597964420962 0.5000019616561993 0.49999045522922225 0.4999996645139376 0.49998910881764314 0.4999966083933998 0.5000649900865108 0.5000411160482794 0.5000497143514288 0.4999977702160131 0.4999373387939386 0.4999968338252731 0.4999934139192476 0.49992662629459333 0.4999859384745527 0.4999970889135833 
0.8384286961224608 0.4999940151235887 0.49996175423381817 0.49998069051706784 0.5000143033825174 0.5000134281054094 0.5000367914908693 0.4999978515589924 0.5000204072234066 0.5000031865087348 0.500024812613444 0.49997378753129673 0.5000024828090585 0.5000044670943679 0.5000597758774258 0.5000012337421909 0.49999155685461755 0.5000002806858541 0.4999888326933117 0.500002002386878 0.5000652239387295 0.50004146659079 0.5000492932273327 0.49999823898548107 0.4999436996857076 0.4999992349534979 0.4999970835825715 0.4999264103794315 0.4999859028015545 0.4999962925600456 
0.8409631988742446 0.4999902064557565 0.49996185896654016 0.49998327888268784 0.5000156759551201 0.5000017658044252 0.5000358733140332 0.49999789412592044 0.5000192480343825 0.5000026779220542 0.5000251412834797 0.49997335185957675 0.5000026160015923 0.5000041783553753 0.5000597785799652 0.5000019574673342 0.4999904520154263 0.5000001205521808 0.4999888317796304 0.4999964357471646 0.500065306142645 0.5000405738688274 0.5000492461044247 0.4999982259429434 0.49995999646623285 0.4999991334960836 0.49999708673539184 0.49992688868847407 0.4999849711989311 0.49999706700483865 
0.8434576642184947 0.49999355512833876 0.49996167683449727 0.49998038340208656 0.5000142037898093 0.500001787487952 0.5000358540241067 0.49999787628216175 0.5000191903227988 0.5000022913979084 0.5000248254893975 0.4999737546811451 0.5000038075298772 0.500004165150487 0.5000598157740181 0.5000014262673637 0.49999042730719817 0.5000009392908854 0.4999891079300819 0.49999640888883545 0.500064962129561 0.5000405334534965 0.5000504456496851 0.4999976939812913 0.49993614681132176 0.499999989746842 0.4999963255465102 0.49992411377178775 0.4999852708473236 0.49999706713176123 
0.8459387476496351 0.49999518502618184 0.4999618087763666 0.4999834365297717 0.5000155524109267 0.5000017843248216 0.5000358683644238 0.4999978996749082 0.5000191993203932 0.5000026566693773 0.5000248547745698 0.4999737663741566 0.5000025024049267 0.5000041635085902 0.5000598192458874 0.5000019628330262 0.4999903191498395 0.5000001584170419 0.49998904731972177 0.4999966362519749 0.5000649783617162 0.5000405991818815 0.5000229478618874 0.4999982447668271 0.5000157420707294 0.4999998424772388 0.5000027009506032 0.49992660997648297 0.4999859360193961 0.4999970677128135 
0.8484294197378849 0.49999513505072685 0.49996213736275946 0.4999833225873567 0.5000143080958153 0.5000013228472635 0.500036767779662 0.4999976721926739 0.5000192315512078 0.5000026507480929 0.5000248269430724 0.49997334350696326 0.5000025346867052 0.5000043604400795 0.5000601903737458 0.5000019642283475 0.4999907897130831 0.5000002922896895 0.499989108999929 0.49999640393064404 0.500064984882171 0.5000406058137075 0.5000500241291888 0.49999775714445155 0.49993722076762026 0.4999997535227532 0.49999628885291775 0.4999225515525784 0.4999858613862464 0.4999971215625092 
0.8499979377576113 0.49999506720418313 0.49996180887224756 0.4999834361462143 0.5000155711711534 0.5000017843248216 0.5000358836895038 0.49999790177606834 0.5000192012416812 0.5000022184424964 0.5000247320408867 0.49997377870376997 0.5000024680551295 0.5000052699917561 0.500059819239541 0.5000019628330262 0.49999042751032857 0.5000001584170419 0.4999891338744553 0.4999972301115665 0.5000649624552873 0.5000405530939835 0.5000228070449242 0.4999983356778517 0.500016897859794 0.5000009113896567 0.5000026305809057 0.4999265013060257 0.4999859360193961 0.49999863185643123 
0.9000003146055571 0.49999927496504565 0.49996213848036725 0.4999831918440072 0.5000141704127203 0.5000043970118465 0.5000358750628876 0.49999768146336127 0.5000195798921171 0.5000026672190279 0.5000248270044135 0.4999733434853099 0.5000027405208135 0.500004308035288 0.5000597813959615 0.5000020206811235 0.4999904990451606 0.500000149019129 0.49998908364598843 0.49999689077271503 0.5000649723009334 0.5000405760527523 0.500026384402468 0.4999979179560119 0.5000082110857973 0.4999988075298376 0.49999706462164556 0.4999264287598538 0.49998516903243095 0.4999971215567563 
0.9018992424192669 0.49999513902083903 0.4999621385492214 0.4999832049239723 0.5000140995887536 0.5000044423723876 0.5000367452612378 0.49999814512384066 0.500019286695219 0.5000022979919043 0.5000248269885068 0.49997218482671457 0.5000024801522789 0.5000046932675375 0.5000597788875647 0.5000020393786198 0.49999045613770005 0.500000291409253 0.49998907467957704 0.4999963699978168 0.5000649781152594 0.5000405739159027 0.5000251396315398 0.49999821767247615 0.49990577307718786 0.49999865796440923 0.4999970721226738 0.49992646675465335 0.4999859638099726 0.49999626318094637 
0.9040791581202785 0.4999902238880277 0.4999617202888159 0.4999804897872936 0.5000141772950749 0.5000044917903911 0.50003583551031 0.499997880676979 0.5000195783149262 0.5000026672235105 0.5000251140897266 0.49997334369879254 0.5000022153717325 0.500009173962268 0.5000597762832322 0.5000020206089362 0.4999908860657518 0.4999999625672689 0.49998909829564153 0.4999963857499104 0.5000649716081653 0.5000409875375077 0.5000263609839152 0.4999979184207954 0.5000083736894472 0.5000016871250382 0.4999970645322932 0.4999260400815964 0.49998513623052276 0.4999971185847002 
0.90624253549629 0.49999929066567167 0.4999623876652235 0.4999807971448746 0.5000145651312722 0.5000030558336792 0.5000358921873131 0.49999764448988515 0.5000192920829295 0.5000026505564622 0.5000261935808121 0.4999726872145102 0.5000023302133614 0.5000043663942036 0.500059786756327 0.5000014105308481 0.4999906480637917 0.49999995852861523 0.4999890962423601 0.49999693223472563 0.500064976445058 0.5000410860321723 0.5000497380619026 0.49999726139194445 0.5000094097508809 0.4999997218010272 0.499997089303857 0.4999112527823337 0.49998517393972575 0.49999705346067913 
0.9083974804327819 0.49999514159227265 0.49996219718310286 0.49998363718079797 0.5000147253035969 0.5000060069119345 0.5000367911416902 0.49999759519883197 0.5000192069747995 0.5000032089186814 0.5000248122109298 0.49997422784911943 0.5000026834251144 0.5000047054372243 0.5000597801467898 0.5000020305648337 0.4999908996468802 0.5000038118130542 0.499988945228242 0.4999963763560162 0.500065242044129 0.5000410054698108 0.5000492194933166 0.4999983430231157 0.4999375264790052 0.4999992395162808 0.49999706262591337 0.4999261787323916 0.4999832999792555 0.4999971693087099 
0.9105459822133468 0.4999939701181192 0.49995945439250966 0.499979658602164 0.5000143407879355 0.5000059091132336 0.5000366910520792 0.49999766770256093 0.5000195494967594 0.5000033243916671 0.5000245459391052 0.4999741432613156 0.5000024579565608 0.5000042642241938 0.5000597553278291 0.49999793102122897 0.49999046738456565 0.5000038442795529 0.49998909562625665 0.49999640423883207 0.5000652798443914 0.5000410610300836 0.5000494500714429 0.49999731778868134 0.49990071775837874 0.4999914842260805 0.5000022606805268 0.4999240516363319 0.4999850576944301 0.49999704052821053 
0.912680914028285 0.4999883483191171 0.49996208598036046 0.4999832055915995 0.5000141771136113 0.5000015344978603 0.5000357878714133 0.4999978684699933 0.5000195783102223 0.500002671506716 0.5000250870654276 0.4999730898768915 0.5000027251931809 0.5000047052322004 0.5000601914288937 0.5000020226992242 0.49999090370307214 0.500000227577843 0.4999891078974064 0.4999971047655675 0.5000650055390427 0.5000405544135105 0.5000262374544243 0.49999791690257067 0.4999369666821655 0.5000020921309145 0.4999970763123973 0.4999259926490623 0.4999851372102798 0.49999705304962727 
0.9147770505123131 0.4999943779320795 0.4999618090902828 0.4999831832113464 0.5000159778106091 0.5000037207323764 0.5000366004138551 0.49999772649818247 0.5000192870042456 0.5000026700394937 0.5000246901700021 0.4999742487074566 0.5000026143832718 0.5000083842071371 0.500059776558735 0.5000017721710349 0.49999041380833825 0.5000002279809975 0.4999890944830794 0.4999964012533485 0.5000652290021526 0.5000410385223738 0.5000262749279205 0.49999776403474483 0.4999372555402608 0.4999990069979287 0.49999706304041247 0.4999240538693458 0.4999859322581035 0.4999971095391087 
0.9168876634424336 0.4999938451248218 0.4999620920841268 0.49998325271383764 0.5000141737105268 0.5000044202823357 0.5000357757824357 0.49999765962429 0.5000192940526327 0.5000026665564231 0.5000245385434188 0.49997334360461004 0.5000027406677289 0.5000042187949323 0.5000597772941142 0.5000020156244467 0.4999904954120268 0.5000009411497789 0.4999890306227881 0.4999964018124081 0.5000652970188565 0.5000405630467499 0.5000275384184323 0.4999983118076817 0.49999786525537737 0.49999016755485753 0.4999966212297852 0.49992642114590563 0.4999850710348337 0.4999962752295342 
0.9190065458152118 0.49999018062232736 0.49996175907017654 0.49998346026038126 0.5000161355487791 0.5000041216485371 0.5000360135205582 0.49999767941035067 0.5000203824263857 0.5000032685044191 0.5000251736919002 0.4999742260468634 0.5000026689958439 0.5000082301015912 0.5000597994687875 0.4999981036976148 0.4999915524805968 0.500000231756181 0.4999882324932783 0.49999664822595985 0.5000652677795556 0.5000414506112071 0.500049599861604 0.4999972841668902 0.5000059551331875 0.4999991492148762 0.4999971893615899 0.499923241567377 0.4999861111101682 0.4999962866505066 
0.9210469922369661 0.49999178096926267 0.49995920477180505 0.49998035967874016 0.500014747729185 0.50000548596858 0.5000366809385622 0.49999765295146914 0.5000197611727448 0.5000027126691993 0.5000251732458011 0.4999738123448578 0.5000017038860518 0.5000048735378311 0.5000601454698436 0.5000022886158894 0.4999911003831463 0.5000000144442562 0.4999890961081795 0.49999639447274086 0.5000664498324987 0.500041002913632 0.5000500523619779 0.49999732041631284 0.499937156882139 0.49999926545072765 0.4999984093868225 0.4999106019185399 0.4999850387433071 0.49999704953078433 
0.9231338729520085 0.4999993062290507 0.4999620682299925 0.49998322187038147 0.5000161885267794 0.5000015319596874 0.5000360135205582 0.4999976811474292 0.5000195613499901 0.5000026589413801 0.5000252025666642 0.4999742260468634 0.5000025355424406 0.5000082658706169 0.5000597766065382 0.5000019306305191 0.49999168325769 0.5000002248511374 0.4999890339837182 0.49999636460958646 0.5000652292898536 0.5000405717129671 0.5000225412877866 0.49999790272022143 0.5000071752660775 0.5000021252422439 0.5000059207126468 0.49992634824449733 0.49998506615634153 0.4999962855301673 
0.9252432394919949 0.4999951092951048 0.4999623197330515 0.49998039656321597 0.5000143112694316 0.500003827157531 0.5000367854602731 0.4999976284967465 0.5000192866612477 0.5000026509896094 0.5000248552160562 0.4999725969068164 0.5000023926093407 0.50000853205774 0.5000597896634962 0.5000022719679 0.4999904103698792 0.5000002330892973 0.4999889811201386 0.49999693642981696 0.5000649766239033 0.5000409947667689 0.500027612465115 0.4999977705698933 0.500004566553734 0.499999708350262 0.4999971306100523 0.4999255260549225 0.4999859041188091 0.49999626944286524 
0.9272620231723666 0.4999992413358223 0.4999617825270024 0.49998084867198495 0.5000141431963607 0.5000044122288919 0.5000359006237665 0.49999759520325143 0.5000195759698239 0.5000032123602809 0.5000248271038417 0.4999742343626745 0.500002656434364 0.50000446151663 0.5000597655436372 0.5000018820575127 0.4999916827513605 0.5000037502028601 0.4999890837256626 0.49999674794341153 0.5000652317973904 0.5000410060608408 0.5000485590061312 0.49999837892951404 0.5000042956357722 0.5000018306389262 0.49999864460405746 0.4999263369306792 0.4999852239036564 0.4999962807599941 
0.9292762054591034 0.4999937352331475 0.49996232016678793 0.499980658511665 0.5000144048306179 0.5000043591409479 0.5000358904505331 0.4999976725728536 0.5000204800655945 0.5000026493573303 0.5000246586271136 0.4999742394339019 0.5000023920709488 0.5000044466721213 0.5000597647904348 0.5000018415600307 0.49999155649277316 0.5000002147504656 0.49998903728613486 0.499996909640403 0.5000650226097832 0.5000410147467826 0.5000497509971715 0.4999974147143532 0.50000478465701 0.5000018995135691 0.4999969940273492 0.49992494173456836 0.4999859875147681 0.49999629807584467 
0.9313335135995549 0.49999027563350285 0.4999617250671711 0.4999806709743566 0.5000162294805495 0.5000040429308518 0.5000359148435504 0.4999975975779787 0.5000196469222586 0.5000032047902667 0.5000246928372648 0.4999742255009875 0.5000026656171777 0.5000083790898028 0.5000597766143873 0.5000019199078006 0.49999169431062795 0.5000002317946673 0.49998904883364204 0.4999967553340111 0.5000652312940351 0.5000410381099908 0.500026817850451 0.499997303737299 0.49990102433094935 0.5000016542126027 0.5000023223433118 0.4999245616646116 0.4999851183067371 0.4999962919330325 
0.9333449722091366 0.4999951424408588 0.4999620752585304 0.49998340666547386 0.5000158128356609 0.5000037598086957 0.5000358957936071 0.49999767776660947 0.5000192957397073 0.5000022977931787 0.5000246887537189 0.49997422661572055 0.500002538455821 0.5000082785278683 0.5000597452510144 0.5000020427600247 0.4999916968528841 0.5000002292338412 0.4999890969107824 0.4999971416699418 0.5000652312997321 0.500040996453038 0.5000500544200547 0.4999970597299084 0.4999982554198894 0.5000016457721589 0.49999710641767053 0.499924064859894 0.49998603190025825 0.49999623205074545 
0.935351144530625 0.49999414111612744 0.4999621785384423 0.49998021776412005 0.500014417408166 0.5000055987292817 0.500035893630057 0.4999976461686902 0.5000197415090436 0.5000032053796034 0.5000248074590075 0.4999742741935705 0.5000023650568035 0.50000829299558 0.500059772724608 0.4999983400308256 0.4999916954971814 0.5000002139580514 0.49998903636338127 0.49999668795942137 0.5000652879061287 0.5000411385951923 0.5000274170923571 0.49999781060934645 0.4999342368952241 0.49999923053729195 0.4999970889979354 0.49992619800623495 0.4999833226372131 0.4999963561340474 
0.9373236357576884 0.49999392187936026 0.499961789536285 0.4999804493660312 0.5000162816964342 0.5000060383889253 0.5000358946446829 0.49999812459966436 0.50001969111574 0.5000032469429949 0.5000246538680487 0.4999742340779253 0.5000051546605079 0.5000045049546517 0.5000597744827516 0.5000018548967884 0.4999915283078418 0.5000000752466388 0.49998900883067565 0.49999640710732274 0.500065231301192 0.5000410147908334 0.5000492705974082 0.49999787131221685 0.49990109826082346 0.500001816975785 0.5000023452501807 0.4999124126976567 0.49998512081194646 0.4999959751501613 
0.9393434550490083 0.49999404785131574 0.4999617304988094 0.4999806567182125 0.5000143624536966 0.5000037587552236 0.5000367677095429 0.49999764276585906 0.5000197006760948 0.5000032211121971 0.5000251714909257 0.4999736711929425 0.5000023915872338 0.5000049300808945 0.500059788700291 0.5000014145514933 0.4999904094699073 0.5000002330994594 0.49998897587156504 0.49999671085261277 0.5000652335895104 0.500041000269081 0.5000511448589501 0.4999977710385903 0.49999825314195745 0.4999993748468035 0.4999976293131919 0.49992278840435533 0.4999859053791212 0.49999628449217387 
0.9413300720090383 0.4999902125889989 0.4999618801464686 0.499980895618363 0.5000147467013355 0.5000079258726644 0.5000359143525525 0.4999981418073091 0.5000215242795113 0.5000032241755344 0.5000252357396769 0.49997311962183655 0.500005411050256 0.5000081332692224 0.500059821430855 0.5000022732008423 0.4999916924457083 0.5000002315070031 0.49998909392502405 0.49999659865877505 0.5000652687646487 0.500041015079238 0.5000264639662119 0.49999753320447693 0.49993542879058284 0.4999988838241648 0.4999984144363332 0.49992487926000456 0.4999852418475806 0.4999962471415417 
0.9432871757586051 0.499994040332945 0.4999617891526649 0.49998038171444253 0.5000158105269703 0.5000055119832603 0.5000359368547578 0.49999759531873184 0.5000197004607756 0.5000032272620949 0.500025125414806 0.49997425054321887 0.5000053138142413 0.5000049266034757 0.5000601452680471 0.5000018571712076 0.49999168816348344 0.5000002280019559 0.4999890398061132 0.49999671025552755 0.5000652859235168 0.5000410152003335 0.5000269194648604 0.49999781019317563 0.4999338888758487 0.4999993748468035 0.4999976304068277 0.49992557110006475 0.4999859031187053 0.4999962873989845 
0.9452248746065907 0.49999404040040113 0.49996178813938197 0.4999806596927718 0.5000147179327633 0.50000155077707 0.5000359004975996 0.4999979910365702 0.5000197024145328 0.500003208739572 0.5000246543291652 0.49997423405236696 0.5000024755148387 0.5000044626868742 0.5000597743246137 0.5000022556774073 0.49999172052953245 0.5000002279739537 0.4999890408350133 0.4999967566664287 0.5000652315429864 0.500041019892115 0.5000266609911287 0.49999830993651906 0.5000064003671332 0.5000018359272058 0.4999985851607745 0.49992453928923614 0.49998590357403816 0.49999628024449877 
0.94718283298783 0.4999939693644269 0.4999617268499356 0.4999804885379954 0.5000143048446326 0.5000015214295979 0.5000359137306238 0.49999805256070995 0.5000212496072829 0.500003220796573 0.5000251704072539 0.4999738259479295 0.5000036850687938 0.5000048993403269 0.5000597928524306 0.5000018646284909 0.49999173798276203 0.5000001514731152 0.49998906339414256 0.49999675454800674 0.500066879423931 0.5000410159278029 0.5000491477321677 0.4999976918361028 0.49990277948210354 0.5000018978306152 0.4999988072548624 0.4999256445289414 0.49998591955582805 0.4999963286423282 
0.9491011634974719 0.4999940406852148 0.4999590046608433 0.4999806563122647 0.5000143069576808 0.500001523003018 0.5000358907768565 0.49999759843822816 0.5000197022663465 0.5000032203228955 0.5000246543291652 0.49997423471274094 0.5000023662768918 0.5000044289970513 0.50005977421527 0.500001854512087 0.4999916927609453 0.500000228176538 0.4999890401018418 0.4999967541469985 0.5000652635397964 0.500041015308605 0.5000268525561682 0.4999983188806905 0.5000045919504911 0.5000019289699081 0.4999987704017667 0.49991040622177224 0.49998589971087704 0.4999962802508824 
0.9499990915858308 0.49999404033416406 0.49996178935680075 0.49998084115032115 0.5000143069576808 0.5000015217534184 0.5000359146771035 0.4999975952780076 0.5000197022659899 0.5000032203254982 0.5000246543291652 0.49997423473694397 0.5000023662225475 0.5000049296122325 0.5000597745293761 0.5000018566888987 0.4999916927609453 0.5000002280850447 0.4999890401019182 0.49999675415524225 0.5000652610368097 0.5000410153074322 0.5000268525559209 0.4999983631790567 0.5000045991159602 0.5000018984076249 0.499998818807934 0.49992584908264265 0.4999859035649043 0.4999962802454093 
