0.2790636584147268 0.9617475829962258 
0.2859004354190679 0.9597374097730018 
0.305201800475132 0.9537756742181552 
0.3241006554270507 0.9475200609197909 
0.33953114455609223 0.9421003520067331 
0.7911096607653237 0.6139873590590678 
0.8001018057539112 0.6022196482033699 
0.8146733247754844 0.5823563042768826 
0.8284416057553062 0.5625970963875077 
1.0009135377583265 0.031724185795923635 
1.0010872381352178 0.025677155233764435 
1.0013156144780169 0.014195940701851175 
1.0014442244575836 2.715995091173334E-6 
