0.820213571703042 0.49999761971058243 0.5000410133763992 0.5000513537999353 0.4999978414539836 0.5000154259101875 0.4999694782162409 0.5000111866335947 0.5000286209674015 0.5000089163555144 0.4999745186870502 
0.8156833176036103 0.4999976197106817 0.5000410133764653 0.500051353785768 0.4999978414539836 0.5000154259101888 0.4999694775866249 0.5000111866339149 0.5000286209675663 0.5000089165298827 0.499974518688124 
0.8028408662260652 0.4999976197106821 0.5000410133764651 0.5000513537917778 0.4999978414539836 0.5000154259098576 0.49996947683622944 0.5000111865998527 0.5000286209674867 0.5000090854763625 0.499974518688136 
0.7901852275359448 0.4999976197105825 0.5000410133763987 0.5000513546304614 0.4999978414539836 0.5000154259104239 0.4999694563538787 0.5000111865998604 0.5000286209674054 0.5000089164063185 0.49997451868806636 
0.7797881716190953 0.4999976197105825 0.5000410133763903 0.5000513546582068 0.4999978414539836 0.500015425910506 0.4999694782173688 0.5000111816303983 0.5000286209674001 0.5000088511789993 0.4999745186870436 
0.4201706893589564 0.49999761971225626 0.5000410133766464 0.5000513542968337 0.4999978414539836 0.5000154259112167 0.4999694787001603 0.5000111866038444 0.5000286209675044 0.5000089199501909 0.4999745186883253 
0.41075555847955925 0.49999761962986183 0.5000410133708474 0.500051353972267 0.4999978414539882 0.5000154259894868 0.4999694556450235 0.5000111867790252 0.5000286209679383 0.5000083161405201 0.49997451857994474 
0.3950942123900247 0.4999976196301853 0.5000410133847237 0.50005135379098 0.4999978414539882 0.5000154259865949 0.4999694565355528 0.5000111866321417 0.50002862096752 0.5000083342075189 0.4999745186906396 
0.37978377455788537 0.4999976197125643 0.500041013376935 0.5000513542729605 0.4999978414539836 0.5000154259093953 0.49996947818345877 0.5000111866337263 0.5000286209675016 0.500008334270613 0.4999745186906396 
0.020171058024418848 0.49999761971058626 0.5000410133766455 0.5000513538059458 0.4999978414539836 0.5000154259218798 0.49996948220039505 0.5000111813041709 0.5000286209675306 0.5000088506288153 0.49997451868534315 
0.016325251973668787 0.49999761971057255 0.5000410133766482 0.5000513537975516 0.4999978414539836 0.5000154259101875 0.4999694780644747 0.5000111866037793 0.5000286209675302 0.5000089206718062 0.4999745185856516 
0.009024937778951346 0.49999761971058626 0.500041013376645 0.5000513538059458 0.4999978414539836 0.5000154259105055 0.4999694780593363 0.500011186653029 0.5000286209675306 0.5000088511046956 0.49997451868537557 
1.7265626327082895E-6 0.49999761970886747 0.500041013377153 0.5000513764950826 0.4999978414539836 0.500015425921533 0.499968864660266 0.5000111812679093 0.5000286209844254 0.5000134166630625 0.4999745185841297 
