0.44286104510059715 1.6273238809676873 
0.44242473309830854 1.6298871414241916 
0.42913869007546696 1.7109149315980103 
0.4113826123885214 1.8157077236836525 
0.42342666852904226 1.75319820469246 
0.43038269709907845 1.7071648022630335 
0.44218930142055135 1.632299835299655 
0.45100064148192087 1.585949708617042 
0.5053235173140015 1.5748761486835763 
0.5304575238729479 1.5701039480892223 
0.5603052177504019 1.5668385218879168 
0.5840672435418243 1.5613927590370174 
0.6101249545029673 1.5547327061381255 
0.6570557307027849 1.5497222220219797 
0.6750711272791493 1.5401368134766555 
0.7041653886170908 1.5308952921095482 
0.7276022259866375 1.527495754453168 
0.755714623913613 1.517854279372525 
0.8015123788269299 1.509959930704436 
0.829057699148287 1.496460669357249 
0.8342991962910847 1.494915291936754 
1.2327943849036964 1.4822163366264123 
1.2565138970788574 1.4383709871263086 
1.2655848009248083 1.4003489509777278 
1.2805312490415572 1.3773236972113696 
1.297667340196931 1.3241713917785702 
1.327663583017773 1.3036277090884603 
1.365403790207954 1.2859638701503162 
1.3862736640516715 1.2742345936728283 
1.455095624698148 1.248013450426846 
1.4718893914606548 1.2300511564126428 
1.4758234774265886 0.8465625440123169 
1.4792088555072507 0.8130362260790177 
1.490216127098701 0.7833425121674021 
1.4995203372813186 0.7535386208038231 
1.518935775689291 0.7302657160471562 
1.5231837525049174 0.6897066150530233 
1.5301763908857198 0.6668835005813554 
1.5440502541631846 0.640169720099816 
1.5457828213944271 0.6140201381334094 
1.555983394485446 0.5839783380210407 
1.5606135647137105 0.5674299674423678 
1.5705556131450638 0.5343617217806288 
1.5765184857014838 0.5198461079438235 
1.5875387419454345 0.48352548508188314 
1.5960475281794497 0.4544473156940436 
1.5968171057743445 0.45191776088057317 
1.7166598693431039 0.42578609403237877 
1.7181406771225207 0.4248498422268656 
1.7953751145159742 0.40562752689013326 
1.8543825370033828 0.39077258644274476 
1.9055787024837854 0.37863575084796053 
1.9712742692498373 0.35800243419838634 
1.9805237389871473 0.3568614011809942 
