0.37135912247895425 0.9846307622865251 0.7811935574742572 0.9184466252817981 0.8494825224192664 0.8504035726119469 0.8493418872762731 0.9039097950324781 0.8706841401705786 0.8587227497003581 0.9848084942196018 0.5277500982898495 0.8891698621068249 0.8639349652305645 0.9702074189615869 
0.37047503354314154 0.9486366300401454 0.7816769821097665 0.8974561731154518 0.8496757629016967 0.8504037124968329 0.8534220647856284 0.9039097950324781 0.8706943626763275 0.8587262641685903 0.9860055884742486 0.5277513825203599 0.8891674285891505 0.863863315475625 0.970061005076776 
0.34406100133394046 0.9862103536437901 0.7548351996476628 0.9130807218579141 0.9036750667880464 0.7109211764163317 0.8493787957594976 0.9039097950324781 0.8706852226391927 0.8592411298170085 1.0024724586952798 0.5277501131193506 0.8891624208793929 0.8639354083819084 0.9699832318722186 
0.31249621312062964 0.9841504057823286 0.6217277979585205 0.9130809067737632 0.9036750667880464 0.8836551909917435 0.8493418872762731 0.9039097950324781 0.9583958814845992 0.8592531326763377 1.0024391951021676 0.5277500982898495 0.915427090324142 0.9231048660839518 0.9699770703749123 
0.33201030861258474 0.9312534456410504 0.6217277979585205 0.9130809067737632 0.9036750667880464 0.8820507058851424 0.8493418872762731 0.9039097950324781 0.870000215661021 0.8592531326763377 1.0024391951021676 0.5277500982898495 0.915427090324142 0.864128918635183 0.9699770703749123 
0.34571172355101315 0.984222763173292 0.6258189668117544 0.9130809067737632 0.9036750667880464 0.8792824371347234 0.8493418872762731 0.90400106245782 0.8703967673510311 0.8592531326763377 1.0024391951021676 0.5277500982898495 0.888887583821603 0.8644767464159854 0.9702107193945998 
0.3697815285144509 1.0507468356920764 0.8251554093251295 0.7764064409043598 0.9504360157352332 0.8684882280212494 0.9104230357606613 0.9077271205625645 0.8035643935158827 0.8587637032652204 0.8407348842436702 0.7659504540911378 0.8888992571391379 0.9306439761136424 0.9651058431738948 
0.3868267165387591 0.9834621620788674 0.7785073091832304 0.9185106016015926 0.8494882428306847 0.8459468002391343 0.8761142806284146 0.9039097950324781 0.8503302721507033 0.859227191240637 0.986061014177405 0.5277500982898495 0.9088618846012928 0.8631524561900619 0.8450358922980401 
0.4320751239318412 1.1132632636051423 0.8052215479334818 0.887506411323255 0.7791683443764279 0.8585144967287898 0.8359990254655079 1.0015859710730846 0.8045793238070424 0.871176362575258 0.8592101890536247 0.8342750889416736 0.8487379658179804 0.8370032759677719 0.8147436786452172 
0.4526546511063455 1.1132632531337858 0.8254770789550617 0.8310596971612565 0.9505144932750531 0.8610684118101648 0.8407445146026701 0.9965446062111942 0.805015983518761 0.8711947767839494 0.8404309300393464 0.8583955125280888 0.8938216632721512 0.8787869469264729 0.8630241245680441 
0.47619417315578416 1.1167204934663522 0.8060131436443116 0.8893420221136366 0.9505154387784303 0.8585063805605025 0.8406731938400464 0.9875014771682858 0.80662192254691 0.871177509676148 0.8613224763286377 0.8582660598303151 0.8954206229900046 0.8791379207421535 0.763835979436369 
0.4954811943230189 1.1170511455061223 0.7988485000712978 0.8310596971612565 0.9505144932750531 0.8607496294880209 0.8407445146026701 0.9965446062111942 0.867779202700705 0.8722154075907752 0.8403375573163534 0.8583955125280888 0.8936157598220766 0.8787869469264729 0.8606421491479344 
0.5166242497536144 1.0507152649411635 0.7598643717180339 0.8289161315368242 0.934872207768565 0.8685219136896508 0.9150904363900078 0.9887539774443124 0.8679476839678215 0.8721472678472182 0.9010438860387298 0.7260737683885289 0.9105605371933928 0.8349950961265776 0.777452292572578 
0.552034517704276 1.0522589570057177 0.7604725713768514 0.8341384886158141 0.9531359130233402 0.8672777945757174 0.8332281738160512 0.9996553762615962 0.8569582866143167 0.7606033111382264 1.003526857452206 0.7739024309276908 0.9231452758467072 0.8354366208551182 0.7278154793351878 
0.5677336124012056 1.1131667207374474 0.7811806013287198 0.887506411323255 0.8923292082875534 0.8675435343250938 0.8418800021065852 1.0035152063691222 0.803704890350642 0.8600901368576941 0.8891114816961543 0.8580344565996242 0.8868390014696788 0.8803939584934071 1.0297714760069265 
0.5909756065041631 1.0522589570057177 0.7604725713768514 0.8341384886158141 0.9531359130233402 0.8672777945757174 0.8332281738160512 0.9996553762615962 0.8569582866143167 0.7606033111382264 1.003526857452206 0.7739024309276908 0.9231452758467072 0.8354366208551182 0.7278154793351878 
0.608170038966957 1.050705409566496 0.7958562569670272 0.8471493332394139 0.9690046486181085 0.8246321376540211 0.7454454829520947 0.9995966479360892 0.8571951767253281 0.8789936354911602 1.003098026767811 0.8469405669707675 0.9114934636042894 0.8354165378967312 0.9059588204123238 
0.6303110800669052 1.0522589570057177 0.7604725713768514 0.8341384886158141 0.953509801290377 0.8672876220630211 0.8332281738160512 0.9996553762615962 0.8566872421491439 0.8722142063391474 1.003526857452206 0.7739024309276908 0.9231452758467072 0.8354366208551182 0.7278154793351878 
0.6630638052754809 1.049820662310202 0.8428365039313419 0.7777079227655619 0.953524414818522 0.8248236047288621 0.7850713052438203 0.9894495434987146 0.857184436037318 0.7591202253836538 1.002565220756717 0.8469698808607987 0.9234816251580691 0.8349933624517395 0.980440335635225 
0.6853435592509138 1.0506977045712094 0.810935714521651 0.7764062249968248 0.9535275624287263 0.8685219136896508 0.9104230357606613 0.9878771194513305 0.8475134150770187 0.8720854029877045 0.8799838971828746 0.7291436230940184 0.9105582676620236 0.8350275112240686 0.7857305940423341 
0.6891944002465511 1.0459967183752226 0.8109439806829957 0.7763240946636185 0.9535275624287263 0.8662008255047108 1.014585123367297 0.6677484413440314 0.8475134150770187 0.8722682014339325 0.8799838971828746 0.7277098419636115 0.9105319668916484 0.8349950856804523 0.8229645071948672 
0.9043241528959388 0.5402227170047628 0.9718720329380727 0.8312571255113129 0.9526005196766191 0.8504373323044943 0.9140563589756877 0.6690415832346288 0.8482935031366569 0.9401732714487229 0.896446002595321 0.7258126918891785 0.8689954898366038 0.9169015581515668 0.906654266472745 
0.9304016229805205 0.524326719750577 0.9532909133521567 0.6907269989545516 0.9289235188137741 0.8386011940026142 0.9031133856618874 0.6691215693700167 0.8480259110984184 0.9475133987570339 0.897506758464711 0.7254939618365274 0.8931967166056138 0.861125618016004 0.9039771549636788 
0.9482387832573949 0.5410398131938707 1.0352240099977268 0.7749557430154006 0.9272219335829648 0.8052889827634981 0.8420046486325886 0.6926722387476371 0.8481674913893609 0.9867411054780727 0.8729405654701977 0.8232184322288769 0.8634733145858566 0.8734265521493607 0.7354133921226145 
0.9629441606840133 0.6213146877559828 1.0481565584398467 0.7747379761783413 0.9308380271352843 0.8030720330678224 0.8651253388503983 0.669292869346028 0.8478235387793721 0.9867411081719323 0.9793834968525281 0.7834760842606883 0.8677479659421291 0.8055672052407623 0.8213302139401523 
0.9898404692103996 0.5264563713199136 1.0352240099977268 0.7749557430154006 0.9272219335829648 0.8052889827634981 0.8420046486325886 0.6926824115555427 0.8481594163993968 0.9867411054780727 0.8729405654701977 0.8163581007955011 0.8826633610957488 0.8730652004354296 0.7354133921226145 
1.0090925313835255 0.524891270145091 0.9533871871832933 0.6884604871397274 0.9289229886077442 0.8486043847320641 0.8398347300172734 0.669607311150102 0.8480283981604763 0.9867459614696837 0.8729551305007724 0.7959717280031554 0.8671227837810299 0.9167829216339181 0.8185757177150567 
1.029499870825991 0.541246597902626 0.9664655523052252 0.7747379761783413 0.9308380271352843 0.8055108524276546 0.8654758111789025 0.6697656718161864 0.8811541215767844 0.9867411081719323 0.9793834968525281 0.7955764992012561 0.8469880976163326 0.8066599918632068 0.8213302139401523 
1.0411890848390712 0.5244137531529732 0.9533871871832933 0.6884604871397274 0.9291468473893935 0.7854790658236509 0.8399509937270644 0.669607311150102 0.8480283981604763 0.9867501968770318 0.8729551305007724 0.7955580232465598 0.867162227896644 0.9167829216339181 0.6974243975447162 
1.0734634577373834 0.490344060623351 0.9671676698472681 0.7695924917445419 0.9309717886694979 0.8054493296053634 0.8658733269830938 0.6697135945080022 0.8803148814702394 0.9873857238424877 0.9803464938169651 0.7957498108560992 0.8465482082221882 0.8730814690050727 0.7019327998452193 
1.085167304302673 0.26271109233626666 0.9953985518238001 0.7343221564776669 0.9445720186717261 0.7454203847181449 1.0088294725162483 0.6692544297401326 0.9582352524176159 0.7928820169186702 0.9169851098936227 0.7718464412150283 0.9064153650203264 0.8737871588286159 0.8914213038239321 
1.226721285287492 0.29078145621609713 0.8306172087519291 0.7254234210586628 0.9286659760475292 0.8531998662436694 0.9161470962495616 0.6985771626028172 0.9242563598763469 0.7929386030983702 0.9402545040691117 0.8552522662422262 0.8637974504549915 0.8718348297614975 0.8836975657106699 
1.2393434047524856 0.2745695022430284 0.8304849699418209 0.7865730220030909 0.9089212796024408 0.7739317439001991 1.0171655334111138 0.6697130238065807 0.8827385089942759 0.7928931796429871 0.9597086437758374 0.7959056252141722 0.826246572363187 0.8718320741216272 0.8133928580932827 
1.2518030818649266 0.29078145621609713 0.8306092074218662 0.7254234210586628 0.9980769028090065 0.7528035332549062 0.9161470962495616 0.6985771626028172 0.882023081462087 0.7929386030983702 0.9278418336941946 0.8552522662422262 0.8637974504549915 0.8718291501165207 0.8836975657106699 
1.2636348695979218 0.29078145621609713 0.8306172087519291 0.7254234210586628 0.9286659760475292 0.8531998662436694 0.8728798572046795 0.6985771626028172 0.9242563598763469 0.7929386030983702 0.8994665375988459 0.8552522662422262 0.9122014413287254 0.8718348297614975 0.8836975657106699 
1.2745607373120083 0.5396462193437214 1.0338051220480866 0.7865757916473198 0.928798644348845 0.7724977263257315 0.8536464579382714 0.8286961332355489 0.9077469934610017 0.9890189059539831 0.87227386618648 0.7886299882085236 0.864164690225795 0.8719128884844556 0.7359655920169558 
1.2882955065096673 0.5311380416105738 1.0338051220480866 0.7876524723261685 0.9287966867339992 0.7724977263257315 0.8536464579382714 0.828383626809781 0.8826035353575197 0.9835831610306693 0.87227386618648 0.7886299882085236 0.864164690225795 0.8719128884844556 0.7364369808546232 
1.29644000753549 0.28773757669380123 0.96109667314875 0.7259653887487271 1.0002055972422252 0.7582206280672217 0.9174493276244278 0.8212025033857497 0.7218553047626226 0.9821172166804353 0.9001189003566503 0.9117730739557071 0.8546630870831531 0.8829808184445432 1.0026242359000483 
1.3063824662283159 0.28773757669380123 0.9608754132203106 0.7259653887487271 1.0015700436315333 0.8509243274360209 0.9174493276244278 0.8212025033857497 0.7240130784158848 0.8606942950822924 0.8977326375506062 0.7898290489396232 0.8759322616089131 0.883421965370352 1.0105904964417394 
1.3143192351837831 0.28933859843740123 0.9577302810124181 0.7685651069694865 0.9722436350665951 0.7583143540038702 1.0154839658873611 0.6625444228625501 0.8919916511208192 0.8608785581136428 0.9592321962808802 0.7898387565406874 0.6920776035850706 0.8915507276497587 0.8776197373504367 
1.3240338114644716 0.2696633529975533 0.958002741825416 0.7736116008889519 0.9349835122852144 0.7662746628694289 1.0154839658873611 0.6625172960615767 0.8919908844074234 0.7963115447543269 0.9592211738012218 0.7933395451668239 0.6920774848221466 0.8762837303816076 0.8998142134267313 
1.3290866223721716 0.28773757669380123 0.9608754132203106 0.7259653887487271 1.001184489236903 0.7568830923639405 0.9174493276244278 0.8212025033857497 0.7240130784158848 0.9821172166804353 0.9001189003566503 0.7898290489396232 0.8546630870831531 0.8829808184445432 1.0105904964417394 
1.3388419673853178 0.24709534519243964 0.9608501597126579 0.7694909721483687 1.0030640172243137 0.7516416899246807 1.0092209916971553 0.6624977079496097 0.891990882813137 0.8556191877904015 0.9592321453363878 0.7901793200707805 0.7062611414017634 0.8827740814142823 0.9031267375143152 
1.3430803552923842 0.26969548475378885 0.9577576082449462 0.7696042981013546 0.9858447438773612 0.7663124557699237 1.0154839658873611 0.6625175723748041 0.8919908978783417 0.8608785581136428 0.9592485385302008 0.7944356849303571 0.6920774776178462 0.8915507274926318 0.8776197373504367 
1.3528553332050257 0.26587017246487676 0.9745979517403373 0.7696198795611288 0.9381845936712555 0.7662374114534006 1.0154839658873611 0.6624977082605358 0.8919908193727085 0.8564912430873776 0.9592318538030882 0.7932968624039178 0.6920774690489948 0.8914977375462814 0.8989595344565325 
1.3601522282412588 0.2667847725286243 0.974567589214547 0.7694972910790642 0.9383841987385988 0.7583159214385166 1.0154839658873611 0.6624977082606988 0.8919753842128819 0.8563247887527392 0.9592328752202551 0.7932807029929966 0.692055191603577 0.8915507243808442 0.8990262323742714 
1.3607674319388456 0.26678473648813905 0.9746252730698728 0.769497820257815 0.9377155227013456 0.7583160111084666 1.0154839658873611 0.6624977082606988 0.891975384205526 0.8564919977484744 0.9592235835005773 0.7933085298084481 0.6920553656514621 0.8929037462884988 0.8992126096694363 
1.3726220210949187 0.26668005994401883 0.9732334676236258 0.7690816366496683 0.9052288717084584 0.7583514253194235 1.0154839658873611 0.6624978940145496 0.8919753691181503 1.044938338673594 0.8779059279666931 0.943708649339515 0.687509215027061 0.8985709736304327 0.8993283411331865 
1.3728650433511183 0.2672827838188961 0.9732334676236258 0.7690679751732501 0.9052288717084584 0.7583536993882246 1.0154839658873611 0.6624978892980323 0.8919753550121018 1.044938338673594 0.8779059279666931 0.943708649339515 0.687509215027061 0.891243529179075 0.8993283411331865 
1.379445527878276 0.2659439582348878 1.0129899824238011 0.7331331123983764 0.9072215169609226 0.8808315084245405 0.9663077026098336 0.6624600834192763 0.8440258853973147 0.9963299204145862 0.9571015110966496 0.9052596219999438 0.6874923230878094 0.8988763904838443 0.8993530459947513 
1.3838217476191652 0.18334075555688062 1.0129899824238011 0.7683398907902415 0.9072215169609226 0.7693361063556592 1.0137793971706133 0.6624975272317413 0.7633398695291622 0.9963299204145862 0.9601400839636237 0.8883293232644958 0.6874923230878094 0.8740933323441256 0.9035641710676102 
1.387096561548077 0.2459944371709189 1.0129899824238011 0.9023865762986759 0.9332232073867827 0.8808315084245405 0.9663077026098336 0.6731358869795396 0.8801361896975299 0.9985790029483982 0.9570051215336803 0.8917189990605234 0.6921610078290894 0.9369394182436128 0.9030426711949182 
1.3914532101739097 0.2459944371709189 1.0129899824238011 0.9044505033337898 0.9099397894326638 0.8808315084245405 0.9663077026098336 0.9712055369669815 0.8849202061846007 0.995622919772355 0.957126610035735 0.8917189990605234 0.6921610078290894 0.9369394182436128 0.9035752005058613 
1.3918004001540534 0.2459944371709189 1.0129899824238011 0.9023865762986759 0.9350560764394701 0.8824189634767559 0.9663077026098336 0.6624180055451435 0.7625856006576548 0.9985790029483982 0.9569801300626684 0.9199306166108986 0.6921610078290894 0.9369394182436128 0.9030426711949182 
