1.520768716321147E-6 1.0139008956304396 
0.009526978243471887 1.0043754466275165 
0.06157910569711198 0.9523233542272798 
0.07069949193252835 0.9432031919694088 
0.08079911942222859 0.9331033940513038 
0.09093371365189633 0.922969644046785 
0.10100107878526211 0.9129015554546499 
0.11110409339868899 0.9027987501720024 
0.121194328234098 0.8927082339313822 
0.17940853546340887 0.8344981348806114 
0.18181583611213833 0.8321486389112435 
0.19185710898529518 0.8220518228326177 
0.2020203310072788 0.8119584374296596 
0.21214372677435012 0.8019386949676897 
0.22229058666533552 0.791992761832852 
0.2323596172107384 0.781767720210414 
0.24248213741936864 0.771725219023861 
0.24527768730964256 0.7687844261840325 
0.2975457551925616 0.7167252734361625 
0.3030903588673982 0.7110875666526929 
0.3132610152251031 0.7011205424729465 
0.3232678237594778 0.6908179273104079 
0.33346476329698377 0.6809003485551177 
0.3436760816165683 0.6710098088265427 
0.3535332971189863 0.6604685829612041 
0.3630859290252487 0.6508908332392419 
0.4152627138339333 0.5988417317192258 
0.42420629778004304 0.589700551041046 
0.4343393414658505 0.5796315826976498 
0.44448526028423674 0.5695861510551367 
0.45461477592353056 0.5595190022210532 
0.4646890148605746 0.5493806697739858 
0.4748062961793936 0.539298647874149 
0.4809390660105771 0.5329963492443407 
0.5337403276599838 0.4810578464658997 
0.5353982938411059 0.47866603918809575 
0.5455526112548105 0.4686078320194441 
0.5555922315148208 0.45845543809398953 
0.5656922837389597 0.448347919901664 
0.5758823167803704 0.4383150111974001 
0.5899398358993606 0.4309984377037402 
0.5959626510831747 0.41802428352473864 
0.5987843808871585 0.41522662928495974 
0.6509037955360877 0.3631001781648078 
0.656621268711396 0.35744437108869526 
0.6667695887267331 0.34736633166739356 
0.6767917875494509 0.3372254487675071 
0.6870270272467933 0.32718442809366266 
0.6970629815446603 0.31704842114161597 
0.7070638582663857 0.3068703743798382 
0.71661462630063 0.2973195896614881 
0.7740988037800304 0.2471990767858291 
0.777751105131438 0.2361954685524835 
0.7879233554761322 0.22611425829654033 
0.7979867423887945 0.21600295687264784 
0.8083522897332565 0.2059649548698783 
0.8182655317763806 0.19581673229388963 
0.8282954733912606 0.18570083520387118 
0.8344251068179195 0.17950143398318408 
0.8889452127080893 0.1250993609066971 
0.8989817835918786 0.11499030969741926 
0.9090799210767355 0.10489208572647526 
0.9192053456649455 0.09479046851334332 
0.9293166564043337 0.08469014479745204 
0.9393416577443345 0.07458357881537989 
0.9494530309278634 0.06448351010961427 
0.9523190682240084 0.06160272962826397 
