1.520768716321147E-6 0.9860111475062402 0.1316368190600588 0.1991704016839291 0.9999997633732511 0.33607505808388277 0.40177761110987065 0.4671937857455233 0.5335149815257729 0.5999342588064677 0.663405252106655 0.7320537503697787 0.7992676229437966 0.8651708341318888 0.934835377544182 
0.009526978243471887 0.9860111224645539 0.131667944400753 0.20078043279374644 0.999999846886853 0.336075594043905 0.40193778160807403 0.46721127082396635 0.53369527447657 0.6000253947914769 0.6634052353916153 0.732066540371963 0.799286966482782 0.8651709530862028 0.9348353660547196 
0.06157910569711198 0.98601112211631 0.13166721651586683 0.20056946850600701 0.9999980902985494 0.33609098847040825 0.40194439217238187 0.4671937864258321 0.5335145757191125 0.6000254803110525 0.6634046513561958 0.7320537515475662 0.799286943917738 0.8651707354962886 0.9348353660543606 
0.07069949193252835 0.9857171742641332 0.13166582034644062 0.19764536644265374 0.9999991083276237 0.33608157445553216 0.40194361462694456 0.4671960560491854 0.5309840022735048 0.6002340498513543 0.6633041204415338 0.7320498109885184 0.7992848138820506 0.8651709246853719 0.9351972275827645 
0.08079911942222859 0.985695913804518 0.1316369228963346 0.2009675661316977 0.9999997137478256 0.3363213211367809 0.4019439034102133 0.46765453111219096 0.5335107153731755 0.6000258108954403 0.6633939488122162 0.7320545258094324 0.7992109031060025 0.8651612505396098 0.9349756946399139 
0.09093371365189633 0.9860111379283578 0.1316370689122808 0.20105800840861235 0.9999997709747162 0.33607169777975576 0.40201315343566885 0.46719378605036643 0.5335165725511165 0.5979450684922433 0.6621815197002777 0.7330711265807965 0.7992751628823828 0.8650664933095884 0.9350088523065335 
0.10100107878526211 0.9928120733161385 0.1317469537868353 0.19810633574797495 0.9999958486206303 0.3363275049403427 0.40194824066467794 0.4671938817492747 0.5336936414548801 0.6001908323134987 0.6634102419812224 0.7320569498789472 0.7992865425791094 0.8651695832518431 0.9348398210794852 
0.11110409339868899 0.9938655834461881 0.13166831270316173 0.20066915102796992 0.9999980807690954 0.3366934409930718 0.40199183899366653 0.4674875042073984 0.5337644126192255 0.5977131265230413 0.6633078358987126 0.7320569833910459 0.7992862651078387 0.8651699397612302 0.9349375044479934 
0.121194328234098 0.9940212994312717 0.131728246730275 0.20105643475531892 0.9999962548164947 0.3366908522705566 0.4019435439231875 0.46750550631496135 0.5338443492770119 0.5978221291572889 0.6687478018060566 0.731808656656379 0.7992551976025478 0.865171137564359 0.9352201102631298 
0.17940853546340887 0.9691694663571634 0.1317351653230887 0.20095426665469643 0.9999996367628122 0.3389086889176517 0.398125663550082 0.4675105746870265 0.5337861602731554 0.5965957814917225 0.671037480326215 0.731951066932596 0.8022776817214232 0.8637415360350168 0.9349635550698212 
0.18181583611213833 0.9998712113153464 0.13844471912119255 0.19801796955162498 0.9998851455648423 0.3405164645682986 0.39265282907156285 0.4716293271680813 0.537461966347224 0.5935251193865053 0.6713736939344451 0.7234217028632799 0.7949304276249926 0.8619110308075661 0.9371380710905624 
0.19185710898529518 0.9686667435293956 0.1317266743711725 0.20094220180042702 0.9999523710747068 0.3392646588543852 0.39851172415108305 0.46696180698836287 0.5351063771745808 0.596989959249626 0.671060012759236 0.7319481514687723 0.7999536400404712 0.8625937936932243 0.9363428703162547 
0.2020203310072788 0.9685196101488878 0.1384460577420302 0.19720772900072453 0.9999852096271123 0.33969401931905613 0.3981848942462698 0.4565455431489847 0.5375993765936756 0.5964999124405252 0.671030038418548 0.7233257221313364 0.8052100144934115 0.8608176809883071 0.9371235281504504 
0.21214372677435012 0.8920876011709735 0.13844591192444558 0.198021221162763 0.9983390315703523 0.34025212386819675 0.40806954159420195 0.45810256631200513 0.5343166966455776 0.6056039124538098 0.6632911658642893 0.728471072326756 0.8053018915187032 0.8598000676567739 0.9460286601284037 
0.22229058666533552 0.9489577444623156 0.13897803171974568 0.19754543999469287 0.9983503570240432 0.3290987395497759 0.40480574946231485 0.45789416660624144 0.5338756979501282 0.6069284022652611 0.6628359210323719 0.7228856335804077 0.7974417779164114 0.8502918676883855 0.945839698725772 
0.2323596172107384 0.9952188640758101 0.1352177707488279 0.19729320635692846 0.9999970013787216 0.33928866931291035 0.40791869785431106 0.46696181184423396 0.543137248893668 0.5931762264554266 0.6546501051879624 0.7226611796664563 0.8046867213410448 0.8547745424412562 0.9418394421875944 
0.24248213741936864 0.9630612431061288 0.13715795620952273 0.1986418074379391 0.9964839104398652 0.3285927217065949 0.4059485180529345 0.4570939002625887 0.5438566341060551 0.5941763021896774 0.6635514805583062 0.7272239907490068 0.7975626442558696 0.8513281841568657 0.9284757881243263 
0.24527768730964256 0.9826326371111554 0.13732270846280542 0.19939071074820386 0.9983611639838219 0.32873808526158455 0.4050875271969889 0.4571942468574296 0.5330934364184625 0.6031706350648885 0.6635337051039469 0.7373558762505361 0.8043505284906534 0.8535913367276518 0.9416301794038453 
0.2975457551925616 0.960560757666638 0.12777433669677926 0.21032342817452213 0.9972450210590279 0.3418975796060878 0.40970108345988504 0.46853278565294587 0.5222630339834524 0.6058697589921843 0.6629902857647887 0.7209911425218327 0.8123041960616524 0.8550759704771805 0.9286039585001915 
0.3030903588673982 0.9855316541524876 0.13732266171589524 0.19938199053938302 0.996163699720673 0.32874450698999724 0.4059258371090514 0.457194246825983 0.5208162743878865 0.6031674923951971 0.663565392551627 0.7373971939132812 0.803955966725716 0.8535915633528717 0.9416301885366786 
0.3132610152251031 0.896586527965784 0.12127274724577625 0.20565622058028266 0.9945642118817697 0.32859147459790766 0.40566741042519827 0.4796218426011688 0.5459566161409177 0.6032789898591251 0.663219886081251 0.7370131318373289 0.8121926295474498 0.8551585385603178 0.9410215166718866 
0.3232678237594778 0.960560757666638 0.12777434076926178 0.21032342817452213 0.9999676433466537 0.3418975796060878 0.3921560214383874 0.46851979548350703 0.5222630339834524 0.6058697589921843 0.6629880479286477 0.7209886620934773 0.8039919890133945 0.8651914821905445 0.9286039585001915 
0.33346476329698377 0.9617724249821547 0.1384914572313925 0.2100639734884092 0.9955916054322612 0.3417357513579306 0.3920631159217534 0.4693899746876501 0.5457959146204323 0.6170177511258872 0.6638411581732673 0.7371463096176076 0.8000961555527312 0.866924836791892 0.9287934225246306 
0.3436760816165683 0.8943897636457231 0.1376119130335618 0.20925981420294298 0.9961317556411505 0.3417660150618228 0.40571372371776376 0.4798862027112458 0.5209905756689429 0.5849023632354565 0.6846929534656309 0.7375973727632092 0.8012336742370205 0.8761868484620522 0.9288761142597942 
0.3535332971189863 0.960560757666638 0.12777434076926178 0.2103622531169423 0.9999603390650115 0.3391053932023475 0.3965092965377957 0.46889023594319673 0.5228288969207558 0.6058672716601993 0.6636844605908462 0.7343989721068811 0.8039919885116403 0.8754653238391602 0.9337193011579585 
0.3630859290252487 0.9675016867735375 0.12807648585782427 0.20924128867828984 0.9999599740282211 0.3370468400095222 0.4077990689457464 0.46485296629662953 0.5229497437316027 0.5943251203106874 0.6669138449504537 0.7347626151616038 0.8041408577515448 0.8699679272277525 0.9335797218658075 
0.4152627138339333 0.9679288551750114 0.12757203231764364 0.21032241373403773 0.9998624739376692 0.33703795352789123 0.4077105850477723 0.4623593776374659 0.5224222246040001 0.6056658482617044 0.6640246081556385 0.7204516713731107 0.8039919890133945 0.8761451441354295 0.9335758441923286 
0.42420629778004304 0.9805124627073434 0.1385355577570019 0.20150657070898212 0.9999926042437058 0.33609795605502796 0.3962463629336362 0.4644053360009132 0.5338038432784087 0.6040998428455281 0.663885155026611 0.7363267980510035 0.8037627987160928 0.866837149796783 0.9352011291343731 
0.4343393414658505 0.9918256396360675 0.1377540265415911 0.2092083706885258 0.9999601517282464 0.3407130107176196 0.4042340489059054 0.462220803265051 0.5416563711164095 0.5944291889359833 0.6638267633807228 0.7317134218520736 0.7995144891609022 0.871293233865778 0.9246973152880441 
0.44448526028423674 0.9800644813265095 0.13774627095859548 0.21342757899527232 0.9987233585384656 0.3394063785774315 0.40386387771297794 0.4679722770299131 0.541838604673011 0.593598641785928 0.6702666559599929 0.7265656229167082 0.8045208655727959 0.8743933412874147 0.9399900741674267 
0.45461477592353056 0.9800572555171677 0.13773324152029948 0.19846336899518166 0.9987481958910159 0.33936045793503683 0.40406792507058653 0.462125166008099 0.5416260620834876 0.6019619200291596 0.6631701127080165 0.7385531467884023 0.7995081520885782 0.868611049359254 0.9491670804187775 
0.4646890148605746 0.9996303491285418 0.14013159764452082 0.19657989639880702 0.9997341011367837 0.3428600261355582 0.40385395655816614 0.46162889522712486 0.531622624255518 0.6039510107201588 0.6637045050523974 0.726717524826279 0.8023576354380232 0.8636892415684948 0.9475999026031653 
0.4748062961793936 0.9617396728802033 0.1221374828324491 0.19652638116720386 0.9987945599320908 0.34074302993645167 0.4110435922222302 0.46985711284847564 0.5323572283105874 0.5925945277407827 0.666753325263276 0.7377331105549783 0.7913543828303244 0.8604010172829597 0.9219340245682249 
0.4809390660105771 0.960635234429158 0.13520911857288395 0.19658793232697738 0.9999695207613603 0.3332832105949054 0.3967697059753449 0.4698086445293859 0.5366006667327894 0.592568855253349 0.6701055078516599 0.7362383235766888 0.7946560313751938 0.8690557531670935 0.9423011453825132 
0.5337403276599838 0.9608646400008023 0.1221605383180209 0.21226466622027082 0.9772117178636341 0.3409547983770933 0.3967674454413265 0.4698071540551713 0.534003771441002 0.5996467731882617 0.6571617663158619 0.7374278447765503 0.8101259465371835 0.8811727648453809 0.9425664130663307 
0.5353982938411059 0.9606419219079932 0.12230971816073016 0.21058678413759327 0.9988131362867806 0.3407855670499728 0.396625169546085 0.4698589161782768 0.5336235784840184 0.5917252601391284 0.6700345313882545 0.7378774607764177 0.7975321592811286 0.8689881846669443 0.9229420547052116 
0.5455526112548105 0.9779060719068493 0.12321187096456583 0.19652609769949073 0.9958694934192035 0.33918542047190114 0.39662994550627845 0.4702530014660597 0.5451234591599485 0.5899739119924096 0.6631664013579518 0.736787998643876 0.7989713492962978 0.8689863545744066 0.9215233837484761 
0.5555922315148208 0.9608917907674639 0.12216040603733024 0.2104435943617067 0.9987945599320908 0.3406721285593222 0.3967637121823276 0.46988767297223216 0.5376201582700251 0.592563193306224 0.6631250696983586 0.737813304626204 0.8090244198234022 0.862880416993475 0.928658361033663 
0.5656922837389597 0.9688112182001821 0.1386966133887074 0.2104934403733301 0.9988011787645588 0.34239519825396364 0.39662465481422754 0.4703354198340736 0.5317405816869509 0.5925314307434034 0.6631656795330629 0.7237197385197828 0.8091954091499299 0.8648114396125531 0.9286397032534837 
0.5758823167803704 0.8660044114951848 0.12212489776329591 0.21171039609807177 0.9999900890085407 0.3413340048418645 0.39653226945657216 0.4759475404456518 0.5336112549093801 0.589522552046282 0.6647004179302567 0.7237456649472492 0.7976679501138692 0.8628390017076435 0.9229420096580867 
0.5899398358993606 0.7886778381035289 0.1389812123539095 0.21034711324826025 0.9999554404541385 0.33653072281859286 0.3967394845141505 0.4648763769066206 0.5336063494308232 0.5899278083335084 0.6631302780520374 0.7232254877620283 0.8098014234815433 0.9046487972977175 0.9232421189670276 
0.5959626510831747 0.9801847061465687 0.13900925157326832 0.1973689508729507 0.999784559868583 0.3414219826021294 0.39662465493106036 0.46861104909594586 0.5317569918711791 0.5967859877705805 0.663225112139471 0.7234808163292098 0.8052376581678217 0.8649122398771013 0.9229706209024512 
0.5987843808871585 0.9801847061465687 0.12934526998660328 0.1973689508729507 0.9988316783326578 0.3286112744354874 0.39662465493106036 0.46861104909594586 0.5317569918711791 0.5967859877705805 0.663225112139471 0.7234712864907037 0.8092974906072968 0.8649122398771013 0.9229345481033387 
0.6509037955360877 0.9788434761633792 0.13900925157326832 0.20789366107141796 0.9999878434213855 0.3286112744354874 0.39662465493106036 0.46861104909594586 0.5317569918711791 0.5967859877705805 0.6632412653816115 0.7234699685302183 0.8092974906072968 0.8649122398771013 0.9229345481033387 
0.656621268711396 0.9848389756028847 0.13791129647285352 0.21041204050187734 0.9984793399969393 0.34181345046877454 0.41117622224240563 0.46413269144858804 0.5311205205793794 0.599399267948965 0.6715924350157428 0.7354206643550175 0.8064815450525493 0.8710836573107524 0.9232509850169035 
0.6667695887267331 0.9481224511151561 0.14151155008479455 0.2077771882040467 0.9984977418884825 0.3410964698703053 0.4090059107846458 0.46420936091496107 0.5453986565445067 0.5977630917998846 0.6738052539857703 0.735402880581266 0.7891762562783426 0.864667971561099 0.9225238104400424 
0.6767917875494509 0.9709150313384834 0.14155032362316403 0.20633817601069618 0.9985321456270934 0.32954211031663194 0.40660319811964063 0.469464589310006 0.5318439997465588 0.5977899032266872 0.6706329431512227 0.7353875489872811 0.7893387417186256 0.8639847357480599 0.9429191635749333 
0.6870270272467933 0.9481338359529974 0.130073896185629 0.2076304651050146 0.9994478829192474 0.34327097850891775 0.40504310786245995 0.4712873815367986 0.5313568209485753 0.5977698039909584 0.6668662985473676 0.7354731552257137 0.7882090240568888 0.8817689000892595 0.9222180350306477 
0.6970629815446603 0.9709278792781173 0.1376491121642191 0.20538881344451648 0.9984977418884825 0.34719652615949514 0.4082430389903118 0.4640924100629995 0.5314232505983061 0.5976348816877841 0.6705340928166273 0.735402880581266 0.8065082361721815 0.864667772342464 0.9219452391792483 
0.7070638582663857 0.9981631848317728 0.13184674692983434 0.201000947675117 0.9998379674309159 0.33629144548586437 0.40504310786245995 0.46488086504660514 0.5366466918586126 0.6001937549335082 0.666934169533222 0.7364379666360142 0.7991226990733653 0.8593943607038028 0.9422095145780097 
0.71661462630063 0.9967627683105594 0.13174552549957327 0.20107694978898888 0.9998379674309159 0.33626972019215695 0.40504310786245995 0.46488086504660514 0.5366466918586126 0.6001146785226503 0.6668957871652229 0.7364379666360142 0.799452716136844 0.8593943607038028 0.9422095145780097 
0.7740988037800304 0.9313814874607318 0.1302533635624561 0.20785532403498275 0.9994694243321732 0.37048110545495 0.40504310786245995 0.49457282331884184 0.5367334230043176 0.597627345106162 0.6666536355130016 0.7364440295517901 0.794641155159201 0.8596616076117893 0.9422450739535446 
0.777751105131438 0.997433408442851 0.12994889385753408 0.19743490842099004 0.9998014373003773 0.3272078655377653 0.40504310786245995 0.4645377922411636 0.5367334230043176 0.5983911384940032 0.6670425255901743 0.728420642777232 0.796648187371273 0.874859093883283 0.9422452618231002 
0.7879233554761322 0.9603702431589867 0.12236324290044347 0.19748921175139422 0.9994043203588885 0.32716962260869725 0.41091188154750075 0.4643516440392883 0.5367425679398361 0.5983516467540604 0.6706352105847468 0.7282047721608671 0.7967861786628534 0.874867594365373 0.9422453437046013 
0.7979867423887945 0.986565537508924 0.1274808755029543 0.19852732288289554 0.999609995189881 0.32730201872213105 0.39626043961318713 0.46435720631512095 0.5367503542955077 0.6078975140342261 0.6704449644979539 0.7229776309929118 0.794685483501717 0.8668526602904798 0.9428232478751315 
0.8083522897332565 0.995842298096183 0.13021138792011375 0.1975642101307291 0.9850545200828112 0.3278868192084266 0.40388158471653024 0.46149620764966537 0.5362522122409635 0.5972745951062891 0.6706055419438977 0.7235960661780745 0.7895839695919542 0.8668671054694082 0.9422731111906217 
0.8182655317763806 0.9159248142841133 0.12032329520788998 0.1985282362413579 0.9994331933739369 0.32846101590420174 0.3941965338956383 0.46434801304399237 0.5355210858037561 0.597270331305694 0.6706498934507112 0.7228845357249402 0.794704197278744 0.8743054095097571 0.94283692305732 
0.8282954733912606 0.9616570769782377 0.1285254042681344 0.1992661177568233 0.999410244761686 0.3284796165958039 0.41072364567718456 0.46434801304399237 0.5367430394921123 0.5973184345260673 0.6706498934507112 0.7282037915028653 0.7967426387828799 0.874874616822172 0.9428364625442912 
0.8344251068179195 0.9862912106418122 0.1316387692358144 0.19751141097717728 0.9999522584239198 0.32845029763212474 0.4039649036124103 0.4673126750923427 0.5324054929527063 0.5973191369706292 0.6706251563266775 0.7320483259161066 0.7999514708829103 0.8623782360746333 0.9423359298448793 
0.8889452127080893 0.9805088278043056 0.13733082796222473 0.1944727870493049 0.999430044116137 0.3403088098533717 0.41239509286673204 0.46633353998028954 0.5324772148931595 0.5985097892867133 0.6725112958120165 0.7282393804424584 0.8050741438431318 0.860415677902956 0.9441410426351771 
0.8989817835918786 0.99734244184176 0.13717327996737416 0.1974117126530454 0.9994361468837945 0.3286055877180904 0.4108158129688455 0.46851095188249336 0.5324775748117965 0.5984036931207998 0.6655224842172827 0.728458674541245 0.7988633008562235 0.8751859540483906 0.9358716486401292 
0.9090799210767355 0.9811780043144235 0.13717366504617 0.1974117126530454 0.9992018753828122 0.32915663775160225 0.3965278778943569 0.46849792317956335 0.5346278244340296 0.5984039240357899 0.6629006935613959 0.728458674541245 0.8012015209425906 0.8751859540483906 0.9438316802141292 
0.9192053456649455 0.9826407520546041 0.13616642260569936 0.19657304576910067 0.9994248919704758 0.3431611236195525 0.4107533748613138 0.4658340681466618 0.5324756746431255 0.5983865036406636 0.6637477763381971 0.7284112397292971 0.7988495255510903 0.8749546035456137 0.9356492352842872 
0.9293166564043337 0.9966894129013106 0.13713987316007623 0.20923562595464074 0.9993893863893226 0.32900790605048386 0.40572526452001506 0.46782716172356836 0.532454022559344 0.5977331841145074 0.6548589384234527 0.7275097874944921 0.7964963305046965 0.865600638896964 0.9401161893713975 
0.9393416577443345 0.9281107507122848 0.13250512606252554 0.19773700460114305 0.9992096346852803 0.32856140944062595 0.40570051966802323 0.4684973165498309 0.5327852548101165 0.598405229501042 0.6637461512848936 0.7320566169615129 0.7990256496257752 0.8642587755196119 0.9356673310924739 
0.9494530309278634 0.9999829336913201 0.13119083998075282 0.1964890973216945 0.9994055765329611 0.3285618690380393 0.4056954325194055 0.4684981714063833 0.5325112090181948 0.5983862951404737 0.6637293140856693 0.7284187498458398 0.7954987611971861 0.8751859540483906 0.9356710898805264 
0.9523190682240084 0.9966894129013106 0.13730255049261803 0.19794600594318648 0.9993893863893226 0.32900790605048386 0.4024429941652757 0.46845695457047865 0.532454022559344 0.5977331841145074 0.6656606207312755 0.732128441849538 0.7964963305046965 0.865609216593062 0.9401942161121521 
