0.227531118731561 3.488838837762848 
0.6271850028496565 3.3096312688916316 
0.6302174191247211 3.2915560811020526 
0.6518250991896022 3.1512060700969107 
0.6531419666836248 3.142525834726786 
0.7577047321236772 3.1142221514118393 
0.7699714396371268 3.047603584297297 
0.7993227213543137 2.9722882069602425 
0.8337977475582445 2.925444784526262 
0.8355813219961504 2.916445371725677 
0.8933799784541022 2.285507276618395 
0.8953961455282982 2.282196607736688 
0.9273988085935978 2.250628412712236 
0.9386147356889969 2.248465710802521 
1.189028495866794 2.217055738977783 
1.1922742148355479 2.1939263684513395 
1.2064553465730006 2.124324805987294 
1.219339889093112 2.057351623708385 
1.2307366575450458 1.9902629595099395 
1.241159771209761 1.9241631309727676 
1.250623068328936 1.8596526851050545 
1.2609820147023811 1.798302170211251 
1.2683714903625845 1.736014342610919 
1.2803802850385408 1.6443885581273279 
1.2832131244933644 1.6194594194228336 
1.2902275699126122 1.5641306862929318 
1.2972764012224423 1.507735782694189 
1.3036290114992584 1.458098741815299 
1.3124926778290253 1.3824390376361353 
1.3153495390987437 1.3592353721451886 
1.3264540717671025 1.2649509037449953 
1.3319195650428535 1.218355702787152 
1.4134613483550111 1.194729839998963 
1.4185051380460008 1.1517445584609924 
1.4234114563923714 1.1099696286787324 
1.4281793131700484 1.069452096536718 
1.4328279713291363 1.030060314739534 
1.4373628761202597 0.9917749802163789 
1.4417949084106594 0.9545265760569906 
1.4461345159135093 0.9182462632836134 
1.4503701964851787 0.883044964332351 
1.4545267123786683 0.848728952728948 
1.4585981039833689 0.8153577045384931 
1.4626019192479944 0.7827958846234002 
1.4665345157280685 0.7510803721590518 
1.4704046902603458 0.7201457672849582 
1.4742160374045177 0.6899681643274002 
1.4779591089178097 0.6606246325006123 
1.4816621961434422 0.6318962194206004 
1.4853127750598996 0.6038832927231037 
1.488922290060637 0.5764998397283165 
1.4924915173006343 0.5497421227937236 
1.4960076795319122 0.5237053062566904 
1.4995039052527643 0.49814523524268317 
1.5029615788545365 0.4732002581389213 
1.506382294007934 0.44885782481624426 
1.5097944025988503 0.4249187474766459 
1.513158597307144 0.4016590464366546 
1.5165255116053469 0.378729754081874 
1.5198596557983237 0.35637571003374846 
1.52318277876652 0.3344513408060275 
1.5264952933662388 0.3129571888342381 
1.5297912972908707 0.2919334729460579 
1.5330829661055616 0.2713049726072418 
1.5363727053818057 0.25106112735951874 
1.539651962066446 0.2312575897021067 
1.5429467259365541 0.21174306327065717 
1.5462285582482154 0.1926908595056719 
1.5495208601981776 0.17397299504073893 
1.5528300665094283 0.15554871788539312 
1.5561473590255366 0.1374877681415792 
1.5594897229580287 0.11970250256823399 
1.5628452908442034 0.10226582882841213 
1.5662281589436593 0.08511438730445128 
1.5696421459205236 0.0682418249699745 
1.5730871207784438 0.05166224939983125 
1.5765740443609355 0.03533821907705619 
1.580101814215142 0.019291869115451193 
