0.21599654225040177 0.9834413531566211 1.0498766474510728 0.20023374482264963 0.26717041954483794 1.2503957321607326 1.3158350904287566 0.46664719373580715 1.450219971360959 0.59975479241305 1.4999999999788958 0.7337155764687392 7.719757540242787E-11 1.4575294624215184E-9 0.932852287745871 
0.5343300816673756 1.1988206127865135 1.0500859537254965 0.20007021193156185 0.34805762459924366 1.2497061409079788 1.3162989968013943 0.46666765481446454 1.4502199844812793 0.6003990381546515 1.4999999909567245 0.7337158218221819 1.908065957648429E-8 1.190739078571307E-8 0.9150140090093407 
0.5397589606590004 1.0251311349271002 1.050141777637152 0.20049801809421802 0.3469991529871234 1.2498558137469633 1.316188871601756 0.466647248321926 1.450209905438978 0.6004011428995444 1.499999987130835 0.7337158270082634 1.4333605747559828E-8 1.0274827081624476E-6 0.9328895180049737 
0.594281301837045 1.007491168267717 1.0941710321126872 1.2931879826248016 0.2663498764682731 1.2821004449964015 1.30843096098054 0.4667593664052678 1.4464177543579155 0.6434114127297991 1.4998142859054155 0.7338326931639675 3.763660115543993E-4 0.23406310209487352 0.8842071972827173 
0.5989940939647324 1.0280881394694426 1.0483608148999857 1.2807792008202572 0.2663887122010419 1.3046975042346172 1.081405274363847 0.46685365806623974 1.380896415345668 0.5977210642960022 1.4998221474784463 0.7337568974441494 9.043687497208852E-4 0.23352152401002524 0.3077389448306484 
0.695737016764259 1.005868112050198 1.0532704331111575 0.19373931617417295 0.2662712398446937 1.2476806116864525 1.3164094761407936 0.46665268995540027 1.4496569389292837 0.6004013253994508 1.4998227147252827 0.7332944156084024 1.2718475978090847E-10 1.0673059554413658E-5 0.8738449555409891 
0.705864206970736 1.0070320972109938 1.0529700338715342 0.19366243474651168 0.26578384791663195 1.159734724107962 1.4054335134536764 0.46675740511927327 1.4304103141652578 0.6004011633130472 1.4998211463617601 0.7337639076515929 1.390647456877471E-8 0.007686118313652915 0.8731210515456587 
0.7227709830133918 1.0212653340682396 1.0483441967293736 1.2374257210463027 0.26632327160822133 1.159141953931985 1.4201051759831043 0.4666577386175754 1.4304101070300486 0.5992724673902282 1.4998201526233501 0.7337568922105343 0.19296288407296477 0.2335029878620685 0.8832791136312403 
0.7388114181917143 1.00211856147325 1.0064296434755347 0.19958985126638212 0.26717143740203136 1.1403759137203973 1.3203848331070196 0.46686911283290405 1.4502116048171725 0.6015206977190305 1.49999999517797 0.7995946373653638 0.19838205599419517 1.0996126785051168E-5 0.933104608127385 
0.7402731197459795 0.982981098810029 1.0498695380761118 0.20002106881552256 0.2662515230228493 1.2493544069066433 1.3159725985868513 0.46666006055367537 1.450223226301383 0.6004010321012403 1.4999999706872316 0.8054293926332665 0.0018724781252821843 0.00814178483881288 0.9300526321974154 
0.8480905267370824 0.9832028953828514 1.0498436481043818 0.20002108271726854 0.26624557452620373 1.249354386233489 1.3159726298555345 0.4668693234731516 1.450223226301383 0.6004010290441477 1.499999995102783 0.7337266363028558 3.055296660028276E-13 5.104403383188347E-9 0.9332171619131818 
0.85000448522342 0.9832161580057186 1.049843651903302 0.20000767152890994 0.2662455731019476 1.2493542251836303 1.3159726294657372 0.4668680931684588 1.4502232259551988 0.6004075301972762 1.4999999951028327 0.7337266116706611 3.257119447749567E-13 5.108982200549854E-9 0.9332039612956174 
0.8803847892385283 0.9831419347192774 1.0501750397838283 0.20000762133176878 0.26630733251264366 1.2493544117453865 1.3159422379613932 0.46685738210160205 1.450223920815531 0.600407107083537 1.4999999951357676 0.7337266114271277 7.40266673779321E-11 5.10416966837424E-9 0.9332039624246156 
0.891032130598682 0.9831177276607093 1.049841401704643 0.2000800071337275 0.26624529435821026 1.2493543717193711 1.3159733726720506 0.46686868475206866 1.4502232236494135 0.6002968168169294 1.4999999945434963 0.7337266368515414 4.762602487624465E-13 5.0717304749165494E-9 0.9332029331446062 
1.045260338099978 0.9261439827331694 1.082544937363612 0.1258109746906007 0.26630887890922705 1.249357211693179 1.315983518685005 0.466858358412631 1.4357805316983592 0.600407204790862 1.4999999121545482 0.7336880837300938 4.455289553721146E-8 1.0675625212619802E-8 0.9332039752079478 
1.048118253565092 0.9839905797289457 1.0504881848872663 0.1258109746906007 0.26625767166679976 1.2499709273968975 1.315983518685005 0.4668673003930809 1.4502893792581768 0.6004052072950662 1.4999999109990914 0.7336880837300938 4.455289553721146E-8 1.096038477590447E-8 0.9331969310523601 
1.0576035632899679 0.9834256310991996 1.0501437387997974 0.20062514418092126 0.2671629272771344 1.2506046753700495 1.3158513829393557 0.46697624144894784 1.450292168668527 0.6003837468321088 1.499999821725759 0.7337163645644597 4.613934439483862E-9 2.2566995269383686E-6 1.0082461641210387 
1.066747392323982 0.9832514262205916 1.0641088170563375 0.20002235469355265 0.26715657263076026 1.2506771162877097 1.3160015569568169 0.46697437098597533 1.4500769327745873 0.5994644558633034 1.4999999873676866 0.7331240510266419 5.276974559197417E-6 1.698318859800654E-8 1.0087537416221148 
1.0758457169828712 0.9529644670415351 1.0499723081897525 0.19613074397270952 0.2671890385879138 1.249667888827591 1.3242724281801665 0.46697439039908906 1.4516543134428033 0.6002135560824371 1.499999919106907 0.7337278791755822 0.076155453838915 0.10102608490989796 1.0087586911056454 
1.084926514334614 0.9846884320276037 1.0499699968114646 0.12437073348831064 0.2671538874203345 1.249340377934465 1.3246413002686068 0.466866472820149 1.4502222268776745 0.5998967676371686 1.4999999747045918 0.7330964386371531 6.695755665012214E-7 2.029072011737799E-4 0.9324954861266564 
1.093972675616365 0.9831710455828873 1.0501432200590848 0.2006691188256572 0.2671550813206164 1.2496128831955648 1.3153111540685254 0.4666500175135423 1.4516071744998118 0.5996594455733045 1.4999999879800123 0.7336301127732942 1.302902689591818E-7 7.308253179735485E-8 1.0087864112928957 
1.1031621072722892 0.9811180710640512 1.0499123381178284 0.19985076852344216 0.26710426409780935 1.2521696296362173 1.316550357974554 0.4669762299832273 1.4499364803825898 0.6002766131562142 1.4999965840011837 0.7330380519310178 6.587818878775541E-9 5.979487414586627E-7 1.0087574230042609 
1.1123696278792656 0.9810810681333384 1.04929575096243 0.19923319847059243 0.267131616253047 1.2496698294613275 1.3157274763618343 0.4668576294221554 1.4516139929265226 0.600250074333578 1.4999992847953878 0.7349395453850524 2.673736128953522E-6 2.0038462050582593E-4 1.0081341984993681 
1.127123107460594 0.9811233183165137 1.046973800998457 0.1969178781939699 0.2671325683176283 1.2517346856575977 1.1301667873939203 0.46640321172047283 1.4498885985332997 0.5981983922856335 1.4999993463518744 0.6607989214077675 0.14135896701383366 3.806556603070825E-7 0.9328257585537936 
1.131316358740109 0.9903167734398689 1.0426330568221442 0.19692912029567583 0.2671354846776796 1.252120811366906 1.315306564540101 0.46639186128156834 1.4500614284347946 0.6002495872914921 1.4999951567441467 0.6607923914038832 0.13186527352030122 1.5946837221767908E-6 0.9324267650104257 
1.14126305679252 0.9809406432335377 1.0466243462710834 0.20012056443020648 0.2669521936900127 1.2499407115411536 1.3199924145332755 0.46652576832236037 1.4520702137517387 0.6014464485644717 1.4999999672342994 0.6607988896002218 1.4662387690374054E-7 3.306189910818122E-7 0.932788943301363 
1.1522741651202892 0.9838514380916037 1.0480255108748229 0.20016414066704058 0.26717417427064527 1.2534738029465913 1.3747875111963839 0.4185606974206963 1.4493159775596078 0.6002697951940033 1.225084783368771 0.7341270163001972 3.233724894125678E-4 1.474487366910788E-6 0.9324391387847429 
1.1629943709224213 0.9838050209250785 1.044920796672281 0.200162825855703 0.26717417427064527 1.2505387535316521 1.3718766823218616 0.46884426333016654 1.4521377455042896 0.6002697624359499 1.2174061167589199 0.7341259061629802 1.4850900323692235E-7 1.4617035618683956E-6 0.932440018887892 
1.1818160168255758 0.9837428924768242 1.0605447727105264 0.20015635781514426 0.26694974152334816 1.2522650792218475 1.3202384415378536 0.46650826534295176 1.4309158538365871 0.6014432844314159 1.4999999729500089 0.800222774300307 1.1815111037780842E-6 1.4464035788768912E-6 0.9103216753059982 
1.188571797817854 0.982148013068178 1.0495395532313125 0.20015553354072124 0.2671889253904886 1.2500741237302122 1.3201005958330438 0.46648361888707085 1.4505586398312278 0.6014464160082846 1.4999999947533482 0.6674047443559655 1.0684535314786745E-8 1.185143948526656E-6 0.9335510353681494 
1.2256970321150347 0.9827885126501008 1.04979522157595 0.2006222573080875 0.2634086432761551 1.2500408202124935 1.3152175680365958 0.46650845442827477 1.4506546158205729 0.6095700217321056 1.499999974559227 0.7896536269187691 4.185034484254208E-8 1.2641705524330414E-6 0.9329208348740854 
1.2643617031886356 0.9831365867442258 1.0497999804230618 0.20015558884343482 0.2601294473579097 1.250071268083444 1.3157910503871828 0.466089412599443 1.4513634097499164 0.6096167121581332 1.4999998197527746 0.7330240172919189 2.9846692053767736E-9 1.204791284302337E-6 0.9335340684853468 
1.3418066312155696 0.9833399724791607 1.049886051180339 0.1997373976757976 0.26719033950448556 1.2498840220700964 1.3158923409361236 0.4668790714770437 1.4502967351417342 0.6002186917835125 1.4999999433047269 0.7337208483120424 1.7168275937647756E-9 9.850642767863798E-8 0.9335592455139224 
1.3465947277077694 0.9828392957910157 1.0498831198918077 0.19970127250552325 0.2672006109054901 1.250071141194423 1.3159424797756867 0.4667568695830618 1.4506535096284916 0.60022565133728 1.4999999745968513 0.7337215780883924 1.0269658642029244E-8 1.9652959213548776E-6 0.9335653850098251 
1.3512523232581322 0.9833385712648509 1.0498472235251557 0.19973423547460917 0.267190246891253 1.2498896009272376 1.3159662793750408 0.46648329697942664 1.4502999444622016 0.6002581429290261 1.499999943985637 0.7338505979651643 4.025388908359396E-8 4.166741200175306E-8 0.9335592890929801 
1.3557784759039808 0.9831959496137258 1.0498027942185348 0.199701892917663 0.2663064728361509 1.2505425335001294 1.3157876360577379 0.46687448425781775 1.4503083683090376 0.6002747657458031 1.4999999962895165 0.7337429020999701 3.256311715681545E-9 3.3186554040697486E-7 0.9335588991022167 
1.3601914730810207 0.9833663284962517 1.0498102136777676 0.2000755947734217 0.26713418741959977 1.2499845700375085 1.316291038888128 0.4664832197457848 1.450299710568825 0.600217265085842 1.4999999981433296 0.73377972679143 4.1332484239892434E-8 7.460058617244352E-8 0.9335503695339946 
1.364496483139889 0.9831844529811373 1.0500214223461775 0.2000700710208773 0.26634162101339576 1.2500277261726624 1.315989893985653 0.4666851352150241 1.4503035965292508 0.6002821671125219 1.4999999948877016 0.7338506354364096 3.235826413710254E-9 6.0544517623767595E-9 0.933238583570849 
1.3687038352499241 0.9835037441302735 1.0496546455021578 0.20006050508648937 0.2671358889823865 1.2500950319149013 1.3159651394247214 0.4667749911943067 1.4506481442431935 0.6002563387759341 1.4999998251981053 0.7336811249516808 9.122629043425397E-9 3.5082797594206585E-8 0.9335547557062004 
1.3728234486172217 0.9835176945630973 1.0496546455021578 0.20006050508648937 0.2671358889823865 1.2500950319149013 1.3159651394247214 0.46677924922182246 1.4506481442431935 0.6002563387759341 1.4999999577091032 0.7336811477282479 9.177613897453133E-9 9.277370792155155E-8 0.9335547557062004 
1.376844403726856 0.9831844651079257 1.049746783976856 0.20008193733142207 0.2671693223660969 1.2500951179875037 1.3159688168106074 0.4667741154628005 1.4501465841523775 0.6002492361999959 1.4999999954139267 0.7337743070690729 2.1604851438287243E-9 7.942185508050343E-7 0.933552524509357 
1.3807902072133666 0.9831776622791537 1.0497635676233814 0.20009008999963898 0.26629136686749816 1.2500262139544598 1.3160558593483551 0.4666587306853567 1.4501439112372445 0.6002516286790994 1.4999998501519094 0.7337759490973359 3.6739758509828255E-9 8.864518067020721E-7 0.9335279004897257 
1.384655202041922 0.9834589520053447 1.0500139557106374 0.200066177241327 0.2663120889131336 1.249983977491446 1.316306672751897 0.4666374380773672 1.4502105202737852 0.6002886943950374 1.49999997461056 0.7336816069112855 4.013632144415227E-10 1.73509780747009E-8 0.9335662523045862 
1.388456045727929 0.9832082446470365 1.0497714257377688 0.20005074309496046 0.26675692364570963 1.2500733662803385 1.3157874707494688 0.46678095979709616 1.450147538257074 0.6003992743323957 1.4999999974040503 0.7336783085422187 3.078466079316009E-10 4.855430617787271E-8 0.9331965945838899 
1.3921892811232186 0.9826790961563419 1.0500829319412126 0.20009016074806718 0.2662966452199099 1.2500993458755036 1.3160555888241507 0.4667791158349586 1.450144023881631 0.6002601883061829 1.4999999667060786 0.7337213553757745 4.223444551101574E-10 9.391901084432286E-8 0.9335508903875733 
1.395863258710594 0.9831715624150195 1.0501032506376935 0.2000077967686812 0.266297040348446 1.250073045561426 1.315980168656042 0.4668608471009393 1.450578965672135 0.6002689089807169 1.4999999186787334 0.7337767230634515 1.557880872626618E-8 2.0814935359618525E-8 0.933551929830956 
1.3994813911862336 0.9834624565943666 1.0500971448900607 0.20009214700054676 0.2671487810382048 1.2500029628529379 1.3160487135864536 0.4666565117209995 1.4505789393100805 0.6002640423331932 1.4999998753288604 0.733785160076746 1.888791069314142E-9 7.891195754135278E-7 0.9332116734483827 
1.4030347104003023 0.9831277955071306 1.05001396229511 0.2000651291739662 0.2663424272024112 1.249983271649226 1.3163083810899403 0.46668156779139536 1.4502278704938911 0.6002814968924813 1.4999998666510832 0.7337861082909827 2.340995895638441E-10 3.742863722100804E-9 0.9332387326788302 
1.4065500709441316 0.9831384434395212 1.0500877501798402 0.2000818509729362 0.26631179331591476 1.249983147684649 1.3160406948551506 0.46668207418902485 1.450543896409047 0.6002905319729496 1.4999999867865466 0.7337876327213728 9.621541642642555E-9 3.602662091041312E-9 0.9328547412825079 
1.4100155862793353 0.9831178989506211 1.0500898799768061 0.20008121394369419 0.266296977200683 1.2499811764543312 1.316290703575351 0.4666677123305595 1.449995554749568 0.6002837755955074 1.4999999868898142 0.7337314807320864 1.6340649154450027E-8 1.4404783917118686E-8 0.9332264790554827 
1.4134421186197794 0.9831154356405419 1.050109278084201 0.19986658534923243 0.26623503520216535 1.2499833089132768 1.3162876322741701 0.466671398621145 1.449946639216101 0.6002778733788826 1.4999999968277158 0.7337875153668179 1.0280965029889046E-8 6.255419832398597E-9 0.9331791480918067 
1.4168304055213194 0.9832165158754772 1.0500899269011739 0.20007403426554893 0.267190005557426 1.2500369346514655 1.3162998095491767 0.46666771447088584 1.4499898183102318 0.6002834768634505 1.4999999909600648 0.7337319306258107 1.9329966534352248E-8 1.4711675305764152E-8 0.9332256475230061 
1.4201683177289715 0.983138196117967 1.0501164577393958 0.20007747509773777 0.26631196073141294 1.249983321550755 1.3160351381966937 0.4664981437591534 1.4502109546451436 0.6002806535261243 1.4999999707332703 0.7337256404521582 1.0436482560490075E-8 3.589794336961934E-9 0.9332236930825833 
1.423487303794424 0.9831178503846684 1.0501474437261178 0.20008003435020147 0.2662527867426759 1.2499819712523859 1.3163149440540096 0.4666675953965996 1.4505494215669001 0.6002913671769918 1.4999999869419862 0.7337319147426408 1.6233416229329284E-8 1.459082216558277E-8 0.9332256827757458 
1.4267696921809625 0.983136347523524 1.05013327838283 0.2000748492408269 0.2671443837205697 1.2499833986253117 1.3160651305671125 0.466665038286121 1.4499469565552556 0.6002914366411138 1.4999999888202415 0.7337330700345248 5.025416754793555E-9 2.1435091406209328E-7 0.9327856863691397 
1.4300169952938648 0.9821515608246804 1.0497715812335167 0.20005375483041446 0.2671659418424554 1.2500694573670763 1.3160381226669653 0.46664721387147284 1.449996919344039 0.6002597502714386 1.4999999909063386 0.7337338512368206 1.96220029121611E-11 2.4243434305368182E-8 0.9327876421332769 
1.433256129096538 0.9831383787888425 1.0497713367235726 0.20006860615753166 0.26716619663689545 1.2500281461083338 1.316038118557331 0.4666652979735807 1.4505531365844977 0.6002617856874185 1.4999999869492797 0.7337338654320666 5.1132777424859336E-9 2.350977258843384E-8 0.9328148009434772 
1.4364497699205867 0.9831413042543454 1.0501398132654793 0.20000666238855508 0.2667522774490381 1.2499999802482005 1.3201325086949274 0.46666153785845954 1.4499321842127126 0.6003773691206085 1.4999999934225723 0.7335595235786272 5.336487321184298E-9 1.7991945992288383E-8 0.9332024269143842 
1.439646007479343 0.9831020958263444 1.048794829421222 0.1998645034949615 0.26715155211742847 1.2504183226720889 1.3159282765943452 0.4669026298407278 1.4499675203686713 0.5996799912559266 1.4999999903785266 0.7337885856105952 5.170719387648099E-9 4.472955673641867E-10 0.9335707971076039 
1.44281113001076 0.9831058507021199 1.0500861919097948 0.2000771256855366 0.26706016299927554 1.2499150096426312 1.316027384206595 0.46690865656238684 1.4503136504953147 0.5996895509048917 1.499999995560844 0.733567042026924 1.236777305092017E-9 1.8271582658529986E-8 0.9332638060073508 
1.44596578818242 0.9832288689158034 1.0487819692769351 0.20007011874818822 0.26677430120872087 1.250426694465411 1.3159521297081997 0.4669468752699932 1.4499470280173914 0.5996839700695057 1.4999999995462683 0.7335767493907028 1.3105365203044472E-9 3.439734569065316E-8 0.9335612542596287 
1.449110376852083 0.9827613753124211 1.0501127165355593 0.1997307462004963 0.26676521711218426 1.2503674992712142 1.3159929465693998 0.466899742632109 1.4503288162726413 0.6003869162422252 1.499999999546536 0.7335771314353141 2.0218831231438028E-8 5.192077920167384E-8 0.9331979885829246 
1.4522392903156494 0.9831502508625698 1.0501129236116546 0.19964104780309708 0.2672246897917668 1.2485227188213828 1.315969447521143 0.4668996545142416 1.4503189014873996 0.5996876743819134 1.499999995561952 0.733577123438062 9.179585905402353E-9 5.227350274081057E-8 0.9331926796796945 
1.4553640911538759 0.9832240360257368 1.0501223119895564 0.19968452928053798 0.2667858427237245 1.2499204165390203 1.315962518743638 0.466893433527074 1.4503289729073796 0.599686597667942 1.4999999990702442 0.7335789944191815 1.143927976254292E-8 3.909951422220258E-8 0.93320272950735 
1.4584870584744458 0.9832613107978373 1.0501132078026716 0.19972783848540857 0.2667822992215971 1.2504266304851666 1.3159622808613285 0.46694740656495415 1.4503206069370582 0.5996897994844371 1.4999999955043055 0.7335973068471922 1.101983972213252E-8 1.3343228814105186E-8 0.9335472282974395 
1.4616000743183837 0.9832284241688188 1.0501224668127018 0.20002049820218928 0.26678289656161625 1.2503961563318802 1.3159623041883732 0.46689616717800825 1.4502173856161082 0.5993637306624826 1.4999999916501299 0.7335790385601917 1.0888257960376638E-8 2.798433977391083E-7 0.933198381541673 
1.4647278122535696 0.9832065598585054 1.0497211627155538 0.2000728844613171 0.26676187455260164 1.2503663058794203 1.3159623098327795 0.4669695444982297 1.4503164671206086 0.5994820976748161 1.499999997049666 0.7335774372891235 4.671053567538263E-9 4.5641032332100034E-8 0.9331930481204069 
1.4678432734036455 0.983228550680694 1.0501134601206794 0.2000221108957719 0.2667954055172755 1.2503687626422206 1.3159623090536117 0.46694752832026215 1.4502190673203366 0.5993838599629002 1.4999999971672655 0.7335776702197565 1.0939406977812387E-8 1.7754652941760438E-8 0.9332062770001264 
1.4709679701302105 0.9832153344396461 1.0500146280002196 0.19972876714888346 0.2667840678045096 1.29590444998894 1.3173479965310617 0.46692986425034183 1.4503317821451647 0.5996879224602036 1.4999999962077442 0.7335974684074803 1.0883615564420077E-8 1.367108957766592E-7 0.9335461262142648 
1.474110122229605 0.983214019159355 1.0501230583445014 0.19999608357917317 0.26705615713371356 1.2496375123969168 1.3159600472625703 0.4668943013483126 1.4502181476491474 0.599771250961919 1.4999999884557902 0.7334317919803174 1.0644899317978747E-8 2.8969579291764346E-9 0.9331983680419521 
1.477259245795061 0.983213799090711 1.0500563343276494 0.19998724533758064 0.26678382174248216 1.250398414947491 1.3159622751208941 0.46647396248905004 1.4505371732110093 0.5997444869461555 1.4999999198722889 0.7335786047045811 1.0906710343095594E-8 9.527460932304208E-9 0.9332052530701024 
1.4804321706098256 0.9832139153510822 1.0500575473768807 0.19968011790778534 0.26706601937793123 1.249671405127658 1.3159599184582813 0.46647020975788833 1.450314301643812 0.5997408240824971 1.4999999625354004 0.7335959496815879 5.322969299534664E-9 1.2675568853959438E-9 0.9332512644455778 
1.4836176295444667 0.9832134568135276 1.050088670807661 0.20001761819502847 0.26717412523600576 1.2496777867776507 1.31595985677827 0.4669096526051327 1.450317839292851 0.5997470127326717 1.4999999951704048 0.7334336810709815 1.1059069652156839E-8 2.1043878699687808E-9 0.9332604160061043 
1.4868290046500936 0.9832284536636938 1.0500038050741205 0.20005633568354986 0.26706603263943457 1.25042040883848 1.3159654082400705 0.4669066970974566 1.4503141839751374 0.5997395985109643 1.49999998010304 0.7337168711744186 1.294804236485098E-8 5.7785807172309716E-9 0.9335410020109552 
1.4900699213742734 0.9832135544456727 1.0501223447006902 0.19956430264871086 0.26717094958422366 1.2496143499522872 1.3161844405871481 0.4666606243934865 1.4503229378617892 0.5997550266765539 1.4999999954929866 0.7336146661531121 1.384563812160766E-8 1.6058670784881153E-8 0.9332056861658802 
1.4933402552527868 0.9832135476790442 1.050088127655208 0.20006996193383672 0.2670730423732862 1.2496161694962002 1.3161815440669868 0.46690868205018965 1.4503213467823415 0.5997469935849584 1.4999999600452458 0.7334329510440619 1.1226433362673174E-8 3.9594316586969585E-8 0.9334661597145991 
1.496650410684257 0.9832070341255352 1.0500884763692793 0.20006756760691033 0.2670604449782456 1.2503793342891183 1.3159599134532896 0.46692638814880966 1.4503052871644615 0.599752876042299 1.4999999652838767 0.7334584517665028 5.449363119513041E-9 4.5559661106919705E-8 0.9332608833967988 
1.4999993422614883 0.9831522727633188 1.050087819340866 0.2000671210556341 0.2670658945901947 1.2499985236818667 1.3159649110749752 0.4669064565136863 1.4502976290776692 0.5997536662795377 1.4999999831134372 0.7334584277960018 6.6217627634619105E-9 5.018822003806646E-9 0.933259888066226 
