0.22222516796950903 0.4444422574524201 
0.22235601458646964 0.4443114178187624 
0.23948257541417164 0.42718482438913913 
0.2470557469392055 0.41961144537323636 
0.25462241877701347 0.4120450793764698 
0.26170088990317114 0.4049666113886906 
0.2682309678654473 0.3984365436248343 
0.2776272206882557 0.3890402908158815 
0.2838250679534069 0.3828432649067357 
0.29253403014216983 0.3741343031232486 
0.2999319017499506 0.36673641719772077 
0.30761645998372394 0.35905188437282254 
0.3111052423296385 0.3555630882268801 
0.4888920199331597 0.17777464759821907 
0.4889606819654639 0.17770598631877935 
0.4998146129002366 0.1668527529836292 
0.5041458318647133 0.16252087986477737 
0.511727650702303 0.15494075686186043 
0.5173281341118264 0.14933922741219352 
0.5268296674500574 0.13983769391728787 
0.5415695089459147 0.132157535462075 
0.5419744998838698 0.12469812566478855 
0.5488796455727426 0.11787255689044034 
0.5647725022695265 0.10189552412256514 
0.5722075479173208 0.09445965054868768 
0.5777723749746686 0.08889429326934023 
