0.3333373725720351 0.4999926952827864 0.49999920465278 0.4994887505647544 0.5008632976146793 0.49917447952828115 
0.3335336387803494 0.4999926932870377 0.49999920403982845 0.4994887505648578 0.5008632976106648 0.49917447949942745 
0.35922346808142563 0.4999926932943019 0.49999903997731016 0.4994887505648578 0.5008632972521353 0.4991744794990713 
0.370583328215467 0.49999268878605563 0.49999920884983906 0.499488750564279 0.5008632972669392 0.4991744806489067 
0.3819331518069494 0.499992623739534 0.4999990399035258 0.49948875058215114 0.5008632972483967 0.49917447949985283 
0.3925508434055203 0.4999926237639443 0.49999903997731016 0.4994887505835121 0.500863297267163 0.4991744794990713 
0.4023459419311413 0.49999269524874884 0.4999992088569609 0.4994887505646869 0.5008632972727952 0.49917447863891495 
0.4164403032958249 0.49999269524874884 0.4999992088569609 0.4994887505646653 0.5008632972728637 0.49917447863891495 
0.42573653789094745 0.499992701988706 0.49977512920676687 0.5009178987459622 0.49966392609633664 0.49917408492588533 
0.43879994825808566 0.4999927015381134 0.4997751292067675 0.5009178987459622 0.49966392610793864 0.49917408492266024 
0.4498967375911755 0.4999927020750067 0.4997751293448833 0.5009178987459622 0.4996639262171679 0.49917408492364873 
0.4614235287872091 0.49999269470245095 0.49977512920676603 0.5009178987459622 0.49966392608849763 0.4991740849230077 
0.4666566987964395 0.4999926946398492 0.4997751293488331 0.5009178987459622 0.49966392620115646 0.49917408492364873 
0.7333380289485502 0.49999269268699825 0.49977512934880375 0.500886984674 0.49964206102622466 0.499149864426092 
0.7334410211686003 0.49999269268704477 0.4997751293488038 0.5008869846788521 0.49964206102800407 0.4991498644259181 
0.7497211330234888 0.49999265749186783 0.49977512914799893 0.5008869650475153 0.4996420759801936 0.4991498338471165 
0.7562186966810449 0.49999269268699825 0.49977512934880375 0.5008869849264423 0.49964206102622466 0.499149864426092 
0.76758947161157 0.49999265789313796 0.4997751293498354 0.5008869650475153 0.4996420609417893 0.4991498339170089 
0.775991392362752 0.49999265749578337 0.49977512914799893 0.5008869650475153 0.4996420759801936 0.4991498338730618 
0.7902436777008573 0.49999265754679106 0.49977512914799893 0.5008869650475153 0.4996420759801936 0.49914983387355477 
0.8038411303821074 0.49999269414699055 0.49977518760402406 0.4995225745615591 0.5008705397733089 0.49914950488730536 
0.8129544833760581 0.49999265802801446 0.49977512916158306 0.5008869730200796 0.4996420374273432 0.49914982705354727 
0.8232138469809568 0.4999926575468847 0.49977512916243694 0.5008869650475153 0.4996420759801936 0.4991493284755055 
0.8471570255528699 0.4999926581313397 0.49977512914096994 0.5008864913807953 0.49964167955689415 0.49914950300932776 
0.8583106372024333 0.49999265813164306 0.4997751291409714 0.5008864913807709 0.49964168013381316 0.49914950769761923 
0.8666585604114773 0.49999263899824803 0.4997751291416447 0.5008864913807757 0.49964169468743064 0.49914950488730536 
