0.20006252922605983 3.444502739490123 
0.7418831590907452 3.190530261153513 
0.7514587736181053 3.1266095922609574 
0.7740924578916002 3.082741724262227 
0.8043961868877464 2.985162333977908 
0.8753296321650731 2.2801224272136147 
0.8859217312698996 2.2606423044504753 
0.9173397437548458 2.22874206880574 
1.328197391971051 1.25035693545471 
1.3292151382412403 1.2499091237261384 
1.3323715799030467 1.2160465542233663 
1.3993989023165885 1.1836859955593944 
1.4044016141930151 1.1410503456866277 
1.4092548281988504 1.0997266826529275 
1.4139802595858653 1.0595672981044049 
1.4185754729589255 1.0206274306845797 
1.4230750238181662 0.9826366229072314 
1.4274720231382374 0.9456793281161007 
1.4317600762183478 0.9098317268616591 
1.435957860089143 0.8749366525615311 
1.4401043806000475 0.8406992687307675 
1.4441126089039091 0.8078421955290696 
1.4480933043419122 0.7754645615884554 
1.4519896568558757 0.7440379849539352 
1.4558121011964185 0.7134942625013229 
1.4595772797875644 0.6836643943474926 
1.4632977203259405 0.6544940522695676 
1.4669695779754857 0.6260069181448109 
1.470576490789217 0.5983211024738179 
1.4741530075055311 0.5711838454499937 
1.4776820181478973 0.5447224620874419 
1.481168407083255 0.5189122559067672 
1.4846331508539212 0.4935664812480345 
1.488053858300157 0.46888356503726536 
1.4914491285010087 0.4447176476412352 
1.4948282114865554 0.42100603680519005 
1.498181082656695 0.3978214218955808 
1.5014921064523818 0.3752694774948506 
1.5048006950217776 0.3530828833225977 
1.5080917030826406 0.33136667971410305 
1.5113718772877047 0.31007857214271867 
1.5146435968105896 0.28920653886189873 
1.5178936343731921 0.26883570662114237 
1.5211499414961747 0.2487935584043008 
1.524409447454153 0.22910611700079345 
1.5276595461231175 0.20985257757697878 
1.5309296352247412 0.1908689772807369 
1.5341912701333669 0.17231655267668827 
1.5374553003358118 0.15414575837325445 
1.540757508023102 0.13616497355184515 
1.5440616821606443 0.11858176920319603 
1.5473907356130212 0.10128179026588906 
1.550733658145549 0.08433173301311855 
1.5541121601785812 0.06763293765450584 
1.5575305589165938 0.05118001916632751 
1.5609857711819246 0.03500389416025946 
1.5644825009874308 0.019098490891669904 
