0.19181663755040015 0.9825058989330928 0.13257780491019036 1.1151754457880254 0.2661327407970944 1.248170208801071 0.40152191235834656 0.46741553712838607 0.533127033976385 0.6006602146892704 0.6671207632049719 1.4999999805627604 0.800020815252439 1.4999999996415987 0.933506128330116 
0.6835695144802321 0.9852485314790771 0.13502129040628036 1.1160371330191843 0.3287953501696147 1.253350353135839 0.3881068166566884 0.46558002847798075 0.5339253262022005 0.6007373652225522 0.6672243941447059 1.499999863465442 0.7987679883013667 1.4999999511079745 0.9317263648203568 
0.6924494805001886 0.9809777794928416 0.1350339020921501 1.1159153395659123 0.3287574596694985 1.1749116896245848 0.3881052701569799 0.46738880514427417 0.533809619090669 0.6007085216836023 0.6672163049883694 1.4999998738799125 0.7997586462261116 1.499999999802307 0.931726511673387 
0.704215681906186 0.98102014035981 0.13322214390925005 1.1160371330191843 0.33352030330490295 1.1766821760572626 0.3993107873544359 0.46558002847798075 0.5338125816599975 0.5996149417245383 0.6672243941447059 1.499999863465442 0.7987679883013667 1.4999999511191486 0.931837153291721 
0.7233184081844949 0.9809144224670483 0.13250557119414155 1.1160371330191843 0.3371673229100779 1.1778473906157563 0.39692704911740906 0.46558002847798075 0.5338974733379847 0.5996149417245383 0.6672243941447059 1.4999998650181434 0.8004246299386087 1.4999999511191486 0.931837153291721 
0.8392515589384577 0.9825585907161791 0.13311991565957298 1.1160376825760412 0.2659256034385996 1.2509860635926098 0.3999023514931625 0.4675161361027783 0.5339212690512245 0.5996926139785566 0.6672233784396134 1.4999999890328326 0.8004326372161945 1.4999999998917088 0.9334618336094157 
0.8494070852334413 0.982636359914272 0.13311991566010986 1.1160376836924033 0.2659255992418578 1.2510003235102418 0.3999023606991978 0.4675161345671273 0.533920785388808 0.5996930876060155 0.6672233784396134 1.4999995916453943 0.8004326372161945 1.4999999955397867 0.9334618336094157 
0.8795301505412461 0.987032373160627 0.1331204554698421 1.1162876340614685 0.2659259156769828 1.2509509834544492 0.3999022932473527 0.46751782811030373 0.5337704201522009 0.5996563834435749 0.6674023715704087 1.4999999179553776 0.800437496608133 1.4999999950963154 0.9339346316610069 
1.234459712447195 0.9820862780121561 0.1330459047918669 1.1152095142317002 0.20843049139453693 1.248187209042482 0.3853749153010221 0.46751937416049655 0.5333844244794964 0.599693251431246 0.6673971876990902 1.4999999898259622 0.8004532939659624 1.4999999975443277 0.9337305372784723 
1.2353003794777822 1.0459616293512148 0.13505632483816374 1.1975466264473091 0.2083287387423796 1.2477036503449719 0.3999726210176155 0.4676358939618397 0.533926795360017 0.6007425291934511 0.667426244058863 1.499999924739208 0.7996684497398784 1.4999999927649097 0.9337302549098176 
1.2682930872562364 1.0608024144804533 0.1351326387121413 1.194900877791561 0.22694543955088595 1.2487494733455036 0.40165102802256086 0.46728930782871375 0.5339264067793984 0.5996790891148496 0.6653057130498559 1.4999996132145983 0.7824222609007837 1.4999999915045916 0.9335788180006314 
1.3417204139764456 0.9832467030952118 0.1351433620037951 1.1229535291925796 0.2670406670636184 1.2490259401718207 0.40008450150522423 0.4678006267589526 0.5333898141364392 0.5991323138031669 0.6670196194802478 1.4999999236673118 0.8013005524050347 1.4999999874140355 0.9337228968215218 
1.346516948180953 0.9915245825029718 0.13297008877316774 1.1137752326297585 0.266927195399048 1.249435128253949 0.4001373868298529 0.46797770996695254 0.5333999331467683 0.5996826852615657 0.6653411060980564 1.499999670956423 0.8001282461418204 1.4999999927596193 0.9335267320156986 
1.3511701159018297 0.9781068123121051 0.13304535887006658 1.1146764263297868 0.26477797220821325 1.2496394185969897 0.39988651492906485 0.46571459668824894 0.5333454406010685 0.5996242224739932 0.667040595039647 1.4999983425413796 0.8001293055191558 1.4999999993219646 0.9337178472627083 
1.355700852161937 0.9858733091040482 0.13296911089576557 1.1145960916573345 0.2670240184377444 1.248989443575797 0.399883526708171 0.46565500321360276 0.5332265699357717 0.5996620853662055 0.6670395079073825 1.4999995889666518 0.8001204182081761 1.499999999717411 0.9327809069656777 
1.3601065210348893 0.9866222427701369 0.13291706761148836 1.1146430059878063 0.26592685296073454 1.266357262497721 0.4002146753965479 0.46799468381197307 0.5339484147974461 0.6006678322286586 0.6670034173204781 1.499999990410121 0.8001168373290969 1.499999998374482 0.9335242172522642 
1.364420723750673 0.984017081729669 0.1346982714399239 1.1146900209994188 0.26694351625044105 1.2491475094521127 0.4002846631567864 0.4651975299588133 0.5334017632715782 0.6006917434360012 0.6669350382728167 1.4999996768499575 0.8001208621594051 1.4999999516917797 0.9337145111957252 
1.3686365202214517 0.9851777635037692 0.13474737456419386 1.1146842949966258 0.2669395330791936 1.2487697225660581 0.39998601340880635 0.4656970338968233 0.5332372409290755 0.5996242470528398 0.6673777378638542 1.4999999763188447 0.8001250452508225 1.4999999954925562 0.933455764327363 
1.372747279115982 0.9848293807070218 0.13307032189508158 1.1146999900121954 0.2658944436285641 1.2491991266986395 0.4003424594498754 0.4656887423201143 0.5336710346197248 0.5996681474249389 0.6674384889455275 1.4999997473167954 0.803476208742575 1.4999999979855632 0.9334781948751848 
1.3767725481624065 0.9817561500671683 0.13372093360120682 1.1146824930720776 0.26695486325874823 1.2491923171787294 0.4002536132754225 0.4674647067941808 0.5353351743954899 0.6007084128609915 0.6674468576000749 1.4999991701165434 0.8001232035945044 1.4999999978963852 0.9326494649849331 
1.380748216561107 0.985175455250463 0.13474737456419386 1.1146847560951747 0.2669395330791936 1.2487697225660581 0.39998601340880635 0.4676031520291698 0.5339682869245439 0.5996242470528398 0.6673777378638542 1.499999996464261 0.8001346466100356 1.4999999996954678 0.9334601334047625 
1.3845912562506695 0.9848269042382429 0.13306102817587748 1.115176736793691 0.265939661170222 1.2507490172781994 0.4003258295101229 0.4675107092319173 0.5339467996302943 0.5996156644986772 0.6674388445281136 1.4999999926892171 0.8001781071706625 1.4999999983826777 0.9334943287584763 
1.3884078785012863 0.9848267217029045 0.13374191643774108 1.114874223452438 0.2668623764025001 1.250749028086719 0.40014613416512607 0.46759046669295623 0.5339326559463635 0.5997437413715478 0.6674383593030516 1.499999992689468 0.800179944066596 1.4999999969054278 0.9325064290072187 
1.392143630784917 0.9851448344965046 0.13354488380973817 1.114764925181621 0.26695422958307097 1.250558954684876 0.4003190949631031 0.4675902140771354 0.5337682098722916 0.5997013528758731 0.6674322527979674 1.4999993409598462 0.8002265988479339 1.4999999941082698 0.9326495743534262 
1.3958070270804999 1.0869645294831938 0.13305793397988194 1.116065678325211 0.2668623763797787 1.2507205301533066 0.4001461203475169 0.4675902034712969 0.5339326567763941 0.5996968380385227 0.6674397171686809 1.4999994538884953 0.8001790384048023 1.4999999968696294 0.9333626215720281 
1.3994185056411053 0.9843550507009313 0.1337158018104912 1.121920786075763 0.2669628489311529 1.2507436556719154 0.4001137707691154 0.46759017727987917 0.5339436225392747 0.5997070538468978 0.6674196144023361 1.4999994618928745 0.8005592567839823 1.4999999996558446 0.932776929465445 
1.4029855509350266 0.9833579738100774 0.13354635371456397 1.1147649262736803 0.2664470198589452 1.2507285992927961 0.4003191001207674 0.4675901818019664 0.5336853297711794 0.5997009086775901 0.6674327529655273 1.4999916060926572 0.8005664800804967 1.4999999996199358 0.9327656125385343 
1.4065057087698012 0.9833579738100774 0.1335462481464535 1.1496313316435307 0.2665085697169678 1.2504173354747763 0.40032636750632244 0.46599246966808994 0.5336853297711794 0.5996970198037738 0.6674320799635481 1.4999996579745494 0.8001049177381654 1.4999999941254247 0.9325172109832699 
1.4099643955731769 0.9828023650292081 0.13354586408523508 1.11578407027703 0.2665146247448655 1.2496382717582202 0.3999050830363148 0.4660511831715549 0.5336853858290536 0.5996954853649354 0.666943027012677 1.4999999089939027 0.800099687450823 1.4999999997629692 0.9333979244682051 
1.4133934449531425 0.9843317439471966 0.13304472353783367 1.1163165707465068 0.2665461796198396 1.2496725448191612 0.40012819179624465 0.4676947002670021 0.5334035558907146 0.5997469567549304 0.6672772278454792 1.4999998979167688 0.8004325686068038 1.4999999951430616 0.9352017155026185 
1.4167770419732455 0.9840663484008194 0.13354342856781906 1.1123214006998552 0.2664458180747627 1.250417792323329 0.39940201600252073 0.46605557480241483 0.533260327216062 0.6006915787575763 0.6669479559813709 1.4999999089939027 0.8001010680529039 1.4999999960314303 0.9333387548226352 
1.4201183558960468 0.9828497159757147 0.13354476099781673 1.2068367395426052 0.2665087694620483 1.2504178264749237 0.3999601747585857 0.4676144177869904 0.533926807329427 0.6006888460391779 0.6669879685691705 1.4999999584635484 0.800099687450823 1.499999993042621 0.9333979758178649 
1.423441683855643 0.9845125675633516 0.13354341316825832 1.1159002472847566 0.2664457914955086 1.2496505421595614 0.39939218240707913 0.46592144252445944 0.5332532596204911 0.6006916304229727 0.6671270992490647 1.4999999088636347 0.800018837400536 1.4999999960217656 0.9337500686666858 
1.42672138409647 0.9847430873439289 0.13350797483723773 1.1165522929791685 0.2669323461376288 1.2511139332080567 0.39939128857341316 0.4660416846195845 0.5337592654151526 0.6006683017971277 0.6673724643359493 1.4999999772642962 0.8001024129302351 1.4999999462262366 0.9333432123048853 
1.4299767084263901 0.9778845042485829 0.13304837608471948 1.1166391758194456 0.2664027576667765 1.2502176899732476 0.3992244310030776 0.46613968481580675 0.5337017878338639 0.6006634521815299 0.6673713494632988 1.4999995502651777 0.800117475645791 1.4999999999412053 0.9333368242311872 
1.433216519013494 0.9847437775344118 0.1335749596235182 1.1147908167537937 0.266932382365622 1.2496566380881051 0.3993729550727821 0.4660680356315651 0.5337589386718572 0.6008778520645158 0.6673724827805286 1.4999999463742517 0.800102431501979 1.499999946195966 0.9333416697528665 
1.4364311989115888 0.9847039847231246 0.13352107972242858 1.1147882878265294 0.2669187425544975 1.2496817530287503 0.3993729550727821 0.46606866969558003 0.5337546582539198 0.6006876068063274 0.6669815172584881 1.4999999456537123 0.8001047008415143 1.499999946195966 0.9333973067650078 
1.4396057711349006 0.9847295566894332 0.13352644867704766 1.1161890010782058 0.2669322747641152 1.2496949632563465 0.3993865333475909 0.46608726219174573 0.5336673758725469 0.6009135135937846 0.6673167126967506 1.4999999640662227 0.8001168097174559 1.4999999999412053 0.9328958104678924 
1.442777967124543 0.9816637289702785 0.13359221625837558 1.1162918059769378 0.26689962885589846 1.249581515511903 0.3992236052201683 0.46609646119550335 0.5337045154224437 0.6009104923906049 0.667318271165024 1.4999998634545693 0.8001127848539118 1.4999999340496244 0.9339028744537241 
1.4459333331474125 0.9778661343491105 0.13304837608471948 1.1147926208154246 0.26639584692193935 1.2502256052286527 0.3992254226970486 0.46614087984478175 0.5336667372744193 0.6009108795529883 0.6672798538417107 1.4999999745420458 0.8001166497511905 1.4999999999412053 0.9328956042875046 
1.4490783272910606 0.9816388350002428 0.1335859147133833 1.1162921276733064 0.26697437175857786 1.2495824286835573 0.39925469562374494 0.4659488798698987 0.53366364927997 0.6009104910041131 0.6673163232142991 1.4999998635334992 0.8000628421321828 1.499999993353618 0.9339035949271856 
1.452215191280161 0.9813588106230545 0.1335859147133833 1.1162916656736126 0.26698601827773666 1.2495806584239482 0.4011602505986548 0.46598543442746976 0.5336649062619035 0.6009172581015924 0.6672465355679958 1.499999863748465 0.8000639635602258 1.499999993353618 0.9339121689066326 
1.4553312600539714 0.9819067231923913 0.1331546713998924 1.1147578319837657 0.2669332512506997 1.249694701359994 0.39936404735758535 0.46608720202844023 0.5336680372580739 0.6008661938342581 0.6672196493950563 1.4999999711392498 0.8001166471550677 1.4999999288968537 0.9329106986504146 
1.4584533649131233 0.9809317706752589 0.1331371058951995 1.1145827700450994 0.2669458623700159 1.249662193858992 0.4011395588239409 0.4660580479592356 0.5336673740065264 0.6008717066754786 0.6672750682490372 1.4999999710940706 0.8000527183347963 1.4999999911573358 0.9329198863613054 
1.4615785012346116 0.9815989161432278 0.13316459473117534 1.1147576838967268 0.266965737901471 1.2496612688522004 0.4013055225440788 0.46614800376936333 0.533675836588214 0.6008987172201544 0.6673105696750151 1.4999999711392498 0.8000636343390463 1.4999999288968537 0.9333013141929286 
1.4646946788433493 0.9815363309953454 0.13319637468484363 1.1159934470090866 0.2666006105672316 1.2496382178769532 0.4000020765882623 0.4659857252374391 0.5337008021374481 0.6008701262122972 0.667367130944335 1.4999999044595322 0.800063633515468 1.499999999819232 0.9333479765170936 
1.4678294467892814 0.9809930728993599 0.1335175523365891 1.1166145468593864 0.2669458623700159 1.2870820364067144 0.3993032449874755 0.46606378161133166 0.5336647916648103 0.6010569777730238 0.6672732769047073 1.4999999596613731 0.800055283433677 1.4999999911573358 0.9333083306993579 
1.4709571628502163 0.9811955950696062 0.13230494385781608 1.1160088207384222 0.2669486768217245 1.2496384795429678 0.4014473433214392 0.4659935883445719 0.5337997958206774 0.6009605412361735 0.6672214130935485 1.499999956564954 0.8000519280589922 1.4999999981857357 0.9338074270534892 
1.4740866671241104 0.9815762794622575 0.13315668173951517 1.1160257051979539 0.26709517878926103 1.2496675687352112 0.4014163743386835 0.46592655805186617 0.5336723748933118 0.6009554382820578 0.6671204282503181 1.49999977741845 0.8000621097296523 1.4999999997378397 0.9333367111792046 
1.4772527764264511 0.9813923342849297 0.13228337566724302 1.1159322735207233 0.26662453415679754 1.2494237153100214 0.4011291649369746 0.4660396886262708 0.533552712211795 0.6007060169777022 0.6674341960752942 1.4999999332224818 0.8001201230544821 1.4999999996217557 0.9339085548545664 
1.4804207635953788 0.9813941070401423 0.13230847132512424 1.1160450805316358 0.2671083359531654 1.2494237153100214 0.40112970510604395 0.4659272931735807 0.5335530238586933 0.6009080000370881 0.6671203908962351 1.4999999333061038 0.8000187191230334 1.499999999728098 0.9332656169793542 
1.4836126060189498 0.9813942166105929 0.13228337566724302 1.1160760910185192 0.2666082397689007 1.2504502417984602 0.3989390709943484 0.4659819569103971 0.5335530238586933 0.6009080000370881 0.6671187872408082 1.4999999824588488 0.8000186996592522 1.4999999996217557 0.9339616873860674 
1.4868177571130554 0.9815156988863569 0.13354630302070755 1.1160454196376353 0.267001720952081 1.248353353025294 0.4003008513776836 0.466183104964626 0.5339031999817155 0.599660395307688 0.6671258914037864 1.4999999608685672 0.8000507781055878 1.49999999779656 0.9335126394191844 
1.490057006158481 0.9838203060025145 0.13307197726085992 1.1160450142966347 0.2665537063114088 1.249270671476352 0.3998231916044015 0.467459245146779 0.5335527376722874 0.6009076572667437 0.6671229217007233 1.4999999407964861 0.8000181289523777 1.4999999943898605 0.9339368448591473 
1.4933345055987848 0.9815479931838154 0.1335421704784148 1.116045568871031 0.26700172132520633 1.2504579778908504 0.39895217351189355 0.465790763962609 0.5338073593965325 0.600679059339735 0.6671259502473024 1.4999998912023607 0.8000162313371737 1.499999997796651 0.9337501251438179 
1.496647293360309 0.9824750380775495 0.13444069914106102 1.116046142593305 0.26693685069575346 1.249631549083766 0.4011170863552441 0.4659281351269091 0.5335527347535168 0.6007063737466296 0.6671225526362344 1.4999989887693068 0.8000510627255174 1.4999999997301308 0.9337580823241939 
1.4999999136201165 0.9824742253613572 0.13355550245964662 1.1151733277960079 0.2669366864530376 1.2496951392074753 0.39893418514138684 0.46592806082040694 0.5338992466032484 0.5996734718552523 0.667220838924052 1.4999999573396054 0.8008014334457311 1.4999999978480467 0.9334945791832486 
