0.009997001100832046 0.9000149956202815 
0.009655749082619874 0.9017363287750828 
0.009313413523541427 0.9034939715691317 
0.009185239636642445 0.9041603441339945 
0.012102108899968558 0.8899904145090849 
0.014963999624546299 0.8776725720676892 
0.017797155935725388 0.8665940183664391 
0.02056991274459495 0.8565778512763504 
0.023321950909116748 0.847284739108676 
0.026067519464415115 0.8385456118143256 
0.02876755651213183 0.8303899869943027 
0.03143316143726318 0.8227060028254678 
0.03411761878814726 0.8152904474937677 
0.03676739576589956 0.8082517385584064 
0.03938839767480339 0.8015348988688054 
0.04201499209092721 0.7950244109877753 
0.04460729440724132 0.7887956098794577 
0.0472084090956823 0.7827250380380144 
0.049784868694021385 0.776874769033358 
0.05234258913998972 0.771214971775085 
0.054905706156929086 0.7656803333970479 
0.057465214181579884 0.7602809682534084 
0.0599821248606297 0.7550875159169358 
0.06253208668887114 0.7499358348566556 
0.06504739501682331 0.7449560919825899 
0.06755750208837859 0.7400817396022337 
0.0700416339262547 0.7353462025114856 
0.07254621070679677 0.7306559624207207 
0.07505141915043699 0.7260448592372064 
0.0775303214416391 0.7215573282686598 
0.08001072378456042 0.7171383310093686 
0.08247711373437129 0.7128117103119178 
0.08495936152119879 0.7085221080070051 
0.08740960376023653 0.7043488478636478 
0.08985237303236861 0.7002461459307161 
0.09233554861624155 0.6961323501663187 
0.09477981895622252 0.6921366878700622 
0.09721900425414029 0.6882003780408148 
0.09964839286003335 0.6843286645194047 
0.10209789979936978 0.6804723802261113 
0.10454064313300329 0.6766725450368162 
0.1069561636072578 0.6729628920154076 
0.1094026347904654 0.6692393088830733 
0.11183866023667448 0.6655771236432926 
0.11424821350743239 0.6619937670633962 
0.11666817079168354 0.6584327726634237 
0.11908113621146503 0.6549186528201083 
0.12151396954849378 0.6514114609927236 
0.12394165841868264 0.6479465120187426 
0.12634666885626172 0.6445472340285581 
0.12876682485473803 0.641159061828853 
0.13118832825843907 0.6378007071415729 
0.13359445063510808 0.6344942587464053 
0.13601847199518027 0.6311931779442909 
0.13844197018144744 0.6279220916751382 
0.14084077316614596 0.6247124133957437 
0.14326198099964468 0.6215003553689658 
0.14565731563990852 0.6183597038111196 
0.14808710104638806 0.6151791312230275 
0.1504991019641709 0.6120578626369831 
0.15290708137034617 0.6089666731834656 
0.15531913484500975 0.6058952280517544 
0.15772480694893612 0.602854174211058 
0.16013934392868873 0.5998292340193109 
0.16256705873897556 0.5968039450538151 
0.164968477405872 0.5938428639250446 
0.16738927579436863 0.5908779308266257 
0.16980741855347234 0.5879230429274345 
0.17222082018881402 0.5850126776634856 
0.17465015828575578 0.5820883367789569 
0.17707674409082638 0.5791951235633497 
0.1794946593871795 0.5763318995236282 
0.18194043874177013 0.5734552331695786 
0.18434109055431422 0.5706508038995786 
0.18677490589250353 0.5678253759077432 
0.18920105521907316 0.5650275314255984 
0.1916412258680319 0.5622315389561924 
0.1940686183027446 0.5594678245626965 
0.19650801652014135 0.5567077527119733 
0.1989437271479399 0.5539689170677127 
0.20138810969798365 0.5512371342284704 
0.20381911994506657 0.5485370331346098 
0.20629283793914785 0.5458052863970789 
0.2087248091124501 0.5431359040981443 
0.21117754782526146 0.5404594165909702 
0.21363391623981298 0.5377945148939838 
0.21608822880051648 0.5351470891394143 
0.2185568632276384 0.5324993441428495 
0.2210201885402566 0.5298721573400007 
0.22346607000823607 0.5272780326592295 
0.22596931485263766 0.5246377014948778 
0.22842736219758036 0.5220592482450191 
0.2309088451952522 0.5194702452685738 
0.2333856973232116 0.5168999096460551 
0.23585897318693447 0.5143471402607975 
0.2383450101090153 0.5117941370747805 
0.24084598051847758 0.5092393863916478 
0.2433347525067418 0.5067102756072602 
0.24584208608460217 0.504175348005089 
0.24833256394546546 0.5016702292564004 
0.25085191241657073 0.4991640016700438 
0.25336340734937257 0.4966478300746685 
0.2558748435394794 0.49415932809152185 
0.2584034830698877 0.4916659729379156 
0.26092693646285486 0.4891899213397213 
0.2634362558980796 0.4867396020384185 
0.2659810342142305 0.4842666365491721 
0.2685258355946465 0.4818052146206542 
0.27108099049958856 0.4793456133417081 
0.27361548863388435 0.4769173217661149 
0.27617537355002997 0.4744760962414871 
0.27873778355416107 0.47205959796835073 
0.28130008801873135 0.4696226928311008 
0.28387146465139407 0.46720410601114515 
0.2864441138079138 0.4647952601130928 
0.28901994678418147 0.46239424595381706 
0.29160628579067577 0.45999417985486035 
0.2941949752472868 0.45760258619167227 
0.2967757244471496 0.45522903707680185 
0.2994081562931074 0.45281798613889257 
0.3020049125527336 0.4504502638043594 
0.30461827178691797 0.4480776578295679 
0.30723027029763195 0.4457164351337488 
0.3098645280599123 0.44334523440475404 
0.3125040051409228 0.44097942332959217 
0.31512766624343197 0.43863766937618964 
0.3177814520912551 0.4362789234991796 
0.32043242089460927 0.4339324944014422 
0.32309459710802435 0.4315858929372264 
0.3257404454477338 0.42926324330062426 
0.3284175091999027 0.426922772045612 
0.33109767614253066 0.4245891240665318 
0.3337872055185954 0.4222567996777592 
0.3364840458882167 0.4199275511729844 
0.33917035059674305 0.41761666353103244 
0.34187585969254947 0.4152984866681948 
0.34459877493680646 0.412974638591489 
0.3473049441285989 0.4106741613261927 
0.3500466603627852 0.4083525878001769 
0.35277767046782216 0.4060491009621987 
0.35550719406665493 0.4037557597203624 
0.35827737873433646 0.4014372391016213 
0.3610273297123102 0.39914450180405403 
0.3637920279627916 0.3968482546134988 
0.36657188239980953 0.3945481997716088 
0.3693621210940833 0.39224830638452635 
0.3721451056679101 0.38996302926142157 
0.3749467913628817 0.38767101051569275 
0.3777568900889051 0.38538069499204586 
0.38057506906495475 0.38309233343639437 
0.38340361100220505 0.3808040608965607 
0.38622287551014206 0.37853167779030916 
0.389073409785794 0.37624250723075314 
0.3919281994321313 0.3739583085511802 
0.39477746941212527 0.37168680627245276 
0.3976496388598882 0.3694053291853443 
0.40053334210403857 0.3671229644678231 
0.4034168651640094 0.3648489430348074 
0.40631320887118394 0.3625729776114148 
0.4092229639792637 0.3602946272078068 
0.41213640325954565 0.3580214931483203 
0.41505524419014606 0.35575218728342184 
0.4179998916270579 0.3534708888015641 
0.42094835856446616 0.35119466820591594 
0.42389949557834006 0.3489243549491834 
0.4268704358884424 0.3466467755582544 
0.42984570453803966 0.34437380731246914 
0.4328363534720769 0.34209700299206147 
0.43582133040299287 0.3398323467459279 
0.43884470190388214 0.337546453021918 
0.44185671453037795 0.3352769640441817 
0.4448929478207821 0.3329970406206817 
0.4479338167287033 0.33072142068592936 
0.45098986492245124 0.32844221028831555 
0.45405740082713 0.32616218507186867 
0.4571322524377779 0.32388443854788485 
0.46022155391394204 0.3216036896371738 
0.46330745287801184 0.3193330822803785 
0.46643023000558487 0.3170430247771535 
0.46955354778729536 0.3147602260615666 
0.4726766767303075 0.31248514486316825 
0.4758440080348212 0.3102031330799211 
0.47899114739326365 0.30791139325901407 
0.4821694238581506 0.30561998324474837 
0.48534643965521057 0.30333190136545174 
0.48856208991454675 0.3010429102782912 
0.49177240928789606 0.2987501200734928 
0.49498400054794933 0.29644965334888074 
0.49822544686556947 0.29415234169945126 
0.5014872984307565 0.2918583583163561 
0.5047252503873467 0.2895600560559577 
0.5080331607310735 0.2872520654358005 
0.5113172955846469 0.28493960853229405 
0.5146351850586759 0.28263568749010093 
0.517926531364512 0.2803288727748584 
0.5212645715741074 0.27801346520340686 
0.5246355646615444 0.27568757861584336 
0.527990617769039 0.27337037098846906 
0.5313689777427978 0.2710494093722797 
0.5347998504371296 0.26873573570654696 
0.5381917793556471 0.26639693234416795 
0.5416046963530138 0.2640620430027293 
0.545079265108417 0.2617357760054432 
0.5485328333752858 0.2593960518225854 
0.5520591198161616 0.25707740491070374 
0.5555305860696973 0.25471178124848604 
0.5589968789654264 0.252355088438183 
0.5625419822864303 0.2500120287434875 
0.5660937872494431 0.24765745958111718 
0.5696422359928277 0.24528895181085453 
0.5731817448992578 0.24291299120931698 
0.5767634116766981 0.24055058650201566 
0.5804413657013789 0.23819243253946665 
0.5840327226048462 0.2357973640281369 
0.5876626805706445 0.23341113581444195 
0.5913574976539144 0.231035131853495 
0.5951624148621351 0.22868708125038617 
0.5987767522212204 0.22625612957456787 
0.602493056582988 0.22385479179453094 
0.6061639776596603 0.22143466705764514 
0.610034182130574 0.21905213936281975 
0.6137809155285966 0.21662277083447867 
0.6175231302850653 0.21418055251679025 
0.6213611439171836 0.21175858485062748 
0.625200095852647 0.20932476409602707 
0.6290862414964562 0.20689419598719705 
0.6329211018733644 0.20443661373137034 
0.6368281645290771 0.20198487336619497 
0.6407678984615373 0.1995316816349556 
0.6447976080592039 0.19709395614529712 
0.6486623225292287 0.19460424498467543 
0.6528242485174517 0.19216783241033086 
0.6567520955160995 0.1896611510692281 
0.6607461227160489 0.1871592962132227 
0.6649406375007516 0.18469696012686443 
0.668912385694626 0.18216760219660655 
0.6730193900247187 0.1796545985553747 
0.6771647439835176 0.17714457435038644 
0.6812809867283327 0.17461008790181032 
0.6856172370320197 0.17211719521702318 
0.6897015297121545 0.16954683333957232 
0.6939326998722155 0.1670007897075505 
0.6981778422396693 0.164443162775465 
0.7024631980868059 0.16187827325173498 
0.7067757791135927 0.15930974527159303 
0.7111122408246 0.15673138931377617 
0.715485698815799 0.15414430442739058 
0.7198830256539264 0.15155134487076105 
0.7243303430113155 0.14895123410439937 
0.7288026730154267 0.14634260878233163 
0.7332278778619308 0.1437127371216531 
0.7377817846584191 0.14108666969465689 
0.7422966027519418 0.13844134579718448 
0.7468910809782126 0.13579611988443985 
0.7514702396132429 0.1331317520436638 
0.7561029853997627 0.1304621960412451 
0.7608072868904188 0.12778713455816482 
0.7654775541372989 0.1250950110894098 
0.7702225270928181 0.12239704607960122 
0.7749916602401798 0.1196875545217847 
0.7797788802345205 0.11696430951634562 
0.7846154735100711 0.11423163335017883 
0.7894545937529683 0.11148742624203767 
0.7943954457941473 0.10873520923359803 
0.7993277014403751 0.10595806009243258 
0.8042695932959485 0.10318921854706042 
0.8092896794201603 0.1003971007458031 
0.814347898311818 0.09759786705730211 
0.819457429109816 0.09478498427285909 
0.8245659972759509 0.09195704722593223 
0.8297265669209071 0.08911621606294229 
0.8349185163776611 0.08626146817261227 
0.8401585282079426 0.0833983808615254 
0.8454495770353131 0.08051700912068438 
0.8507836440844819 0.07762414905006154 
0.8561532233132861 0.07471612709149955 
0.861601651046949 0.07179393433040149 
0.8670520114562459 0.06886108144707526 
0.8725104076941141 0.06591734429293739 
0.8780762404951287 0.06294289277014797 
0.8836700927885577 0.059962717341665805 
0.8892963062541985 0.056974917487191745 
0.8950416717501175 0.05395544098601324 
0.9007543785424148 0.05092509262575051 
0.9065316866338821 0.04788042419427507 
0.912372463165239 0.044818099436304326 
0.9182631996387273 0.04173949281099787 
0.924254670591506 0.038643888083283895 
0.9302092792400944 0.03552826855054081 
0.936270634394808 0.03239607617234175 
0.942353909799462 0.029250851249798315 
0.9485285068797825 0.026075730846435552 
0.954738333239261 0.02289287525859185 
0.9610215060354399 0.019682956368219262 
0.9673630853984573 0.016453821420565173 
0.9737891424022582 0.013203708322618746 
0.9802487051489933 0.00993478529322478 
0.9868137321926385 0.00663553364632441 
0.9933416283525507 0.003334746089932117 
0.9999999999973793 1.7793544415667384E-12 
