0.009997001100815615 0.500000000550078 0.49999999794069117 0.49999999965777403 0.5000000019621771 
0.00965574908260211 0.5000000018694275 0.5000000006745633 0.49999999889319113 0.5000000019419925 
0.009313413523506344 0.5000000004538577 0.49999999794069117 0.49999999965319025 0.5000000036474884 
0.009185239636534975 0.5000000000530327 0.4999999976741224 0.5000000069946431 0.49999999981044024 
0.012102108899898392 0.500000002520876 0.499999997400224 0.5000000043087804 0.4999999979638476 
0.014963999624536973 0.5000000003591166 0.5000000003727996 0.4999999988409847 0.5000000017604705 
0.01779715593563746 0.49999999584862664 0.4999999978354887 0.4999999952642822 0.4999999995787481 
0.020569912744527893 0.49999999434529907 0.5000000004099353 0.4999999986669367 0.49999999982641224 
0.023321950909107866 0.5000000016068773 0.500000000493919 0.5000000007570595 0.5000000010607499 
0.026067519464411562 0.5000000004046197 0.5000000005013129 0.5000000005042033 0.5000000010669413 
0.0287675565118787 0.49999998983161104 0.49999999909478277 0.49999999544232915 0.500000001774109 
0.03143316143494503 0.49999996818995135 0.5000000004635748 0.4999999874034365 0.49999999818644825 
0.0341176187873479 0.5000000004687084 0.4999999976306622 0.5000000198317103 0.5000000023860546 
0.03676739576588091 0.5000000018694275 0.5000000006745633 0.4999999986800426 0.5000000019419925 
0.039388396738616265 0.49999999634247777 0.49999999377381016 0.49999931153667754 0.5000000019877505 
0.04201499209091389 0.500000000547283 0.49999999752057983 0.49999999984128973 0.49999999930187455 
0.04460729440650236 0.4999999991210186 0.49999999915614113 0.5000000187417954 0.5000000046222924 
0.04720840909561258 0.500000001079591 0.49999999835223474 0.500000000331547 0.5000000055885095 
0.04978486869394944 0.5000000010375479 0.4999999983432649 0.5000000000134207 0.5000000057056398 
0.05234258913991112 0.49999999416916985 0.4999999984721142 0.4999999987187882 0.5000000013646336 
0.05490570615692198 0.5000000010905846 0.5000000003449685 0.4999999996525902 0.5000000014869489 
0.05746521418154169 0.5000000005951981 0.49999999764737124 0.49999999903342124 0.5000000035688472 
0.05998212486003062 0.5000000058330188 0.5000000153902456 0.5000000006046953 0.5000000056653783 
0.06253208668884894 0.5000000003507822 0.4999999976404168 0.49999999881483853 0.5000000020858839 
0.06504739501680333 0.5000000010963588 0.4999999974722415 0.49999999964280534 0.5000000015628775 
0.06755750208826179 0.5000000001862998 0.49999999678466195 0.5000000059695388 0.5000000036544286 
0.07004163301004715 0.49999998992504374 0.49999999377381016 0.49999931898843064 0.5000000019877505 
0.07254621062407139 0.5000000147731464 0.5000002037965258 0.5000000115226862 0.5000000019482712 
0.07505141915038858 0.5000000005250468 0.49999999915791626 0.499999995169232 0.4999999995610673 
0.07753032144115593 0.5000000009590725 0.5000000155675597 0.4999999996697373 0.5000000011255913 
0.08001072378430818 0.50000000121739 0.4999999935903379 0.500000009133091 0.5000000013854232 
0.08247711373411372 0.5000000113044414 0.5000000005684845 0.5000000002116937 0.5000000015185344 
0.08495936152087105 0.5000000113044414 0.5000000004071928 0.5000000059876849 0.5000000015185344 
0.08740960375980665 0.5000000058959391 0.49999999070096013 0.5000000026820142 0.5000000094526412 
0.0898523730305061 0.5000000097174748 0.4999999962014662 0.5000000088339787 0.49999997249917316 
0.09233554861574594 0.49999999893435465 0.500000015501138 0.4999999977795415 0.5000000021200333 
0.09477981895584682 0.5000000122071436 0.49999999858561944 0.5000000059628179 0.5000000019046569 
0.09721900425398664 0.5000000048789564 0.5000000028494387 0.5000000064568735 0.5000000020651224 
0.09964839235987433 0.4999995329859757 0.5000001812151273 0.5000000061333308 0.500000047711786 
0.10209789979875783 0.5000000035464258 0.4999999976361185 0.5000000169977136 0.5000000016450511 
0.10454064313298286 0.4999999989783561 0.4999999984416274 0.49999999771132597 0.5000000012715412 
0.10695441422670184 0.4999738584185513 0.5000000146181443 0.4999998031756365 0.500014225917378 
0.10940263478907007 0.5000000032409083 0.5000000027792606 0.5000000257890094 0.5000000048096804 
0.11183866023309068 0.5000000032880023 0.5000000002234698 0.5000000421919779 0.500000004881003 
0.1142482135053807 0.500000004794993 0.5000000057119948 0.5000000098617944 0.5000000297631639 
0.11666817079091882 0.49999998326304546 0.4999999983346115 0.5000000088654243 0.5000000050665236 
0.11908113618781284 0.5000000746640503 0.5000000058001717 0.5000000078498555 0.5000000794126608 
0.12151396953596336 0.4999999917595412 0.5000000002314616 0.4999999963314142 0.5000000791411099 
0.12394165840758396 0.49999999712682863 0.5000000721616572 0.4999999800809978 0.5000000027569349 
0.12634666884485662 0.5000000754884485 0.5000000028139475 0.5000000010682033 0.5000000082189737 
0.1287668213924036 0.5000013240347856 0.5000000075258748 0.5000000009267989 0.5000000050509928 
0.13118832796193314 0.4999999989484792 0.5000000528498376 0.5000000391337647 0.5000003818509189 
0.13359444847118926 0.4999998992860919 0.5000010344261073 0.49999999229795145 0.49999987566534854 
0.13601847199497955 0.4999999902964859 0.4999999984434116 0.5000000020100317 0.4999999990715607 
0.13844196999909952 0.4999998992860919 0.4999999753011882 0.49999999229795145 0.5000002855156187 
0.1408407728765847 0.4999999529028974 0.5000003737049984 0.5000000535390718 0.49999995664889474 
0.14326198099177587 0.5000000024890567 0.5000000058310385 0.5000000086450457 0.5000000622034672 
0.14565277867385634 0.5000022958325274 0.4999749839340203 0.4999696401157507 0.500027285410877 
0.1480871010463179 0.5000000038168645 0.5000000006062896 0.4999999963403972 0.5000000026584772 
0.15049910195156588 0.5000000753746888 0.49999997421563125 0.5000000023509843 0.5000000055701346 
0.15290707088300584 0.5000014118540835 0.49999996834299165 0.5000018209677465 0.4999999990716065 
0.1553188196847794 0.4999999824608172 0.49999993676267585 0.4999999522189611 0.5000126322845058 
0.15772480694483673 0.5000000384624429 0.5000000171181391 0.5000000111867484 0.5000000133503844 
0.16013784311297302 0.5000037296811882 0.5000009060442097 0.5000003562376405 0.5000272961347894 
0.16256705873077767 0.4999999545309129 0.4999999886913419 0.5000000440412524 0.5000000040126299 
0.1649657967372094 0.50000000756027 0.5000006050991356 0.5000007614592508 0.5000368294657563 
0.16738465139432085 0.499991219820817 0.49997698627227877 0.4999686420502419 0.5000274138387978 
0.16980741855167023 0.5000000020056912 0.5000000268466146 0.4999999883388961 0.5000000071979165 
0.17221735430649154 0.49999982157062667 0.5000003442095948 0.4999688219033218 0.5000279772034324 
0.17465015826964467 0.4999999974581264 0.4999999742308399 0.5000000021082275 0.5000000865032042 
0.1770767440593529 0.4999999345397519 0.5000000446130163 0.5000000370947324 0.5000000910223148 
0.17949465937314718 0.4999999283896099 0.5000000419892637 0.4999999855691435 0.5000000023976624 
0.181940438401068 0.4999995918353554 0.49999997577364347 0.5000000102834525 0.49999992772712326 
0.18434089775154403 0.5000051972158212 0.5000005546886716 0.5000044461594607 0.4999928909562858 
0.18677490579422792 0.49999992786643144 0.5000000416347652 0.49999998745327723 0.5000002065618102 
0.18920105158187284 0.5000000384351586 0.5000000283732203 0.500001356009889 0.5000000254780838 
0.1916412256636274 0.4999999354062324 0.49999968993687416 0.5000000359860783 0.5000000435147072 
0.1940686072944974 0.49999995498020106 0.5000000441278025 0.5000000240792276 0.5000023599714838 
0.19650801651247016 0.49999999016068875 0.4999999914377374 0.4999999947154523 0.49999993928617437 
0.19894372703896307 0.500000048525205 0.4999998237386564 0.4999998955510468 0.5000001041544238 
0.20138810969666204 0.4999999780747381 0.49999999300611236 0.49999999861953165 0.5000000117356406 
0.20381895730387584 0.49999241673885364 0.4999999933146357 0.5000002704876754 0.5000049773700378 
0.2062928379002101 0.5000001383289645 0.5000000240694938 0.4999999987085858 0.5000000004074152 
0.20872480546081865 0.4999999920127875 0.49999864081005796 0.5000000345519416 0.5000000186162189 
0.21117754781205203 0.499999932207707 0.4999999552276894 0.49999999380263677 0.49999999293386777 
0.2136339132374786 0.4999999921705619 0.49999876715302116 0.5000000148909385 0.5000000059639252 
0.21608822876685496 0.5000001289307137 0.49999999118960886 0.5000000023550358 0.5000000183899975 
0.21855686322723916 0.49999998861061434 0.49999999199739525 0.5000000028927729 0.4999999997928392 
0.2210201884907211 0.4999999818518827 0.4999999949748518 0.5000000116677945 0.5000001568168433 
0.22346606404470906 0.49999936106498466 0.5000000699253094 0.5000013708904035 0.49999914726308586 
0.2259693148461966 0.49999997808594565 0.5000000493145378 0.49999999805715256 0.5000000185923272 
0.22842736219274157 0.49999999856374633 0.5000000269810941 0.5000000400296344 0.5000000108476733 
0.2309088451886193 0.49999994263537717 0.49999999186790195 0.49999999868386874 0.49999999968772807 
0.23338569731140105 0.5000000066325877 0.4999999922373306 0.49999992418912537 0.5000000113500856 
0.23585883469291644 0.4999917780995495 0.5000008167097217 0.4999986365712377 0.5000000276489155 
0.23834498708018179 0.49999666616570493 0.5000006462365484 0.4999999808695711 0.5000003580462187 
0.24084598019083478 0.5000004069831401 0.4999999951012005 0.5000000151093132 0.5000000037544234 
0.24333475234803853 0.5000000093724675 0.5000002794232201 0.49999999750682483 0.4999999532235164 
0.24584208580406702 0.4999996325414348 0.49999999004412454 0.5000000830553215 0.5000000050866172 
0.248332562174459 0.49999960634136115 0.5000000025120358 0.4999991397665442 0.49999995789360907 
0.2508443112033581 0.49999960634136115 0.4999996219231837 0.5000620368951533 0.5000000184292607 
0.2533634071595924 0.5000003095284394 0.5000000094435276 0.5000000139932979 0.5000000014977994 
0.25587481461707673 0.4999963143174697 0.4999996232463055 0.4999999856952769 0.49999904164854375 
0.2584034830695249 0.4999999952794957 0.4999999876591789 0.4999999976895864 0.5000000019477778 
0.26092693646189785 0.49999997846665784 0.4999999962068515 0.49999999953844243 0.5000000025081429 
0.2634362461363251 0.5000022037945901 0.5000002775301633 0.5000000955227395 0.4999999993826257 
0.26598096921788045 0.49999631366915226 0.5000000036286825 0.49999857475477205 0.5000041581835615 
0.26852583559449905 0.5000000002511206 0.4999999914680832 0.500000000507993 0.5000000012962871 
0.2710809904246041 0.49999999425240865 0.5000000024660883 0.49999999678695517 0.49999980527268084 
0.27361548845523304 0.4999999499402413 0.5000002807554119 0.5000000955227395 0.5000000024279155 
0.27617537348740673 0.499999982730633 0.5000000058550963 0.49999982317223196 0.50000001042363 
0.2787296530289462 0.5000000012902944 0.5000000028146108 0.5000641630096802 0.50000001747066 
0.2813000879901018 0.5000001203602555 0.5000000008004072 0.5000000006939139 0.5000000029967394 
0.28387146465138874 0.5000000013378312 0.5000000000189605 0.499999999561407 0.4999999992482943 
0.28644411370624223 0.4999999991175572 0.4999999954050822 0.4999999994917435 0.5000002268464138 
0.2890199467838844 0.5000000037815651 0.5000000031421752 0.4999999938245685 0.5000000093919267 
0.29160628579065134 0.5000000011705856 0.5000000027934026 0.5000000000440186 0.5000000017864048 
0.2941949652984304 0.5000022444584222 0.5000000018547355 0.49999999991470967 0.4999999993951019 
0.2967755701535921 0.49999128374790514 0.5000002396345792 0.4999985522512617 0.49999999957349656 
0.2994081562931025 0.5000000013483983 0.5000000006225068 0.49999999958779023 0.49999999989870725 
0.3020049125527167 0.4999999985709821 0.4999999975197772 0.4999999994864124 0.499999999489488 
0.3046182717869073 0.5000000015219317 0.5000000006065247 0.49999999950977225 0.50000000156507 
0.3072302702896681 0.5000000011528329 0.5000000006065247 0.49999997523205386 0.49999994154291816 
0.30986452805990566 0.5000000012124809 0.5000000012019069 0.4999999993687449 0.4999999999145409 
0.31250400514091925 0.5000000004699242 0.49999999968540665 0.49999999951314156 0.500000001203512 
0.3151276662434151 0.5000000011555639 0.4999999978233 0.49999999936008904 0.5000000014509943 
0.31778145209124975 0.5000000005001243 0.5000000012153246 0.4999999993526142 0.49999999918777727 
0.3204324208945924 0.5000000013786596 0.4999999974927229 0.4999999993418121 0.49999999987786853 
0.32309459710799904 0.5000000013456104 0.5000000026524403 0.49999999977765436 0.5000000020081177 
0.32574044544772845 0.49999999914038096 0.5000000012968344 0.49999999949129154 0.4999999997460931 
0.3284175091998947 0.5000000013279778 0.49999999949798507 0.5000000002817352 0.5000000014522278 
0.3310976761425262 0.500000001326002 0.49999999959406505 0.5000000006602823 0.4999999997934164 
0.33378720551859054 0.5000000013784466 0.5000000006238475 0.5000000004643363 0.49999999985518956 
0.33648404588819536 0.5000000012632022 0.5000000029980094 0.5000000002492524 0.49999999953052465 
0.3391703505967355 0.5000000013819195 0.499999999722672 0.5000000004647059 0.5000000012582837 
0.34187585969252815 0.500000001469877 0.5000000028068495 0.5000000005433904 0.49999999923605093 
0.34459877493680025 0.5000000014526892 0.5000000005840416 0.5000000004203279 0.49999999936762124 
0.34730494412859314 0.5000000011404913 0.4999999991920479 0.500000000538569 0.49999999923142746 
0.3500466603627679 0.5000000028033641 0.49999999974702497 0.5000000003311323 0.499999999227698 
0.3527776704678177 0.5000000011412438 0.49999999949745355 0.5000000002369189 0.49999999921591787 
0.35550719406664916 0.500000001469877 0.4999999995985664 0.5000000002918343 0.49999999922098637 
0.35827737873431514 0.5000000012528886 0.500000002739155 0.5000000004237346 0.5000000012832959 
0.3610273297123049 0.5000000011877717 0.4999999992863197 0.5000000005385816 0.4999999992315192 
0.3637920279627876 0.5000000011526324 0.5000000002823849 0.5000000003687888 0.4999999992260642 
0.3665718823998051 0.5000000012179737 0.500000000346843 0.5000000003061973 0.49999999936936446 
0.3693621210933581 0.4999999808851793 0.5000000002823849 0.4999999989158091 0.4999999992260642 
0.3721451056679061 0.5000000012932222 0.5000000002884881 0.5000000003116362 0.4999999994655896 
0.37494679136287773 0.5000000011869042 0.4999999995783267 0.5000000005401354 0.5000000005071986 
0.3777568900887057 0.5000000099645497 0.5000000003408331 0.5000000004025248 0.49999999882701046 
0.38057506906495386 0.5000000003085004 0.5000000000250794 0.5000000004044459 0.5000000004866397 
0.3834036110021984 0.5000000013290026 0.49999999937154466 0.5000000003420524 0.4999999989675503 
0.38622287551013584 0.500000001144331 0.49999999928468325 0.5000000005436264 0.4999999989808657 
0.3890734097857865 0.5000000015932959 0.500000000283514 0.5000000003171692 0.49999999895839875 
0.3919281994321171 0.5000000011672989 0.4999999997144292 0.5000000023991089 0.5000000000272936 
0.3947774694121186 0.5000000014641212 0.5000000003119643 0.5000000005436629 0.4999999990313251 
0.39764963885986865 0.5000000013160922 0.500000000288515 0.4999999972313576 0.49999999942594975 
0.4005333421040199 0.5000000013710982 0.5000000008274024 0.500000002358064 0.49999999878522816 
0.4034168651640058 0.500000001170262 0.5000000000223765 0.5000000005524596 0.5000000004965697 
0.4063132088711813 0.499999999926436 0.4999999995999058 0.5000000005325389 0.4999999990547131 
0.4092229639792353 0.5000000027455368 0.500000000338949 0.5000000025242197 0.4999999993636718 
0.412136403259531 0.5000000014964918 0.500000000264339 0.5000000021424466 0.49999999919250554 
0.41505524419012385 0.5000000003437594 0.5000000005020357 0.4999999967913572 0.4999999992012141 
0.4179998916270499 0.5000000015938657 0.5000000002748207 0.5000000005000347 0.49999999882936363 
0.42094835856445106 0.500000000288338 0.5000000027036537 0.49999999992385313 0.4999999994244795 
0.4238994955783387 0.49999999994959143 0.5000000002362717 0.5000000002320778 0.49999999919007393 
0.4268704358884353 0.5000000015176238 0.5000000003119834 0.5000000003804385 0.4999999990320653 
0.4298457045379997 0.5000000030087469 0.500000000873432 0.4999999968179999 0.4999999994199786 
0.43283635347205557 0.5000000015025704 0.5000000002642171 0.49999999711383725 0.4999999994478786 
0.4358213304029911 0.5000000000736338 0.5000000000093365 0.5000000002346909 0.4999999990318896 
0.4388447019038648 0.5000000012561386 0.5000000008583948 0.5000000022437341 0.4999999987504517 
0.4418567145303531 0.5000000022649114 0.5000000002780964 0.5000000026281654 0.49999999936057304 
0.4448929478207763 0.5000000015049764 0.5000000002800811 0.5000000005135795 0.49999999936892336 
0.4479338167286851 0.5000000013157726 0.5000000002885291 0.5000000024273451 0.499999998777709 
0.4509898649224477 0.5000000013149732 0.5000000002122617 0.5000000003440978 0.4999999997152988 
0.4540574008271251 0.4999999999192406 0.5000000010316361 0.4999999996531699 0.49999999893013936 
0.4571322524377486 0.500000002678642 0.5000000026699449 0.500000000300529 0.4999999993749595 
0.4602215539139225 0.5000000022648085 0.5000000011013425 0.4999999985581168 0.4999999987851087 
0.4633074528779772 0.500000002208339 0.5000000010275979 0.49999999683591567 0.49999999879943435 
0.46643023000556577 0.5000000030123906 0.5000000000104714 0.5000000007673396 0.5000000004489261 
0.46955354778725317 0.5000000030282403 0.5000000011121798 0.4999999968483149 0.4999999989577985 
0.47267667643705275 0.5000000080068354 0.5000000016087337 0.5000003852543674 0.5000000012754159 
0.4758338002764462 0.5000002070943955 0.49999945570948784 0.5000638305888812 0.49996692410319876 
0.47898925667432535 0.5000020629025522 0.49999999698918207 0.4999997921584037 0.4999691282342282 
0.4821669890454791 0.4999867093013706 0.5000004203131329 0.49999112834853054 0.49996873755087434 
0.4853464396551546 0.50000000291098 0.4999999957728237 0.49999999870137 0.49999999938302186 
0.48855330037352374 0.5000003331865791 0.49998656614255016 0.5000653452758204 0.4999999856526318 
0.4917636621009897 0.49998643318232616 0.5000009283426893 0.49994029640423693 0.4999739289919356 
0.49498362238558213 0.500000449942222 0.49998626922307676 0.500001656989765 0.4999999990061275 
0.4982235684634174 0.5000005152245014 0.5000004047697415 0.49999133853326494 0.49997040814718363 
0.5014778981852878 0.5000041311899656 0.49999998830156117 0.5000627027971194 0.49997152007188983 
0.5047251114146885 0.499999986153297 0.5000000210736256 0.49999162793579777 0.49999947404504913 
0.5080234545049653 0.500002100869151 0.49998578156057477 0.5000620114290939 0.4999706273619865 
0.5113148544990923 0.4999999859821889 0.499999989723615 0.49999993268237125 0.49996484266973923 
0.5146254804445956 0.4999366890032521 0.5000014318261793 0.499991428299441 0.4999711881182712 
0.5179265313632797 0.5000000080212325 0.500000015292009 0.5000000178875635 0.5000000024217727 
0.5212645653766107 0.4999999539272218 0.5000000773632132 0.5000015017665015 0.5000009352477754 
0.5246326728825841 0.5000042295526519 0.5000006334676671 0.4999803950413532 0.49996741770179537 
0.527990617764309 0.4999999997083638 0.4999999961030794 0.49999999881909635 0.49999995123117974 
0.5313689719792237 0.5000000768112831 0.49999998576099286 0.500000158667992 0.500001699147981 
0.5347785610385958 0.4999319909310834 0.5000327509960019 0.4999347560964597 0.49997127266813907 
0.5381843545903587 0.5000003626528231 0.49998580688774974 0.49994035207387055 0.5000002803037894 
0.5416046883414073 0.49999969909125447 0.499999319850977 0.5000018701735821 0.4999999227084162 
0.5450610136140513 0.49993402462546666 0.4999993067847073 0.4999354615217246 0.49997310763059877 
0.5485172663294792 0.4999726723487607 0.49991593420311103 0.49999172258646296 0.4999999188458654 
0.5520087808053392 0.49992916841850327 0.49987289719922184 0.4999424179631005 0.49996835667496264 
0.5555000485097152 0.4999330342655865 0.49991886254102014 0.499940268858769 0.49997123901361096 
0.5589872748350012 0.4999330037112697 0.5000193501484852 0.49999992471005167 0.5000003401719236 
0.5625179721831869 0.4999129369210579 0.5000197807620065 0.49993537301116814 0.5000031016239349 
0.5660640476859216 0.4999318575540735 0.4999201751209765 0.49993658714803035 0.500004694871556 
0.5696209285849825 0.5000007528536565 0.4999158919413587 0.49993928081406 0.5000052404403587 
0.5731813447601 0.4999985390495512 0.4999858858351451 0.4999994020117241 0.5000009532152256 
0.5767634116710346 0.5000000462697227 0.5000000269328336 0.4999999995142039 0.4999999989345153 
0.580405466973688 0.5001153528211435 0.5000193886158304 0.500060762832453 0.4999716618885478 
0.5840220227125802 0.49998457984290195 0.49996530558466623 0.5000543211589635 0.49996797476453325 
0.5876610249921382 0.49999905996625316 0.5000043698361069 0.49999578615010815 0.49997170572972977 
0.5913375881925793 0.49993320385560813 0.4999251419338456 0.499997834363947 0.49999668101048367 
0.5950685011573418 0.49998753356421727 0.4999158951421292 0.5001990598016408 0.49997354556590046 
0.5987386072897656 0.499913627696172 0.4999183270877767 0.49993550623295924 0.4999679903667533 
0.6024571394036404 0.499913627696172 0.4999256682441511 0.4999353727985645 0.4999679903667533 
0.6061639776596524 0.5000000013279778 0.49999999949798507 0.5000000002817352 0.5000000014522278 
0.6099738293796612 0.49991926035009393 0.4999169438158762 0.499936930511246 0.5001147374818468 
0.6137415542239316 0.4999902710465513 0.4999630169064112 0.49992746097459145 0.5001149187889882 
0.6175188815453928 0.4999990471587065 0.49996458126852655 0.49999551071368625 0.49997040609166704 
0.6213469326218057 0.4999858883924617 0.4999580893597894 0.5000649015669841 0.49996793700809017 
0.6251874021018099 0.4999869209758436 0.4999209027870887 0.5000000962565014 0.4999997837728375 
0.6290593974374308 0.5000769186984524 0.4999192951095971 0.5000024871810952 0.4999659919499686 
0.6329211017567528 0.4999998828755992 0.4999998365178733 0.49999987723158873 0.5000000594084405 
0.6368281559803673 0.4999979308421952 0.5000001952475118 0.5000000953318575 0.5000000032085657 
0.6407608357345052 0.4999863933014375 0.500000810228182 0.5000486969367949 0.49996807791644604 
0.6447440777467315 0.4999284842164594 0.4999182972666018 0.49988044861011155 0.4999680194820057 
0.6486623224018635 0.4999998819928226 0.4999998189238111 0.49999988089436137 0.500000059923918 
0.6527357701552646 0.49981118647563105 0.4999182256234171 0.5000379539868246 0.4999680109649502 
0.656712775960052 0.49998996474332497 0.499924884911383 0.4998850327373021 0.49996919338765206 
0.6607323690313112 0.49999012899119505 0.4999223457808067 0.5000031200008145 0.4999712452925207 
0.6648564046006225 0.49981198183421854 0.49992862541487904 0.5000373234411127 0.4999714781257675 
0.6688886519350861 0.49995062668999474 0.4999209047187577 0.5000504683930184 0.4999721298353885 
0.672999390730085 0.4999247526774727 0.4999668278207741 0.4999500744118812 0.49997047836942204 
0.6771368907180444 0.49992189007991095 0.4999178294009571 0.5000097698090198 0.49996601624266607 
0.6812762787882025 0.4999850941464739 0.5000042315960178 0.5000361728840901 0.4999710985286796 
0.6855316529536515 0.49981667658730494 0.4999053947123372 0.49999455647552615 0.4999726398378826 
0.6896830896208326 0.4999871121170479 0.4999190232055637 0.5000401613627473 0.49996836346002566 
0.6939158149262523 0.4999930244320501 0.49992404581637456 0.5000413919542476 0.49996808285648625 
0.6981693761322391 0.5000015541173052 0.49996627754740364 0.4999517145208429 0.4999714394634099 
0.7024575299899198 0.49999171012373367 0.500001740076948 0.5000438636755623 0.4999704319941595 
0.7067699333621036 0.4999875094022449 0.49996496716535754 0.5000396813488093 0.49999856121896996 
0.7111084102276626 0.4999699886358361 0.5000033804868695 0.49999525055059085 0.49996829898874795 
0.715480556712979 0.49999989102060427 0.49995667521558235 0.5000018690536752 0.49997310836899683 
0.7198763864618574 0.49999999616706703 0.5000000282242351 0.5000579806325849 0.4999999921861851 
0.724313193080854 0.4999343479206796 0.49995698745371814 0.5000409261856085 0.4999708686072435 
0.7287761778574409 0.499920562715872 0.49992056351423303 0.500027841087257 0.4999954977587607 
0.7332278773848049 0.49999988221050806 0.5000000080017954 0.4999995253032129 0.49999995186472357 
0.7377635070585806 0.4999343475041411 0.49994017839885296 0.4999987086323593 0.5000369367136006 
0.7422917230149131 0.5000000411029516 0.49995857659237897 0.5000000211895939 0.4999725236059878 
0.7468754182438058 0.49994898968371654 0.49995892247688095 0.5000540184706592 0.49997310368358283 
0.7514666985675604 0.49999299784238427 0.5000008449105221 0.5000414971478877 0.49999539023212414 
0.7561004323925327 0.5000025244430871 0.4999975235574684 0.5000206705434463 0.49997079491434476 
0.7607883379757094 0.499940511307181 0.49992595896827535 0.4999950930456325 0.49997655371002064 
0.7654707120391189 0.5000000298563734 0.499964604417833 0.5000385971537848 0.49997313170442254 
0.7702096125603245 0.49997030685466726 0.49995697406153744 0.5000542878733059 0.4999706881799547 
0.7749765700521696 0.4999462128756202 0.499958041892058 0.5000402636975573 0.5000369622775419 
0.7797691735174268 0.4999530740600811 0.5000144287896694 0.5000413811714804 0.4999718511460171 
0.7846046946392605 0.4999898018741312 0.4999585714410287 0.5000539962003238 0.49997313065366705 
0.7894545937432565 0.4999999933585015 0.4999999545758356 0.4999999917598186 0.49999994763401473 
0.7943801653453575 0.499947328672386 0.49995082023820436 0.5000419533526781 0.4999719955323809 
0.7993217076857092 0.49994491237685795 0.5000000028494387 0.5000000064568735 0.5000005392824602 
0.8042695877240713 0.5000016766942518 0.5000000785337074 0.5000000333093291 0.49999994769534284 
0.809288142172973 0.4999866975423742 0.4999944850899082 0.49999425536867875 0.4999768048734887 
0.8143413778105506 0.4999919307643371 0.5000001202054685 0.5000517483645013 0.4999763645580696 
0.8194420563109484 0.5000114673720878 0.4999201331181876 0.5000205260495103 0.49997080268844185 
0.824557477251521 0.49994512851785594 0.49999496809247773 0.5000204705930653 0.4999706935552972 
0.8297204363508248 0.49998784220349207 0.49995204736996185 0.5000187550191322 0.49998253017443217 
0.8349183707242886 0.5000065568775919 0.49999567586518384 0.500002847778924 0.4999980123209946 
0.8401585282077063 0.5000000034504561 0.5000000045605976 0.4999999932191555 0.5000000063982032 
0.8454493633945369 0.4999999686198716 0.5000104006555265 0.49999999664196154 0.4999999525530483 
0.8507813824938694 0.5000058975975357 0.4999952799073046 0.5000206417713655 0.5000257295859709 
0.8561521786625687 0.5000057496623357 0.49999978335423495 0.5000222675612154 0.4999999077567383 
0.8615893452072928 0.4999374006389584 0.5000000096379168 0.5000413008055898 0.49997537026191247 
0.8670407177640791 0.4999424359629081 0.4999569500453885 0.5000234129005525 0.49999813500544565 
0.8725104076936416 0.5000000092652771 0.500000002980788 0.5000000083918482 0.5000000086114001 
0.8780761645464613 0.5000015076619069 0.5000058391199069 0.4999985613639966 0.5000001360997116 
0.8836700927882477 0.500000009717682 0.5000000038288346 0.49999999325197086 0.5000000014933015 
0.8892963062521508 0.499999968654227 0.5000000063346969 0.4999999966252431 0.500000001694353 
0.8950273693189332 0.4999272406554293 0.49999853414773043 0.5000440752313363 0.4999981721809024 
0.900750514449542 0.4999867832391036 0.5000060575719409 0.5000417229181997 0.4999979016054432 
0.9065316866333971 0.5000000047539501 0.5000000107052488 0.500000002161571 0.500000010182868 
0.9123724631649761 0.5000000080785606 0.5000000047110293 0.4999999932614903 0.5000000005403308 
0.9182631996385203 0.5000000047713582 0.4999999995769579 0.5000000012099344 0.5000000089717135 
0.9242378723623477 0.49993821196398 0.4999500911912128 0.5000342723643738 0.4999680228939272 
0.9302080643059225 0.4999989580930594 0.49999978464585015 0.5000247269711023 0.4999983794251998 
0.9362661096836653 0.49995214130797155 0.5000003346544778 0.5000000059733175 0.5000007211511006 
0.9423539097993869 0.500000005837246 0.49999999958023966 0.500000001255476 0.5000000014830868 
0.9485284984555106 0.4999999689375827 0.4999997742393642 0.4999979491486159 0.4999999122456507 
0.9547383332328839 0.4999999697912583 0.4999999525689178 0.50000000804024 0.500000001454065 
0.961021506035276 0.500000008246419 0.5000000035723884 0.5000000005598209 0.5000000014146088 
0.9673630853983738 0.5000000049816072 0.4999999962313732 0.5000000012244578 0.50000000134588 
0.9737816695970365 0.500044074299803 0.4999999993419232 0.5000429104740842 0.5000000097811966 
0.9802421363984183 0.4999944883896746 0.49995262264449086 0.5000323764851362 0.4999983098910409 
0.9868000821450076 0.4999319950065451 0.4999882871495657 0.5000429045697199 0.49998242076536614 
0.9933416283522398 0.5000000085154469 0.4999999975178568 0.5000000010998814 0.50000000879454 
0.9999999999970667 0.500000009182226 0.5000000078344028 0.4999999967955238 0.5000000014869178 
