0.2532892551374739 0.9736065384332312 
0.23357237756395174 1.1272179384933712 
0.23360900009933844 1.1268646274652843 
0.24420758945844614 1.0626785963064627 
0.25173142894626177 0.9862437579404059 
0.2606581177819326 0.9683154738562251 
0.2746104065309749 0.9610930014993647 
0.28855026781932236 0.9535009210796583 
0.302542787087032 0.9455021720623668 
0.3165722074127759 0.9371021512466914 
0.3306148964956508 0.928312914454772 
0.3446485093044346 0.9191483254812676 
0.3586886651315322 0.909598289237134 
0.37058329284585245 0.9012092740375091 
0.5472638622437856 0.8131946547024621 
0.5459391329882068 0.8143941239503636 
0.5541757307458373 0.7724292907713266 
0.5576842734572708 0.7568443844767878 
0.5627946638451649 0.7331001463794037 
0.5730929416685122 0.7163936501736596 
0.585428550215606 0.7025728009923675 
0.5976304696108511 0.6886121913662033 
0.6096553650315201 0.6745723723405725 
0.6215312604882981 0.6604320254259207 
0.6332384519412647 0.6462255367508096 
0.6447812944417435 0.6319589350375401 
0.6561656026515871 0.6176358641304858 
0.6673803070998929 0.6032810781730362 
0.6784472070762861 0.5888770022948943 
0.6893140418034542 0.5745028276846197 
0.7000360115167565 0.5600963928740671 
0.7105835937409902 0.5457073147246292 
0.7209754561792432 0.5313202370007385 
0.7312022731379619 0.5169577314958702 
0.741265573714499 0.5026273959188752 
0.7511813697166693 0.4883155230205186 
0.7609072585589477 0.4740930346142647 
0.7705020515051126 0.45988292129134284 
0.7799385095566358 0.4457336414633425 
0.7892091891685694 0.4316652329953884 
0.798336467033026 0.4176520391267721 
0.8073128847875144 0.4037132690662215 
0.8161377370291172 0.3898579572414709 
0.8248118779178714 0.3760925288993576 
0.8333559132462486 0.36239116845330577 
0.8417481202478292 0.3487959079532464 
0.8441804635114338 0.34483007113671704 
0.8441804251451269 0.34483013656823913 
