0.9103941551733559 0.06678576546426186 0.13342728894119235 0.9999999815711306 0.26755443409123136 0.3092101895642365 0.3993513194843063 0.4676164997597501 0.532494594553015 0.5793222659119709 0.6666738349288741 1.3673186502173286E-5 6.0408622192078026E-5 1.515392055066502E-8 0.016831583279432367 
0.8979613080760195 0.06678576284171207 0.13342018387333118 0.9999998531015867 0.26755470944663745 0.333802606848837 0.39942149301949936 0.467618250672116 0.5324947451908313 0.6838163238097223 0.6666738348272622 0.08246639519798396 6.14302240732106E-8 8.958389472091594E-9 0.01654652481422903 
0.8979873147435347 0.06678576284268538 0.13342018385706234 0.9999998220407732 0.2675547444851377 0.333802606848837 0.39941575988355704 0.46762822231784384 0.5324940732977865 0.6838163238097223 0.6666738368306807 0.08035688905106568 1.5002892330655746E-7 6.670538712276144E-8 0.01650080861764762 
0.9036566154385286 0.06683438552459783 0.13342014453683596 0.9999963647764567 0.267202824910648 0.25971931877688365 0.39996139364051464 0.4673517003746997 0.5156232430732763 0.5888544607773164 0.6666711849717983 0.0054187819623611536 4.721612126726976E-5 2.3619191480170912E-7 0.01593969100636805 
0.9093661561392044 0.06678678895399698 0.1333697564767762 0.9999960439470517 0.2671863339642066 0.33380288741951697 0.4008245716055359 0.46735047796431556 0.5324518501882997 0.5791553156580079 0.6667149656423799 0.11181466052538351 1.1634729990836154E-6 4.188296727579299E-8 0.01581116089270942 
0.9122266343873269 0.0667858627497406 0.13341597881711034 0.9999999722826135 0.26756084595011576 0.3336415119053159 0.4007876439248343 0.46725679695583705 0.533396369419629 0.5990332761221386 0.6667736475710242 2.580980035017746E-8 1.3672134252143176E-7 2.412593642283483E-6 0.01844684003053581 
0.915403278353246 0.06684748854515572 0.131735059781042 0.9999992337749943 0.2673086949305742 0.3338409220077662 0.3994373428783118 0.46722030488557026 0.5343297090816049 0.5998565308438103 0.6666877481652642 1.6877327991295616E-8 2.6653691471777443E-7 7.51477534731179E-7 0.01509609057838377 
0.9184300738320458 0.06684623128095805 0.13177027594885027 0.9999985244834689 0.2672099631391944 0.333641359139586 0.4007358466307126 0.4672592438870042 0.5343298728900303 0.5998827741211038 0.666763537568587 1.687623454884566E-8 3.083261043729606E-7 7.829097654913815E-7 0.016297104181735196 
0.92133404148467 0.06678371541917845 0.1325705628238326 0.999999986368959 0.26730805336997304 0.3338442987571422 0.39938629901441564 0.468153442615049 0.5326100534596427 0.6003783053011528 0.667063079821628 5.859677637159608E-8 2.8129773869680987E-7 1.0369779203605268E-6 0.015073825534631064 
0.9241224401712372 0.06613875215710875 0.1317656169366383 0.9999978939855396 0.26723467175265764 0.3338006921682025 0.39932317924099514 0.46723507790008173 0.533558972939197 0.5999855759809223 0.6670479147866547 1.7454645482387347E-8 2.7985637086359128E-6 4.6317994474548323E-7 0.015144686821835642 
0.9268002856401322 0.06615932190020352 0.13256252096814794 0.9999992422780223 0.2673081649905307 0.3338409383599309 0.4005698257996779 0.46723576952001344 0.5326472386512418 0.5999791061688863 0.6670431202662584 1.7453170750282745E-8 2.6119187761248356E-6 2.978591899628149E-7 0.015073088056026793 
0.9293723729565745 0.06621380606924257 0.1334129913996311 0.9999997449306041 0.2673081360097462 0.3337724569801287 0.39938504608189185 0.4674472314688163 0.5343155654271178 0.5999673604256476 0.6670433846156275 3.3901487296453875E-9 2.8144366879666316E-7 1.4371128772823866E-8 0.015955923039617396 
0.9318496388559183 0.06678252022652688 0.1325659362457 0.9999994636603862 0.26570955117476125 0.33294847975824043 0.3993092021337335 0.4674267761817641 0.5335356275343427 0.601102376533371 0.6670317540919916 5.432745404738718E-8 1.976761739041614E-7 1.2317993205140118E-7 0.014263793522087996 
0.9338785215324744 0.06615933005740193 0.13340947598544114 0.9999997449354059 0.2673081669327097 0.33378448393628884 0.40066299925759896 0.467236129227568 0.5331754133360732 0.6000076084490441 0.6670434372496901 4.790044356876116E-9 2.5704913069323184E-7 2.662808782547246E-7 0.015147708549082584 
0.9552005860093212 0.06725800010170337 0.13244509420129671 0.9999997433212416 0.33285210970387846 0.33378418202434373 0.3882683943960453 0.4674933109825908 0.5320958119917422 0.5834574452611127 0.6670434372496901 8.645520594487117E-9 3.403052626448038E-7 4.204334347594704E-6 0.019998186679376504 
0.9550523946395632 0.06615472308350394 0.13359760822967187 0.9999998682060214 0.33285210970387846 0.33378418202434373 0.400488789000467 0.4819422278880723 0.5254282948385586 0.6009776172539617 0.666697851030861 8.645520594487117E-9 3.275986580359751E-7 2.829296080890731E-7 0.015114168166786643 
0.9575832480631961 0.06615515338710734 0.1336026250604077 0.9999999960687553 0.26736522893917547 0.3337987285756101 0.4006895266334942 0.4672570775856649 0.5890942955636133 0.601136286466702 0.6666891451241249 2.0048738588340758E-6 3.345718610295221E-7 1.3370062166122106E-6 0.0161518692428347 
0.9585493334890585 0.0661755724129067 0.1324271560773738 0.9999976200383299 0.2674959932668301 0.28318098401307884 0.3994474563247646 0.4672285861336541 0.5342513118650953 0.5999015063286912 0.6531847103771994 5.842958593730691E-4 0.001351792117525813 0.025517781112958177 0.003658230043686893 
0.9600008389984389 0.06617939217735032 0.13258172518605865 0.9999997423521739 0.26706654905840305 0.3338082567465952 0.3994754537558095 0.43212364043817286 0.5342528835175523 0.5995044026852544 0.6668151633510286 1.021285663465567E-5 1.2045392148351593E-8 3.480261236723871E-6 0.014305640529028081 
0.9614196666875512 0.06664908194212667 0.13240465454513795 0.9999997174503847 0.26740280740674516 0.33384064774375166 0.3994543611927174 0.4672803892433256 0.5342528800979275 0.5995586277372701 0.6669546497851008 2.3441555907137697E-7 3.320319135615547E-7 3.364952618598841E-6 0.01566989977678857 
0.962785611045234 0.06665977720739542 0.13240290454475243 0.9999996743655578 0.2673363440769446 0.33384080610952094 0.39945162971590137 0.46723529257201907 0.533564563075624 0.5999062121040344 0.6668162139993165 2.546266822062701E-7 2.7490385668482827E-7 4.703741011975693E-7 0.015170720521296739 
0.9641105749840844 0.06715545092941001 0.13240282895406422 0.9999997462454192 0.26580357231381174 0.3331942355345762 0.40066231857459456 0.46773678791331 0.5342528249401962 0.5995879448928176 0.6668160713361226 1.4717819212587024E-8 3.9337876452076047E-7 3.5847736177625917E-6 0.015163049265482778 
0.9653918419684696 0.0672041088565034 0.1327754965859507 0.9999998510475566 0.26714714145687357 0.3338191795484247 0.39878136892957 0.467303648114805 0.5342141650996157 0.599603789465043 0.6668923872318133 8.125105532209368E-9 3.210373446131501E-7 1.5036023167124384E-6 0.01632699817228667 
0.966634288023151 0.06726430778509068 0.13240249782461566 0.9999994936386306 0.2671350622916682 0.33380800577531783 0.4006477304398138 0.4678273865870564 0.5342451307596069 0.5995880584214841 0.6668909595506448 9.33925284161556E-9 3.91273248314411E-7 3.597633537852686E-6 0.015203846999283881 
0.9678375838743211 0.06722906571124877 0.1324040609376498 0.9999997837069448 0.26689314692045574 0.3338081860121832 0.40093029575766065 0.46773285454019875 0.5342508166054266 0.5995880247260664 0.6668111540276638 2.3453403505800554E-8 3.2694955077301705E-7 2.4567382984973654E-6 0.015237930668534091 
0.969003829147212 0.067204113802875 0.13236174314592727 0.9999999837330922 0.2671449360321421 0.33381935074616365 0.40067186229469637 0.46735521365256877 0.5342503660619387 0.5995944198447527 0.6668935118432628 8.118523653148219E-9 3.240270224527488E-7 4.0243740370557065E-6 0.015985013338914895 
0.9701351238671174 0.06733577654271687 0.13242638161384215 0.9999999925094435 0.2671455848681699 0.33380774673027497 0.40095026408759876 0.46728318314008266 0.5342434601730266 0.5996035227107335 0.6668872933165637 1.1623537391486366E-8 3.2014867594175254E-7 2.081549209740141E-6 0.015889727933974668 
0.9712317926552686 0.06733573617623917 0.13236302212821718 0.9999995193707474 0.2671456658179496 0.3338149899197176 0.40083215123905425 0.4673555938080871 0.5342433832839145 0.5995917504920706 0.666758239364689 5.263882282149938E-8 7.230546621487683E-7 2.0861582541646763E-6 0.016875758683413632 
0.9722972747011881 0.06725346386032341 0.13243272442277318 0.9999999323315684 0.2669252402585395 0.33380784505018846 0.40063286965122696 0.46775748051015936 0.5342452542839222 0.5995918986757433 0.6668824077012111 6.167146167969709E-9 3.4704038708804727E-7 2.161358960149429E-6 0.016881364685207133 
0.9733278257701318 0.06725350897683877 0.13243285950871034 0.9999999309680783 0.2669296199905365 0.33230665938391307 0.40083246475326423 0.4677594800682793 0.5342424873251332 0.5995857754835762 0.6668920422116627 5.3965153302074726E-9 3.410054627842679E-7 4.214142799253576E-6 0.01991953569871778 
0.97432988417794 0.06679692257485458 0.13242334800920866 0.9999999314140031 0.2669255352591936 0.3338195065437502 0.40083727417752946 0.4673008960384906 0.5342499593523726 0.5995858887128146 0.6669436251218598 5.86389465568222E-9 5.938758889019963E-7 4.163868504178539E-6 0.01983258264578519 
0.9753017638001724 0.06617916754081533 0.13239132325944208 0.9999994170580525 0.26714928483558215 0.33380723768432935 0.40081519859825643 0.46729794007898 0.5342499523681628 0.5995918473727516 0.6667558699817477 1.7209883418740636E-8 3.2620063351257597E-7 2.193291630302641E-6 0.016869557585241387 
0.9762462153175644 0.06618920610256099 0.13235660210557829 0.999999938611902 0.26694411801980944 0.3338155743004007 0.400832411086716 0.4673074272360037 0.5342507026220038 0.5999156924991531 0.6667576329523801 6.120075445651268E-8 5.571921975394615E-7 4.203179149385163E-6 0.016869703795654424 
0.9771633432029893 0.0675728874497697 0.1324860803654959 0.9999999669075406 0.26584640760190664 0.3338495712743269 0.39925160554359157 0.467302010255915 0.5342500331135451 0.5995916385924196 0.6668939212922455 2.856772060190644E-8 2.612921954658735E-7 4.209968917266516E-6 0.01703341280453691 
0.9780541946029502 0.0668848868767224 0.13361232771419534 0.9999994244956194 0.2659677982307773 0.33389158832246385 0.39923450291665785 0.46730203264064013 0.5342450668287871 0.5994681195236556 0.6667597209747617 2.7576089854120416E-8 2.530119559479521E-7 3.636862536101731E-6 0.016971334671201037 
0.9789210149988645 0.0667927589598296 0.13238573591171765 0.9999999986360153 0.26692551907042034 0.3338200732587964 0.4008125842959726 0.4673024305410881 0.5342497901480586 0.5999862145947484 0.6667679619975936 1.6895830167969618E-8 1.1609946473680646E-7 2.505887112821403E-6 0.016869467780390425 
0.9797609197364486 0.06681426812982216 0.13218838838184793 0.9999938923785211 0.2671425763428924 0.33242109041980955 0.39921656991456694 0.4672839534860083 0.5342434677347687 0.5999009563496721 0.667184571800161 4.669435044363619E-10 7.25816402501278E-7 3.59027808691845E-6 0.016878555007629217 
0.9805797441033317 0.06684079000289964 0.13218934355365383 0.9999996046194595 0.26714285964909884 0.3337994993197519 0.39913696048322533 0.4672830831774886 0.5342578279187229 0.5999067837614899 0.6671862048665914 1.2395737209339573E-10 6.485844957881699E-7 1.8915206392490548E-6 0.017425813287385378 
0.9813758251925059 0.06682077125862229 0.13256744068950643 0.9999995462229575 0.2659687345574945 0.3327027002428873 0.39922901814065875 0.46730203981648777 0.5342422717902011 0.5999439032762093 0.6667476856259101 1.4775069787960705E-9 2.433219349251942E-7 1.4170836276461256E-6 0.01753804763956168 
0.9821492136307001 0.06680560157683138 0.1321950760261017 0.9999995407988326 0.26595870723728443 0.3326010106888832 0.400823184481088 0.46738100180871567 0.5342528706487942 0.5999484577749474 0.6671504212232107 8.127753484908238E-11 6.512128884060313E-7 2.5242536772079247E-6 0.01485555151640896 
0.9829023996850301 0.06682508079177493 0.1326019676469495 0.9999999972638347 0.2659109878926381 0.3337924650276362 0.39920098371244594 0.467376081743733 0.5349023745524184 0.5999439415312777 0.6667683590790132 1.700406783308529E-8 3.794734760243473E-8 2.151217993111894E-6 0.016881570682443777 
0.9836353396831354 0.06720748713563895 0.13258629686290113 0.9999998754231902 0.265910396054066 0.33380817578824046 0.39913725444238957 0.46728377890133094 0.5341816522160433 0.5999004310734545 0.6668231843513084 3.6083080315312784E-8 3.5986621396204576E-7 2.1508530614386444E-6 0.01736471711646156 
0.9843485255805804 0.06685612814175622 0.1322166945852216 0.9999998352724618 0.265964834088263 0.3326050781879169 0.3992335889412112 0.46728289315732585 0.5342561042547519 0.5999480657865852 0.6671812314731026 1.893042361528805E-8 2.3262700059430614E-7 2.561540375426122E-6 0.01618903905910715 
0.9850425495249802 0.06711678904530066 0.13182306822624898 0.9999997214580105 0.26721465317400117 0.332388582120438 0.3991814610026678 0.467283062157567 0.5348567863328104 0.6004818663971244 0.667136294030555 1.721069166592367E-9 2.3141062601945227E-6 2.7462243167364465E-5 0.014495590510647114 
0.9857195407905748 0.0672443441164093 0.13249921341705315 0.9999995519247911 0.26715203658980685 0.3326113468251429 0.4006010060541271 0.46738045694302754 0.532601940886296 0.6003745581663354 0.6666885633820538 3.4398758637184627E-9 3.5742756084776556E-7 1.7206563159217986E-6 0.0173996078433627 
0.986378221402316 0.0671277603936531 0.13241612653996757 0.9999964453659353 0.2672120398996745 0.33259894810358565 0.40060826254933146 0.4672780139317518 0.5342488703237058 0.5999686913352645 0.6668234136532011 5.198900872493127E-9 9.643013912186453E-9 1.3931394537951775E-6 0.017402750540288406 
0.9865679840110164 0.06712778241259759 0.13242379506693194 0.9999990277307783 0.267152044009763 0.33258370865879316 0.3991357039311138 0.4673029085696726 0.5342460880530385 0.5999014965782203 0.6671083243022718 5.430626993193259E-9 1.7022911115450476E-8 9.283683456815989E-7 0.017427712131655376 
0.9865679809154858 0.06712778241259759 0.13242379506693194 0.9999983325633899 0.26721301466441616 0.332583710044825 0.3991358579146807 0.4673040704311793 0.5342460880530385 0.5999014965782203 0.6671371627364237 5.445352613858786E-9 4.013985889903892E-9 8.982618429179193E-7 0.017427754586292046 
