2.419441880423436E-6 1.1504277127497098 
0.006599905385203535 1.1499971356790868 
0.05801082233746859 1.1494003785865545 
0.060792313401938934 1.1483957701181446 
0.09994752783288871 1.1456153363862591 
0.1301498927357319 1.1426817052917573 
0.1428988839307009 1.141171315450234 
0.15476876499195583 1.1387305182978422 
0.17402873395969107 1.1345159689508597 
0.18597122355584464 1.1314761692354038 
0.20127374675120596 1.127051255054997 
0.2102026377709592 1.122800040580028 
0.23005535621311485 1.1105370492867697 
0.24495906423218686 1.100449660473078 
0.2580195216984754 1.084912871335489 
0.2727102749090648 1.0655926921463408 
0.2824090258178675 1.048045737815621 
0.2929846739629726 1.025673623060326 
0.303023354233679 1.0000863010088679 
0.31264876455452695 0.9705366539057929 
0.32017313936720054 0.9480410520932033 
0.33551121840161335 0.9422276012113935 
0.3510362640423018 0.9365110760602643 
0.3668178086141311 0.9303808154895721 
0.38271951064785176 0.9239588943046473 
0.39860354068473086 0.9172302739606211 
0.41476501311913117 0.9100768569507023 
0.43095670923553386 0.9026417736884748 
0.4436899816036777 0.8965078022573636 
0.7364669349339832 0.8832953327227135 
0.7538433948722001 0.8684504304122431 
0.7711733297209011 0.8531333364107115 
0.7884000662782905 0.837684516879586 
0.8048464883339744 0.8217670282331452 
0.8209642378651135 0.805308683034118 
0.8376455490301021 0.788014022906155 
0.8527334311526129 0.7717419962909043 
0.8671209041625928 0.7554147153565841 
0.883324724640432 0.7364950867652539 
0.8965249657130895 0.4437165154984835 
0.9026118115028424 0.43130372045642623 
0.9102146795622656 0.4152221661329524 
0.9175641175269366 0.3992049648298121 
0.9243847611798057 0.38322212854610743 
0.930891174811173 0.36734231684009816 
0.9371399542475096 0.35165867022386227 
0.9426910892414768 0.33611789462662717 
0.948346158857756 0.3206538610672483 
0.970728994652075 0.31259477889728443 
0.998595581677794 0.3031560230084217 
1.028198162760312 0.2916692560182521 
1.048410031374724 0.28202832206874884 
1.0680223658513823 0.2705133466280262 
1.0852844072653445 0.25841432039166323 
1.103813640965633 0.2427200475962694 
1.1115316005134879 0.22876275135004895 
1.1210097895301618 0.21382103784770787 
1.126506094469288 0.19980922452148606 
1.1299557024502316 0.1902219939771992 
1.1377172420052948 0.15925001697051847 
1.1381817277692003 0.15721924644783664 
1.1406384303846266 0.14241405858931194 
1.144124738336606 0.11805656658273483 
1.1442364296332739 0.11505347215344956 
1.1454857617766743 0.10133731761719544 
1.1474282453883926 0.07973677702709708 
1.1477972543866508 0.07112474647647214 
1.1499205268712682 0.013579548553237723 
1.149939835425797 0.011782327282443028 
1.1500306149354638 4.009528889154334E-4 
