2.1030803183932564E-6 0.8125855184301094 0.8931800624464289 0.8581909743772496 0.8636464362098454 0.6741599617991921 0.8339999732300761 0.921563323720215 0.8411538179279775 0.8811702084724319 0.8545141420833405 0.8765307284566635 0.8540239252668099 0.8882069225381093 0.7333911990703069 
0.005738967944458686 0.8129538120192901 0.8931800624464289 0.8465127639448896 0.8631997233929748 0.6741599617991921 0.8339999732300761 0.9215632939832762 0.8375607006067475 0.8811708509334687 0.8545141421360793 0.8765307801217372 0.8544616808549895 0.8880427035654693 0.7319616664085052 
0.05040635064238945 0.8129538120192901 0.8931800624464289 0.8609215054219195 0.8631997233929748 0.6740745066306835 0.8339999732300761 0.9271062912366563 0.7814186409722782 0.8811320222078552 0.8545141421360793 0.8606440177345656 0.8544616808549895 0.8880414410724895 0.7319616664085052 
0.052862710336015514 0.9999652989611748 0.9007730164667771 0.9294660166625828 0.8023419543729381 0.8728621375364538 0.8624804499835654 0.8990863182694364 0.8423531972697387 0.8805281768626231 0.8545144504121046 0.8755525188754563 0.8550546114939102 0.8792369874954514 0.8141050944925269 
0.08691339088666057 0.9999652989611748 0.9200952186138185 0.9368187193671078 0.8023419543729381 0.8728621375364538 0.862926514455201 0.8990866721038081 0.8454567601714015 0.8789329914116101 0.8545144504121046 0.8755525188754563 0.8550545789957266 0.8792369874954514 0.8141050944925269 
0.11316695405218793 0.8129538120192901 0.8931800624464289 0.8465127639448896 0.8631997233929748 0.6740760818573085 0.8339999732300761 0.9271504895717826 0.7926876134704324 0.8811320099957348 0.8545141421360793 0.8765307801217372 0.8544616808549895 0.8880414076338125 0.7319616664085052 
0.1242508771288463 0.9065599054838469 0.8561967863829867 0.9605398396286348 0.8623778311761903 0.8735160211423476 0.8312489396923181 0.8995866534987793 0.8446292972586177 0.6738068882332511 0.8547537949136518 0.8755966629250514 0.8554694727627118 0.8752256583848023 0.8161471000535333 
0.13467522576564467 0.9032790128420958 0.85841135709939 0.8933119760852416 0.8621359197547824 0.883255366704782 0.9630696580550939 0.8808619817629028 0.8599152759497314 0.6785053389480171 0.8575649635846047 0.8842115564146732 0.8561241980296446 0.8698925807897396 0.8257158554097835 
0.15162125025206583 0.892546399689606 0.8586050598398451 0.6327867542689932 0.8635950174033661 0.8735560662052057 0.84025710472088 0.8931567780410304 0.8443941876267961 0.8676036526118973 0.8547784668198579 0.8901538316280201 0.8561455178549948 0.8711904203544676 0.8254851383643368 
0.16218549108938787 0.881419527902271 0.8664515032879767 0.6269129791425305 0.8635950174033661 0.8735560662052057 0.8300019342407338 0.8806336331798132 0.8446197987342862 0.8677389553502008 0.8545538028104995 0.8843911749343392 0.8561242450512349 0.8711904203544676 0.8531939511806047 
0.17580299176680667 0.84363672880831 0.8819155130304082 0.6269113216321199 0.865461340646891 0.8900192580524119 0.8300019342407338 0.8786051141011363 0.8447635265429859 0.8552956762912255 0.8561635030061606 0.8777933406764 0.8474847579974755 0.8970335536804095 0.8819847207077276 
0.1840159029551899 0.9065599054838469 0.8580322855430461 0.9605398396286348 0.8571849144797361 0.8738756932208174 0.8312489396923181 0.8926879797666473 0.8446292972586177 0.6738068882332511 0.8547537949136518 0.8755966629250514 0.8479017606844378 0.8994425402014501 0.8561402592477405 
0.20285002088989207 0.8814615028282413 0.7979538345451019 0.8934552070291881 0.7716783049177077 0.8830949203533613 0.8375902692462165 0.8808620567272821 0.8606919187428963 0.6785053389480171 0.8575754675153467 0.8844856077396697 0.8230102984566466 0.87087341114437 0.7946895594184802 
0.2172809723245182 0.881414893583742 0.9025052502004772 0.6269114241585417 0.8653541887578361 0.8897780773312497 0.8305863562171258 0.8808588860587843 0.8605197591983595 0.8734545421946959 0.8548105871479693 0.8843911749343392 0.847671361313073 0.8712156647039696 0.8531903093070834 
0.23137181900469792 0.8923682430188105 0.9031971046165768 0.90390917074163 0.7718539338442134 0.8837608995656435 0.8405256450013755 0.9779802395527036 0.8791986646770823 0.8273756152354795 0.9735795833958405 0.7500744590302062 0.8596128329034859 0.9598320786410091 0.7949647558928247 
0.24793291066197992 0.8934622327620988 0.8277635893133821 0.8872376792963447 0.7724040882810967 0.9753206042102811 0.840297535402339 0.9772294617622362 0.8568370095461935 0.8734455680067351 0.9001961013983435 0.7501555808613767 0.8578455695874739 0.8887538758936552 0.7952230108053054 
0.26018209586044966 0.8934622327620988 0.8277635893133821 0.8874991480218621 0.8343745849662505 0.883121438402639 0.840297535402339 0.9772294617622362 0.8568370095461935 0.8734455680067351 0.8862051872060152 0.7554575249577274 0.8578455695874739 0.9559023615703934 0.8240913059137737 
0.2746648490768989 0.9831219968587912 0.8914674396867673 0.8980611674751054 0.7645911528440447 0.9099040661550223 0.8359731949194203 0.9298557252795722 0.8825891168611414 0.8794380333988496 0.8579394129724163 0.8505708377860904 0.865997361340532 0.8704296982289168 0.8614270825969413 
0.2899783835520743 0.9623282637673999 0.8084423000124765 0.9178200406563478 0.8100126544582676 0.9066385082890386 0.8351534652389814 0.967878087439298 0.8796283147966366 0.8991297552056742 0.893982968712534 0.871014658511769 0.8608100168356854 0.8702394423872227 0.861402268862754 
0.30662294349291785 0.9604135159358048 0.7955923873736858 0.9178200406563478 0.8100147886379329 0.9066526522932394 0.8340585233995994 0.8907906208233232 0.8480054734283218 0.9307495671530716 0.8951177449529273 0.8558468118588572 0.8613874978251583 0.8704514692522923 0.861476349002248 
0.31996639977432967 0.9845087881460788 0.764666340581967 0.9319904606836659 0.8102534544706401 0.90665931899038 0.8340582597847808 0.8907891132822512 0.8473422275847978 0.8794344378691368 0.8579394129724163 0.8710639372770634 0.8613865335216834 0.870450809408995 0.8614815776166799 
0.3354507370278407 0.977310311179042 0.7670454478402524 0.9319906103106859 0.8102942025752209 0.9066538638958644 0.8338834686158846 0.8907851154889553 0.8461392558712365 0.8794432799359535 0.8579451475847835 0.8710639868674033 0.8614223804782031 0.870451033952509 0.8614815776418182 
0.3509872250311262 0.9775609439679307 0.7720277722986341 0.9319844081585673 0.8102942301458672 0.9066592486843833 0.8340617025532834 0.8907851060177787 0.8461564011913966 0.8794433792414103 0.8579393890900088 0.8710639634418946 0.8613909578151576 0.8704489957165404 0.8614815784653875 
0.3667877760597848 0.9829732322561134 0.7647562970620605 0.9319835436557689 0.8102962184383957 0.9066592940999193 0.8340585706601051 0.8907892893530514 0.8472485363462411 0.8794357336705015 0.8579394133947227 0.8710627715604266 0.8613861481608455 0.8704490016084242 0.8614813424718947 
0.3826861682344949 0.9848323858736073 0.7647562980435187 0.9319835415403914 0.810296228605172 0.9066596785530447 0.8340580373703811 0.8907911178976952 0.8454225044776885 0.8794357300128322 0.8579394133956967 0.8710503732407481 0.861604497829065 0.8704496749127741 0.861481572313044 
0.3985644517755004 0.9878808117104847 0.7647563288345922 0.931983866073493 0.8102942305952926 0.9066540172345332 0.8338827574860948 0.8907850981419323 0.8461344638420387 0.8794354853083299 0.8579393902021065 0.8710942466077094 0.8614131808409794 0.8704378174527438 0.8614828782502632 
0.4147090515631557 0.9882942379453671 0.7647562709806902 0.9319938566510978 0.8125799663998804 0.906654099622223 0.8338807653534989 0.8907909524453526 0.8473237359921241 0.8794433639174095 0.8579393901828677 0.8710628955293508 0.8614174465925282 0.8704489896644175 0.8614828543255381 
0.43085205573593194 0.9945532424933844 0.7580295482057974 0.9319670572573955 0.8101964371536509 0.908195702770727 0.8298409378673199 0.8948688169546312 0.8405272924651582 0.8847864506953287 0.8486367855880766 0.8799891966171852 0.852112798311272 0.8796342454600596 0.8537334390720246 
0.44355980718948096 0.9945532424933844 0.7580295481912963 0.9304984138147442 0.8101964395785831 0.90819574393674 0.8298409378673309 0.8948688177286078 0.8405272924651582 0.8879417803115308 0.848636788320416 0.8799891958887447 0.8521182269219397 0.8796268952884024 0.8537334390720246 
0.6403832261046298 0.9835337893246989 0.9818216043264789 0.8561365777238517 0.817787258546176 0.9064149045299378 0.8365195847252529 0.880365787412638 0.8304253971607074 0.7835268767421835 0.8467371646451074 0.8858778850959342 0.8563194826686384 0.8799714136561477 0.8557683083024533 
0.6555194617300182 0.9736482731151036 0.9908219578523149 0.9109139498477956 0.8310728100743154 0.901876556340686 0.8327016660206891 0.9135079689499565 0.8115583832379102 0.8919178370248778 0.841793040848849 0.8799813129047541 0.8218541094894458 0.8754259597288072 0.8055892552617295 
0.6705741477509738 0.9725146096518787 0.9908219578523149 0.9067625255895468 0.8061262355909893 0.9411491559030584 0.8326932449664441 0.9152950509887113 0.8562496898850495 0.8888756305737894 0.8467543382439905 0.8680318021317867 0.855777173882277 0.8766016431255785 0.8069924976055665 
0.6853606005980929 0.9366125708229508 0.8767117731696997 0.8667553858146263 0.8551060350086852 0.919827673040183 0.8339731468330569 0.9704993750133176 0.8602751639346026 0.8978231907049791 0.7080121680346989 0.777102170960702 0.9290089126483623 0.8707965187093816 0.8555944688401207 
0.6997133801458855 0.9741584551694691 0.9908219578523149 0.9109139498477956 0.8239750509145313 0.9023302239299789 0.8327016660206891 0.8809149847366962 0.8301089326357064 0.8919178370248778 0.8467395573465591 0.9416335304570536 0.8213994076897893 0.8754959455085672 0.8561761207117814 
0.7138807706115307 0.9427189178641289 0.8442099342709608 0.9134726540498883 0.9865666686120201 0.9214677667290226 0.7887323322164962 0.9711356187826669 0.7994711400401414 0.8583904425603469 0.9652585165169527 0.7805089526838604 0.8931979867492719 0.873712767055781 0.7914607151935648 
0.7283554459019754 0.9430468126590026 0.8442099342709608 0.9134726540498883 0.9865666686120201 0.9218472929221693 0.7869132765746439 0.9711356187826669 0.7994711400890558 0.8583904425603469 0.9652585165169527 0.7805089526838604 0.8931496250182809 0.8737127623883033 0.7914607151935648 
0.7414400544964268 0.9365044731261329 0.844301206343043 0.9134708818983983 0.9865666686120201 0.9218241006903369 0.7869133014226624 0.9711357535454234 0.7994724877277749 0.8633146872212109 0.9652585165169527 0.7794135535337832 0.892522695825054 0.8737127713039572 0.7899596127483014 
0.7540039087172788 0.9366125708229508 0.8442776024225807 0.9097275669234025 0.8547464536180456 0.9218266279418552 0.8339731468330569 0.9704993750133176 0.7980292243071009 0.864952815917113 0.7080121680346989 0.777102170960702 0.8660145182079683 0.8707965187093816 0.855758833936117 
0.7680539881608883 0.9365046408077043 0.844301206343043 0.9140236145345572 0.9865666686120201 0.9218177707304835 0.7869133014208817 0.9711356186639439 0.7994711420160276 0.8635785692295657 0.9652585165169527 0.7808203328409001 0.8924252590935811 0.8737127718714106 0.7913311257116401 
0.896237606183076 0.8431742830140789 0.8779105009156142 0.8598504935559341 0.8650428817241391 0.8732918795815023 0.859016174628567 0.8730507902809951 0.8576118434069131 0.8758272809868177 0.8563750527121219 0.8777544878596337 0.8567734744563884 0.8720112500140639 0.8601689433078936 
0.9022820959660129 0.8417556889686366 0.8779619672528092 0.8598706983348453 0.8650464704032885 0.8732918795815023 0.8594123747858993 0.8725854184521955 0.8576120483059553 0.8758272809868177 0.8547160681498761 0.8778106210092932 0.8567734047121138 0.8720401767067043 0.8605848486067841 
0.9098052637202538 0.8350753399941782 0.8853568625832203 0.8572765903224956 0.8651017156267027 0.8730241211954518 0.8562379325710627 0.8786059375604651 0.8572284727463677 0.8758300244984046 0.8562671485136331 0.8766567757651386 0.8570252978050922 0.8720095213101575 0.8616896851323818 
0.9169735412137768 0.8351234738123119 0.8824728798954087 0.8572799784063944 0.8650435502008719 0.8732942818204655 0.856236078912545 0.8786070931901209 0.8572278426912433 0.8758811842805027 0.8588043873769157 0.877727558960844 0.8570128647997807 0.8718473549131927 0.8613997447493227 
0.923763099271603 0.8246734238188539 0.8836217648720629 0.857275924609967 0.8651048013613785 0.8732357077550721 0.8562122839676598 0.8786077793921893 0.8572276238417005 0.8758835908394 0.8562521223630828 0.8765685918963634 0.8570127659039929 0.8720392556101129 0.8622981995049172 
0.9301943681006433 0.8211359174466373 0.886141409269663 0.8573730560152515 0.8626837007145348 0.8733099137082798 0.8590612428932842 0.8725083962227071 0.8576280390172157 0.8758787415893087 0.8547009379518596 0.8766605433390977 0.8570220815027115 0.8721153589486299 0.8587361308373436 
0.9362532207815825 0.8174803440590436 0.8853129151981813 0.8575923257299761 0.866521718757796 0.8733090101823765 0.8562734127605748 0.8727407493459083 0.8572154639774489 0.8758816824095129 0.8527943643985441 0.8787125459196445 0.857025021329821 0.8718938701485963 0.8605726088877423 
0.9419182191772452 0.8074292070312971 0.8991100846498581 0.848102543378108 0.8667047598502922 0.8645060752712108 0.86037992374134 0.8786202549736937 0.8572310962616745 0.875878661337058 0.8547969229646519 0.8766355118642007 0.8576698162508161 0.8721167763582905 0.8588110757140773 
0.9473144625708132 0.8072811441849451 0.8987391846456142 0.8478705078468479 0.8665987946759223 0.8763237955798576 0.8523331091072771 0.8784505787941111 0.857229457114789 0.8757894128797509 0.854738860394109 0.8810689383822161 0.8528253343914837 0.877682666619236 0.856801907086314 
0.9518642380834205 0.7903781451377323 0.8823153959643122 0.9319738558726223 0.862710461322759 0.8792430616500158 0.8516437570369295 0.8786325333570715 0.8576277990536119 0.876378527398335 0.85623110571555 0.8765840951081467 0.8564086860948271 0.8743897280306827 0.8530692658611935 
0.9568776639314716 0.9169224401565842 0.8197677143278157 0.8573669547401951 0.9085801646837843 0.8433308105785852 0.8529484806835965 0.8903524057861378 0.8713620026891705 0.8759148107936326 0.8546799333497153 0.876666460585694 0.8444400330009205 0.9054596909352374 0.8528006339410903 
0.9620416614286894 0.9529423236247467 0.8195006681319605 0.9385596810735491 0.8405069892873074 0.8433531539294149 0.8534638709591815 0.8826759481160433 0.8340547351394668 0.8763130865898306 0.8548055427920267 0.8769378301216691 0.8445587237186094 0.8743530466403783 0.8536223542528215 
0.9656702867408521 0.8970245879347103 0.7852346411875477 0.9627831532350495 0.7901994433761093 0.8750428355323766 0.846308205759021 0.9159295346699918 0.8382169630797472 0.8921663569543257 0.8543362305955982 0.8733205644311584 0.8618765855911056 0.9047944294866922 0.9775978615394099 
0.9693887410383929 0.5941306094327057 0.8985266742702467 0.9259773255170157 0.8406826179412582 0.8766761776271362 0.853450153263447 0.8784451187695471 0.8572292253923227 0.8763504966602852 0.8547387766474018 0.8772000423479919 0.8527429207686406 0.8743540968180881 0.8536217068041978 
0.9728035342794898 0.9842351133592016 0.7824757106227793 0.9810760156424682 0.791310139021859 0.9083327424566683 0.852445153987595 0.9329388778950131 0.8402127296641685 0.8490273800149092 0.857873093856209 0.87557337985583 0.8451836543039637 0.9262658134508596 0.8603294785427813 
0.9766665478542471 0.9477515302237971 0.8414267256988346 0.9262381673322009 0.7962547646034456 0.8585287458769439 0.8703597855267061 0.8688720833248521 0.857717594394459 0.8927536768915432 0.8702635812830413 0.7766903640390673 0.8566889323411867 0.8576425867059042 0.9916570981287006 
0.9794713106849916 0.8912093666276165 0.7837517434165289 0.9779593425057629 0.7901755371053226 0.8420471895656216 0.852879595685556 0.8717594843306841 0.8523204637586012 0.8575730153572705 0.8536609621450879 0.7750805124065646 0.8920366578644293 0.8978927196163274 0.9972077250695757 
0.9822909627318713 0.9466451867329797 0.8377658642982909 0.9779811488684561 0.7889512826040004 0.8585287458769439 0.8660893397705136 0.8714331810807824 0.8479798403641179 0.8927536768915432 0.855534504860446 0.7777441869945037 0.8977209395533248 0.8578435211361712 0.9916570981287006 
0.9846314976979882 0.9466451867329797 0.838623446197512 0.9779811488684561 0.7889512826040004 0.8585287458769439 0.8660893397705136 0.8714331810807824 0.8480986924432353 0.8927536768915432 0.8536609570266113 0.7767414488976332 0.8977209395533248 0.8578435211361712 0.9916570981287006 
0.9861242806587406 0.8644239613519767 0.8266860228174591 0.8520634080219787 0.8870408465453651 0.8101184623163589 0.8106927321185917 0.9573602327340177 0.9633183124224374 0.8773155411051452 0.8941098200482895 0.8336386009263748 0.9145388632186585 0.8769208596017384 0.7994488233167981 
0.990345379456388 0.9816455367543973 0.9252712318048759 0.8231929474447346 0.8916260361351594 0.8452219063053498 0.8679938038554261 0.8695854141506274 0.8540772026864841 0.8763433433920783 0.8547402996883211 0.8761042765575846 0.8556863969867629 0.8765964621252922 0.8606476144974039 
0.9905941724601923 0.9815799695057433 0.9210694569013195 0.8245602129521763 0.8941022532697777 0.8833655401073431 0.8551732704768492 0.8783347845010852 0.8540311545631017 0.8763295890779792 0.8475373620957176 0.8785958019885405 0.8558666041137022 0.877054719538061 0.8532999287009774 
0.992295612974419 0.9508303121814962 0.978915250729146 0.824674532346073 0.8869088559138603 0.8833619551209806 0.852579915360687 0.8696947622106131 0.8538177696294235 0.8749459877231924 0.8555332891087196 0.8761042780976722 0.8558698559192315 0.8765964632836085 0.8606437949450632 
0.9947185598947371 0.8644239613519767 0.8266600253114562 0.8693373814127066 0.8683085687052481 0.8106814214600061 0.8100618241971019 0.9573552217089014 0.9633183124224374 0.8773155411051452 0.8959161875493546 0.8320609388135978 0.9145388632186585 0.8871335017336355 0.7993710914406189 
0.9949828172507369 0.9375151089122273 0.8284966409857948 0.8212679858275131 0.8548981315603812 0.9223264171429915 0.8567354169108816 0.9684296256750294 0.8551446851877003 0.8772776624610994 0.8489746564773599 0.7816042663556454 0.858616908229143 0.8870400327813724 0.7980325244972187 
0.9961096442659807 0.9789102787259814 0.7628039667073422 0.8244926883871154 0.8076352035662087 0.8838751021132468 0.8567328046518208 0.8687801963879697 0.861047572295879 0.873531232960268 0.9014664026762766 0.8423794792505325 0.8676372205075076 0.880838940668545 0.8032826631595332 
0.9975941595733194 0.9374919298575723 0.7628129287340775 0.8244912162583389 0.8555534067538488 0.9222589798893939 0.8567326295666918 0.8081147957933711 0.8550355633146829 0.8827260119065148 0.8535541680428028 0.7810302159368974 0.8583369635606565 0.8771006133110055 0.8054818251770919 
0.9980856004231667 0.9374919298575723 0.7641975553359689 0.8244912162583389 0.8555534067538488 0.9222589798893939 0.8567326295975789 0.8081147957933711 0.8550355633146829 0.8827260119065148 0.8535541680428028 0.7810302159368974 0.8583369635606565 0.8771006133110055 0.8054818251770919 
0.9999302796441264 0.9358032434805509 0.9309052036374648 0.8244723163274325 0.8590172220323391 0.922258203012466 0.8567326519635764 0.9684090142556394 0.8834690204761247 0.8796551608377476 0.8489746564773969 0.8680313787065544 0.8576861453884369 0.8774673256999976 0.8599216513516714 
0.9999475134849161 0.9358032433896374 0.9309052036374648 0.8244723487169595 0.8590172218041192 0.922258203012466 0.8567354169108816 0.9684090142556394 0.8834690204761247 0.8794799005419098 0.8489746564773599 0.8680313787065544 0.857645253616202 0.8774676383298188 0.859921646575806 
0.9999999392231965 0.9358032333350276 0.9309052036374648 0.8244729103620992 0.8590172220323314 0.922258203012466 0.856732549978714 0.9684090142556394 0.8834690204761247 0.8794802373496474 0.8489746564773973 0.8680313787065544 0.8583715832735189 0.8774681160417772 0.8599218433628505 
