0.5015139745061049 1.4729797819565933 
0.5014922921722555 1.4730891643248367 
0.5014717925422396 1.4731944534354704 
0.5014500799941045 1.4733080009678454 
0.5014278585684974 1.473426418911211 
0.5014059625757449 1.4735453391559084 
0.5013829921024656 1.4736725385580431 
0.5013598103245832 1.4738035072068283 
0.5013356713405518 1.4739427309482203 
0.5013112026254957 1.4740869012947786 
0.5012864967550513 1.4742356665582979 
0.5012610161434282 1.474392560882095 
0.5012351467764632 1.4745555565019122 
0.5012085492043283 1.474727158853874 
0.5011814444949286 1.4749063636755233 
0.5011540153929382 1.4750923172728028 
0.5011257128338251 1.4752892229191854 
0.501096980333424 1.4754945436787938 
0.5010675986650905 1.4757103789355717 
0.5010372024057177 1.4759401813384336 
0.5010070057516297 1.4761753209457784 
0.5009753075460803 1.476429833638428 
0.5009426394247678 1.4767007687351554 
0.500910632477978 1.476975159269417 
0.5008774800936321 1.4772692038536834 
0.5008432168230077 1.4775842198777314 
0.500808981993804 1.477910950009667 
0.500773515263875 1.4782628830379863 
0.5007378134063611 1.4786319223797415 
0.5007007332356975 1.4790320687159793 
0.5006633198067186 1.4794546116296232 
0.5006251803341502 1.4799064695949191 
0.5005879168064256 1.4803704263591069 
0.500548406893095 1.4808890358590427 
0.5005090128692125 1.4814364220802552 
0.5004695430546989 1.482018807166519 
0.5004288254766357 1.4826598603172414 
0.5003894643486207 1.4833239758516035 
0.5003478987779334 1.4840803330514185 
0.500308327353886 1.484862340677442 
0.5002680642443561 1.485732700007091 
0.50022933471 1.4866574627689821 
0.5001916174726151 1.4876623653655172 
0.5001550560982129 1.488765655156174 
0.5001197121946657 1.489998993947231 
0.500087975834986 1.491311470781072 
0.500058930210566 1.4927864234200385 
0.5000341664764344 1.4944231927495442 
0.5000156697306839 1.4961645690020249 
0.5000034935078512 1.4981583456888217 
0.5000000000021352 1.5000000000021352 
0.5000076272201889 1.4972981713030107 
0.5007653559021153 1.478346277322661 
0.5040693111273427 1.4681473827634883 
0.5001487266847991 1.488972759160025 
0.6504832698955496 1.4629383256613226 
0.6503764080179991 1.4636732965196542 
0.650505849584686 1.4627823637442647 
0.6524741687824267 1.4490699180872508 
0.6543915695863157 1.4354158996994795 
0.656230421056489 1.422057846541542 
0.658037122029649 1.4086843899569534 
0.6597895622920403 1.3955008693014923 
0.6615074438471904 1.3823603495293746 
0.6631653617022257 1.369487739127685 
0.6648016011569442 1.3566198807859273 
0.6663882474902607 1.343995302830746 
0.6679498859155745 1.3314051828530014 
0.6694600795054318 1.3191165668047038 
0.6709433905288135 1.3069161047729496 
0.6723973931379816 1.294864601376234 
0.6738214189872084 1.282950887222516 
0.6752347495736681 1.2710982754878706 
0.6765973047853225 1.2594576761403695 
0.6779566189895698 1.247840896293217 
0.6792655170288945 1.2365962169488798 
0.6805542286044222 1.2254498540471825 
0.6818708378966075 1.2140175632274346 
0.6831083447072767 1.2032066341317929 
0.684800033970128 1.1932623295242992 
0.6855772984132631 1.1815345935773143 
0.6867605605937072 1.1710962230132287 
0.6880150801757804 1.160519746102875 
0.6890798490401104 1.1505256472936738 
0.6902297268353976 1.1402830133372828 
0.6913659577054251 1.1301527244089271 
0.6924791763534467 1.120218444389861 
0.6935765235318568 1.1103937960474162 
0.6946433478435555 1.1008597990363673 
0.695819225275375 1.090309328869572 
0.6967832435721351 1.0816950815345319 
0.698518311839143 1.0660952598153406 
0.6988612869219719 1.0630167361017815 
0.6998791295419213 1.0538832104942712 
0.7000012370530092 1.0527876445351456 
0.8783054235120834 1.0520465715638174 
0.8789263466796828 1.0469378633994846 
0.8800235644680536 1.0378738826063834 
0.8810980071390677 1.0289548411775307 
0.8821624869392479 1.0200786152098693 
0.8831679806510928 1.011659811504448 
0.8842401184206145 1.0026483238119077 
0.8852791285202419 0.9938834315261016 
0.8862625141964571 0.9855603210926317 
0.8872752229803385 0.9769635817466448 
0.8882256092207123 0.9688740043551912 
0.8892071398085768 0.9604987472931124 
0.8901788685673316 0.9521884128380305 
0.89110898822921 0.9442179887127689 
0.8920454368625423 0.9361792518888412 
0.8929722079841735 0.9282111450379498 
0.893900372302775 0.9202203001614055 
0.8947900595693729 0.9125520488721489 
0.8956797013574993 0.904876775704058 
0.8965746756094771 0.8971498491927933 
0.8974559584471409 0.8895366030066783 
0.8983082722488944 0.8821705790340628 
0.8992779709899026 0.8737998746254936 
0.9000008877355326 0.8675504473686138 
1.0848737063165301 0.8529177851651906 
1.083369541971287 0.8653492643840955 
1.0834978171216099 0.8642917332321881 
1.084429160020115 0.8565984639898362 
1.0853359957708282 0.8490833762201191 
1.0862608763687711 0.8413951893916958 
1.0871794141802873 0.8337378787439199 
1.0880480872741813 0.8267821454731756 
1.0889277803479036 0.8191070145940892 
1.0898029724074618 0.8117597410680714 
1.0906663463219666 0.8044965085938682 
1.0915240138452567 0.7972684056233561 
1.0923610946165916 0.7902022310835464 
1.0931964977669248 0.7831410293082491 
1.0940281941077084 0.7761022088742329 
1.094854959597863 0.7690972085897227 
1.095673780662576 0.7621536603190053 
1.0964733642023443 0.7553670883732414 
1.097265646667981 0.7486399581647576 
1.098060474958222 0.7418877697007792 
1.0988471273520897 0.7352020431443052 
1.0996301337231957 0.7285475110308823 
1.0999999139042531 0.725404673567784 
1.286495400386515 0.7184260334291851 
1.2858044449675465 0.7241144911475453 
1.2866632916941851 0.7170418335511101 
1.287518761877723 0.7099786449241089 
1.2883445166015404 0.7031443242755899 
1.2892420805918885 0.6956986509825078 
1.2900370305472617 0.6890901961985465 
1.2908382502693692 0.6824178581709578 
1.291661925313921 0.6755467636379946 
1.2924621837134194 0.6688601907820569 
1.2932521289300039 0.662251937752329 
1.294040684858521 0.655647069995021 
1.2948440464977817 0.6489107490842525 
1.2955905184240115 0.6426454964051775 
1.2963763126876697 0.6360458219642269 
1.2971502121488228 0.6295420206479028 
1.2978965224251833 0.6232671344912418 
1.2986450622562944 0.6169714194014115 
1.299395043139142 0.6106623061183053 
1.3000000065570183 0.6055728545430931 
1.487578880781263 0.6031674313408254 
1.4884205325303745 0.5962508800071732 
1.4892369008027377 0.5895271623856639 
1.4900419427532383 0.5828833430914547 
1.4908492270580607 0.5762086766430892 
1.491643360154591 0.5696316637927641 
1.4924355090938715 0.5630610966924511 
1.4932163898282351 0.5565751638344606 
1.4939922523710591 0.5501231384303283 
1.494765321418262 0.5436875335151711 
1.495530599300349 0.5373109689894078 
1.496288270841931 0.530992932660564 
1.4970432578744852 0.5246933194319866 
1.4977896509495858 0.5184623424916649 
1.498551695731793 0.5120983918785706 
1.499273076728569 0.5060726490803862 
1.5000000003639293 0.5000000003639297 
