2.913260410934226E-5 1.0003538761467028 
0.010198339917792683 1.0003422192068148 
0.020571600694699908 1.0001868202949085 
0.39311938252416717 0.9218063353133525 
0.4862637743277834 0.8739373964043382 
0.5496275258842584 0.8367562059170022 
0.5970630131304511 0.8023815874694692 
0.6373469820552236 0.773666829592223 
0.668696574083416 0.7437801382897925 
0.6969136782955927 0.7174150626138086 
0.7186789187442527 0.6981162182594809 
0.745037671402914 0.6698931268653276 
0.7450562988062752 0.6698721864809911 
0.7732743958891728 0.637125611089134 
0.8024897132409184 0.597150936980828 
0.8369162552736147 0.5498423365180654 
0.8753809719544868 0.4871726871382546 
1.0005004392018217 0.02082259903981666 
1.000610431756496 3.8720477217296927E-4 
