2.9122298410243913E-5 0.9528636991726345 0.9572590819275248 0.961391527954118 0.9656205032898068 0.9694561486389963 0.9729468608599782 0.9766603182090461 0.9800374684832265 0.9830407593728911 0.9860428152604499 0.9888419523537637 0.9916770482056978 0.9945650479864031 0.9974341383490668 
0.010194321284390403 0.9528738725010715 0.957259822917148 0.9613907486869238 0.9655559541954603 0.9691748631301168 0.9728819249405493 0.9766573954719104 0.9800372338327247 0.9831408586819168 0.9860476447908656 0.988842108118242 0.9916577064506633 0.9948435943768678 0.9972671677107519 
0.02056340918291144 0.9526973759760102 0.9572773974364981 0.9613928412743852 0.9656210044273515 0.9693177331025034 0.972885515174991 0.9766601419750796 0.9800471682769664 0.9830401113641165 0.9860458138400126 0.9888454362150003 0.9916267431417761 0.9948473368579127 0.9975117942008772 
0.39228279617036127 0.9527234289758004 0.9572721670435033 0.9614084766987251 0.96558243875519 0.9676900819096504 0.9729875868126603 0.9765292409867069 0.9797716583665982 0.9830301037147072 0.9860451118609073 0.98907705298732 0.9921780405949705 0.9947424983349755 0.997445140184024 
0.48621052963994776 0.9527229660270665 0.9572867853212503 0.9615242919521709 0.9655386149417836 0.9693137479937111 0.972945884134236 0.9765294818501087 0.9797732147924282 0.9830301363989126 0.986045990509524 0.9890478160820682 0.9921655777445914 0.9947333379241589 0.997459407371509 
0.5490098624446934 0.9527302855012453 0.9572874722086698 0.9613983790469112 0.9655373475679734 0.9693147805416744 0.9729458594669809 0.9765299819197584 0.9800960170188772 0.9830297936199763 0.9860437144996272 0.9898854889353872 0.9921652013254779 0.9947302781178518 0.9974281734503955 
0.5969733384837916 0.952730720980226 0.9575980475195723 0.9614383011052404 0.9655372020060428 0.9693165369108138 0.97294489643799 0.9765244190883816 0.9797452425711753 0.9830300320698947 0.9861437543006331 0.9890527160238116 0.9921048381694759 0.9946363805980036 0.9974316167646619 
0.6358318391667722 0.9527307295707723 0.9576193047177152 0.961397889955054 0.9655367260937776 0.9693167312552408 0.9729449930449131 0.976524419440327 0.9797409793262593 0.9830300531711523 0.9860437081985052 0.989043235438188 0.9921061654483745 0.9946319440063766 0.9985720655443657 
0.6685749037513699 0.9527307267089296 0.9575980475195723 0.9614383011052404 0.9655359144244492 0.9693165016131866 0.9729440846996757 0.9765244190883816 0.9797452497859127 0.9830300337154709 0.9861437543006331 0.9890527035503458 0.9921606496351991 0.9946363788960184 0.9974316167646619 
0.6967837238541907 0.9527307275442014 0.9575981493998522 0.9614382829699946 0.9655932217805143 0.9693165075746549 0.9729416524635988 0.9765244175480765 0.9797442111225946 0.9830300319321761 0.9860526196685556 0.9890543591428307 0.992164386185312 0.9946363034717621 0.9974316704988031 
0.7172938552073942 0.9527315659991893 0.9573081599534808 0.9614382262298061 0.9655398507210363 0.9693155620408072 0.9729420363679937 0.976522751076896 0.9796979587636208 0.9830414720515012 0.9860452449642413 0.9890620890060928 0.9921644082656221 0.9958062079338733 0.9974504782500446 
0.7436120711931532 0.9527285509943427 0.9573031095976321 0.961435339796309 0.9655402257508033 0.9692248044085409 0.9729420499842861 0.9765244286534628 0.9796979723939615 0.9830398780632588 0.9860460933114036 0.9890296711780964 0.9921642078082412 0.995800967626717 0.997450174324383 
0.7436307735604155 0.9527285646523687 0.9573030337621198 0.9614383632349268 0.9655398043089854 0.9692231676516802 0.9729420395161966 0.9765244649958733 0.9797085255858008 0.9830398727202143 0.9860460936365734 0.9890546302049558 0.9921640041439982 0.995800967626717 0.9974610578250785 
0.7717776971225195 0.9527370621816513 0.9573083470621656 0.9614382952628152 0.9655932153322471 0.9693155619523103 0.9729416001024811 0.9765245925857101 0.9797074883641503 0.9830299536053959 0.9860452472099526 0.9890617887460942 0.9921708692609551 0.9958068213106048 0.997433845741887 
0.8022575007644313 0.9529351972349891 0.957296252090471 0.9614386265508281 0.965539781970702 0.969223035985313 0.9729421149230745 0.9765244327053473 0.9794375517483102 0.983041445858569 0.9860453029394811 0.989030793362852 0.9921642040765007 0.9945097872645077 0.9974610517915021 
0.8357656074918752 0.9527948031759275 0.9572962846662378 0.9614386196965801 0.9655397676815568 0.9693083713950865 0.9729421127613097 0.9765248021931892 0.9797064519812696 0.9830268308659285 0.9860453030206069 0.9890629461545568 0.9921704292557839 0.9956244708335192 0.9974610684761663 
0.8737968714731169 0.9527948130505262 0.9572962535737088 0.9614388245264589 0.9655417676030533 0.9693083846965505 0.9729418929807886 0.9765248129887286 0.9794344567686603 0.9830287405372158 0.9860452598347734 0.9890646081792627 0.9921704248675004 0.9957347957499914 0.9974610687024192 
0.9997834968333222 0.9531078892768873 0.9575999267396035 0.9615058836409448 0.9655909909406419 0.9693033580623223 0.9728113483360212 0.9764941239052889 0.9801861972992711 0.9831420318048408 0.9859381718717426 0.9885513516460226 0.9919471534394951 0.9946976592113289 0.9974593644984571 
0.9999999251276774 0.9531078020903279 0.9576001110026189 0.9615060385158429 0.9656190299989883 0.9693149274726985 0.9728120143776628 0.9764938561129777 0.9802068746107602 0.9831363012014358 0.9859303700802889 0.9887218212499778 0.9919738416198631 0.994898165270653 0.9974218988592973 
