0.3813824122579749 1.9825393267059876 
0.39598218705307864 1.9285636836151137 
0.40273540358135923 1.8651526617597523 
0.41942739101200527 1.771170052772414 
0.42743145484299516 1.7328150600833792 
0.440691260852095 1.644909380910463 
0.49619742191509564 1.5764549841274142 
0.5510474228483347 1.5699771745854878 
0.5773687317621764 1.5609608316795547 
0.7142142451599609 1.5327496235941005 
0.7469091629641622 1.5200762533239607 
1.2313506778946348 1.4837912994994127 
1.2461420063371604 1.4511927253447656 
1.257945318009912 1.4220747243305745 
1.2717481375470505 1.3856372006282365 
1.2939971631377445 1.343838410338553 
1.3552454902712292 1.295772367618536 
1.481032633513986 0.8075234172523738 
1.4933999248201544 0.7714986469695132 
1.5030798306895394 0.7410475201396921 
1.513671213414468 0.7096722009450233 
1.5225996636029921 0.6884041433418386 
1.5312687164635361 0.6671854319710728 
1.5390735062559477 0.6364161777981718 
1.551620869403847 0.6047171487430384 
1.5569363771611433 0.5780213639913878 
1.5683381764335782 0.5494740123534734 
1.5783409977377545 0.5096050376239065 
1.5870053448174957 0.4833040000248755 
1.5993051317622817 0.4595560136249479 
