0.26715488173824314 0.9849194061919815 0.7280743657607909 0.9086541643102339 0.7876617550168876 0.9165342248422842 0.49781798999757293 1.0702105958455528 0.6616661303082312 0.9874431039373139 0.5642136276295237 1.216339284103914 0.5404187069453622 1.0551806247295283 0.691922193558932 
0.28443943852137943 0.9867880319236345 0.728543170115901 0.8584116441043986 0.8024430712736363 0.96000483179848 0.5180200378249324 1.0791968585999598 0.6254719466261515 1.1988246676778669 0.5185210016180993 1.1632988678517298 0.4382673911377456 1.0875199869857284 0.6920210867605179 
0.2984867440079226 0.9505490926680306 0.6685802916739414 0.8929753226861136 0.7939437154052479 0.9158938051292685 0.7589344004664789 1.0585410210361104 0.6275761530842977 1.17169650465006 0.5267137933707835 1.2171216362964847 0.6773416415582774 1.0295753029106511 0.6817054946768252 
0.3258843570648159 1.00131626166889 0.7898623587071544 0.7396570087555131 0.7924381739114474 0.9189110926343548 0.7476410719551039 1.0791000933319284 0.6928012178620802 1.1840300432571431 0.5691673370288706 1.0281457984292632 0.6751747767253884 1.054359948990013 0.687280088919775 
0.33869063772370545 0.9825350470024715 0.7862843541657875 0.7387210753653974 0.8426766795702401 0.975017858694796 0.7428261130086006 1.0791110911297157 0.6882431259080747 1.1333138284684228 0.4703616381333308 1.027337433260314 0.6952967523557502 1.0317493605321035 0.8055021945938436 
0.3659782321808325 0.9822190776774186 0.7957831038564342 0.894521962255474 0.9863783772319299 0.8793323588811831 0.7676958518798265 1.0585382812626682 0.6119507731048603 1.1519761916770268 0.5266942529120686 1.0498022224226935 0.6699733098229496 0.9518596382637279 0.7349523928088013 
0.4245952037068653 0.9890831909669586 0.8255286045197019 0.8929880212465418 0.889724079015519 0.9198203375344817 0.7589620423280908 1.0585407904065334 0.5770263144562915 1.1501445099614929 0.47953044095187264 1.02553733209785 0.6799363197492172 1.0316023125204308 0.7074839832207444 
0.46836361937310467 1.0016959616703245 0.8000875966167588 0.892887423806769 0.792477351538472 0.8778112846798293 0.7039837627175615 1.0586659336555697 0.6853863741262053 1.1521517745078675 0.4800615105173783 1.050587184057705 0.6824010413701571 0.9411183552360146 0.8242540369503933 
0.49060506672846493 0.956214396117234 0.8242920188977679 0.930233230537835 0.79350605339488 0.9293138031664797 0.7325043356060137 1.0469055289535516 0.5961952930399383 1.059183084667086 0.49411057259203617 1.046089186216223 0.6797184083763306 0.9984959018306715 0.652177412684847 
0.5973161713129491 0.9585573368849682 0.7958544758621485 0.9030785009521805 0.7937748484883888 0.9358035986076615 0.7305736350351143 1.0584816404814188 0.6863491110008545 1.0591838031201908 0.48443280785580023 0.9662817148687837 0.7144220040313823 0.936439021808771 0.6700282872061256 
0.6236701679923915 0.9485358474683433 0.7974083288571455 0.9033692715712407 0.7946843193689526 0.8801894319944897 0.7313862769918363 0.9897843699458605 0.6504924573055685 1.0656167609143 0.49433496618142464 1.0476139481140716 0.7137133228776107 0.9346997493778674 0.669247910152068 
0.9031297959652943 0.9768650025827971 1.0477777289391623 0.849476116891876 0.8639835720846812 0.9175348573367478 0.8029829782444542 0.9851136832418508 0.7483625021717487 1.0794421688243898 0.5641906638606864 1.021642335760292 0.7019409291659895 1.1077277965074526 0.669302666640222 
0.9213219214999208 0.9370047872560597 0.9815535102766286 0.9087180648440838 0.7885099116778126 0.9185771454075325 0.5855821997593774 0.9848458560218636 0.6753633959139673 1.058599297500589 0.5650898848241493 1.040897663559601 0.7134060430709147 1.0974617523419417 0.6702446829833744 
0.9370026419686188 0.9716020600423609 0.5978990921303294 0.9157832503503408 0.8508616459736732 0.9194725593387623 0.5798591140366608 0.9984873677303551 0.6760059651928375 1.0835952636566841 0.5650381518943933 1.0201164851776832 0.7129721351873463 1.0750642152843528 0.7122370811684148 
0.9562646190973303 0.976872773804643 0.6019594083004693 0.9945322109473663 0.8127071432185615 0.9184508713785449 0.5777804806613236 0.965578262209859 0.7098531684818382 1.079242710650998 0.5653679433814769 1.0200367052946868 0.7019099630479803 0.9981127776302129 0.698186140498885 
0.980930162562142 0.46201673553744255 0.9605882178284135 0.8523079267869699 0.8767520428566774 0.943963020694401 0.7614172519206129 0.9943221738446736 0.6815509288772765 1.0724141780984966 0.5831683392106628 1.0195898545631386 0.688106576225441 1.0818966144785536 0.7397219285172839 
1.0221768788407821 0.9726533080879384 0.6032521859759089 0.9121818817711919 0.8508616459736732 0.9194725593387623 0.6986846715721565 0.9980635848959186 0.7316403663104376 1.058052827791293 0.5650718843167235 1.0201164851776832 0.7259889599470688 1.0774892979941042 0.7122370811684148 
1.2416419671053254 0.49396485103087623 0.8633244774562594 0.9181441228665762 0.8184586841313204 0.9179669830164743 0.8196591321222828 0.9837480830315241 0.6123495950066492 1.0558636164548245 0.5676991703525215 1.0227120059055728 0.7847785302437507 1.0332358074926993 0.7846477595641486 
1.2564552952972878 0.610235565449364 0.884889093578947 0.917908363700443 0.7363030285788736 0.9179753318661296 0.7533785363023692 0.9878170924007781 0.613018908962035 1.042853841177421 0.653658597072024 1.011879704463421 0.7309378068640481 0.944292191167232 0.7864779965313049 
1.2684329979660898 0.296754694601281 0.8794086399083139 0.9043569922805018 0.8290690522350426 0.8764506083398843 0.7536913300986532 0.9902758254723699 0.5589238906215019 1.1155083277482023 0.5843141310251537 1.022871660151571 0.7298371054521801 0.9534309120986186 0.7801124821360301 
1.2804671736473303 0.34000205477856205 0.9293743433298419 0.904362681310954 0.8270645634767313 0.7780741115036338 0.819156413510644 0.9847999803767685 0.6714049658134023 1.1245194583991391 0.6928534736647883 1.022840798740392 0.7229303718063415 1.0033434474285028 0.7827883573429739 
1.288625402415423 0.2982516351752136 0.9316500114049565 0.9001452612614127 0.8187700321808925 0.8771204020459757 0.8216387012220844 0.9839561394104607 0.5595189071370156 1.116256900884681 0.5265547033005131 1.0228701796119866 0.7233453188455147 0.9591077791803704 0.7863575119474409 
1.2964939986013708 0.49443960233543605 0.8899243253662288 0.918117826240118 0.8243108782904068 0.9092726133530679 0.7816291304968102 0.9820506195063228 0.6479800413848691 1.0532381751598998 0.5690383087632124 0.9881103579948178 0.780050268664861 1.0312238971238765 0.7665812146894201 
1.3068896448497107 0.49362600753283054 0.9316868389897225 0.9051897395478675 0.8293293475210449 0.8772058636522598 0.7719064211307356 0.984782528590704 0.6744080146133209 1.1245194583991391 0.6958040461324075 1.022868290610475 0.724391853075609 0.948346305953183 0.8205315568274589 
1.3176777705510512 0.44125321567075826 0.9415266570821076 0.9061428344675332 0.7365264176962967 0.9312959585485076 0.7998489644706284 0.9845161571949815 0.6447121308030604 1.0438845774461 0.5701671595413496 1.0230658512224562 0.7255308820848629 0.948237175667084 0.9009262551373856 
1.3257943651365551 0.48868231173623244 0.937312092863884 0.9051879360225463 0.8289800354406245 0.9640218368396934 0.8039280152086794 0.9852229338251941 0.6722804526581982 1.0708557741156228 0.5861434665151909 1.0230579801352875 0.7255188529590351 0.9482109000426137 0.8758912798031463 
1.3346697812863917 0.493835616476333 0.931684574055764 0.9173521438454821 0.8270737899737218 0.9315311195207262 0.7573151656234021 0.9835119128401623 0.729772231803926 1.071387427265905 0.5690141308821292 1.022834574856864 0.7315439919574875 0.934952494863694 0.8206145096377673 
1.345803894431034 0.4823931862862435 0.937312092863884 0.7648954975623985 0.8539037786422686 0.9640601966461022 0.7730024448864398 0.9852229338251941 0.731850972441758 1.0836196559486972 0.6055885116883997 1.0230570707409623 0.7291127472718082 0.9482109000426137 0.8004821034147112 
1.352869356801641 0.44125858057284373 0.9387318252357236 0.9058039921502853 0.8485282674354907 0.964187002593875 0.7532239657711345 0.9831187750674345 0.7273112863014908 1.0876122620189177 0.586721986173477 1.0232739534745179 0.6806625671282505 0.9482397690879879 0.8726537298929382 
1.3592123454781586 0.44125858057284373 0.9387318252357236 0.906142707801947 0.8485282674354907 0.9644957009983639 0.7532239657711345 0.9845210827079025 0.7264889081719598 1.0897921899744045 0.586721986173477 1.0232739534745179 0.7266419634816973 0.9482397690879879 0.8731826709247386 
