0.15726359252897315 1.5650255369007768 
0.17293867290806414 1.5395160050531174 
0.18923020889860567 1.5139436885195585 
0.20536606882749067 1.4895625943712825 
0.2216067135374161 1.4660504050463559 
0.23753826327582633 1.4429490588938358 
0.2535965394910356 1.4210696747133866 
0.26960627574565144 1.3994690852938407 
0.2855424958052716 1.3782587064874978 
0.3014046495758017 1.3574116089163162 
0.3173655722521739 1.337260086207417 
0.33331311208731984 1.317672848978718 
0.3493062890867703 1.2981397582595402 
0.36514672389029956 1.2792043574378467 
0.38111539272242256 1.2604643618192959 
0.39711108544701423 1.2419836785623564 
0.4130845444288208 1.22383994819167 
0.4291362916898876 1.2056701699552628 
0.44518058912168884 1.1881965260354574 
0.4491618342671774 1.18362799459362 
