0.0786350241825352 0.9530494853294116 0.9572189052528105 0.9614949226461865 0.9654626808161944 0.9692970856639702 0.9730047659805293 0.9764161817542201 0.979741965293245 0.982965413715616 0.9862030110874996 0.9890484749943349 0.9917932008872539 0.5953738798768992 0.9973867246090975 
0.08647273280112698 0.9530493161229062 0.9572189052528518 0.9614948715396459 0.9654621174297405 0.9692941260666161 0.9730048000336621 0.9764260648977542 0.9797418933992954 0.982965445155027 0.9862032569740976 0.9890484654845594 0.9917931683720181 0.013452023292632079 0.9973990321689258 
0.09461981395345566 0.9530496338546192 0.9572189923798667 0.9614948797282837 0.9654148704851159 0.969294120140086 0.9730047589332143 0.9764614888846298 0.9797418849974928 0.9829631627897727 0.9862034161950486 0.9890484485707483 0.9919418705588822 0.1255201482786717 0.9973918488749881 
0.10268392690241554 0.9530434397961126 0.9572189045739224 0.9614830516728992 0.9654150327164043 0.9692971297793549 0.9730042633703585 0.976424205331375 0.9797418967916812 0.9829654219479896 0.9862129552996224 0.989048475587158 0.9917870697705621 0.02380908774075694 0.9972089845928455 
0.11078341275082218 0.953043078621279 0.9572242426233742 0.961483879284265 0.96540948632309 0.9692972256205612 0.9730047764701534 0.9764113427826073 0.9797463143703551 0.9829556923018914 0.9862106424510233 0.9890484487222956 0.992468041926549 0.01992390816770781 0.997214224256687 
0.11877279759935307 0.9530430721356158 0.9572189917289199 0.9614948757765797 0.965416373141148 0.969294198954616 0.9730047617500075 0.9764088470307075 0.9797464646741078 0.9829560788124816 0.9862106421148754 0.9890484482075244 0.9917613718124895 0.02012285506641721 0.9973921087132008 
0.12677229656278388 0.9530492957697811 0.9572193563817329 0.9615011347993474 0.9654089032424755 0.9692943107265761 0.9730040862956839 0.9766997584469723 0.9797425870788556 0.9829551137446723 0.986203620996122 0.9890484754098292 0.9924868147637386 0.02074721319945397 0.9973863739335652 
0.1347698047773432 0.9530312121983291 0.9572164747580613 0.9615050938145815 0.9654622039677064 0.9692672860855073 0.9730047839457251 0.9767075524148009 0.9797418796193315 0.9829654264852306 0.9862105834186942 0.9890480397655956 0.9925271839904789 0.0017036288445694166 0.9975085047982349 
0.1427473502162045 0.9530393270780655 0.9572189187775199 0.9614835511808216 0.9654096292029143 0.9693015007328994 0.9730040855511578 0.9764034713580139 0.979741694889087 0.9829654884508321 0.9862125623834833 0.9890484748936007 0.992485506405399 0.019985822851210998 0.9973864484749735 
0.1507062789131166 0.9530438903129531 0.9572189688970629 0.9614647973344618 0.9654159090041253 0.9692941857489894 0.9730047630754467 0.9765201925360335 0.9797152663450198 0.9829663698001986 0.9862107720815535 0.9890484817484976 0.9917637557655261 0.019969929253285373 0.9973917505291999 
0.15868212187840974 0.9530402045836012 0.9572192864794818 0.9614966553572636 0.9654150201933304 0.9692970168646923 0.9730214960664585 0.9767025967170887 0.9797148848494404 0.982966363195229 0.9861790170974589 0.9891114495351211 0.9917671654865925 0.020320722882645012 0.9973917485497478 
0.1666367266715475 0.9530393282702794 0.9572189537871479 0.96146250772084 0.9653799217876444 0.9692939955055364 0.9730052152355029 0.9767130342863147 0.979745633876373 0.9829902952897985 0.9861842947714877 0.9890490978355696 0.9923631409170253 0.004973812113690995 0.9973937939214478 
0.174639156408254 0.9530431609832252 0.9572192682217271 0.9614966547864581 0.9655451590537274 0.9693027445575578 0.9730053630738054 0.9764305355580193 0.9797400103326546 0.9829677105622936 0.9861803599377365 0.9890497034023247 0.9923661478387577 0.1182142743692896 0.9974058004897134 
0.18255914761756892 0.9530393230679106 0.9572192093254435 0.9614627946219393 0.9655379844289024 0.9692729330430289 0.9730050749459414 0.9765086041948176 0.9797456179330232 0.9830619275294031 0.9861843485899293 0.9890476371191902 0.9923522268598859 0.004914366634491005 0.997401810109053 
0.19054117119234226 0.9530393325662784 0.9572189752226359 0.9614966735197839 0.965538306203242 0.9692940554940608 0.9730050749459414 0.9765087653733306 0.9797456179330232 0.9829711464866511 0.9861843485899293 0.9890497030245902 0.9923661468411415 0.006277785658165112 0.9974655503206158 
0.1985390703352142 0.9530431118421426 0.9572243334521003 0.9614963834847408 0.9655353324540068 0.9692939762975862 0.9730053413880343 0.9764206522144535 0.9797179008915572 0.9829886001746679 0.9861843499166916 0.9890475398828245 0.9923632537537153 0.0032008688562502677 0.9974663714010544 
0.20652390191417394 0.9530394617772928 0.9572195666021336 0.9614963074474999 0.9654220339379771 0.9692945045908969 0.9730049915606314 0.9765092048055729 0.9797452467947424 0.9830464469744586 0.9861843494385554 0.9890476262156507 0.992366350085679 0.08122423711382061 0.9974673846537541 
0.21457554730402056 0.9530431061349264 0.9572188458637048 0.9614965621496177 0.9655342603610352 0.9692970186860365 0.9730233807179395 0.9764219407526179 0.9797456372110717 0.9829703789512393 0.9861824871286534 0.9890475947549947 0.9917632444065588 0.0017990536027324418 0.9974024493936862 
0.2225697233102143 0.9530430994389144 0.9572241530214557 0.9614991740757726 0.9655351576661595 0.9692969583695777 0.9730234481208417 0.9765314265477586 0.979742118818381 0.982965929180499 0.9862117277369152 0.9890475594507532 0.9923646621052146 0.0018402303010405002 0.9973390469284511 
0.22458959440458526 0.9530394207249644 0.9572172027044501 0.96149665698922 0.9654792291937815 0.969297016379531 0.9730037662105065 0.9764235047982959 0.979745637304703 0.9829680002088582 0.9861826643678796 0.9890475937763523 0.991768567692439 0.03907950695872468 0.9974062954998856 
