0.36281092333559095 1.7050062362996468 
0.3628064927691598 1.7050087104514335 
0.3701828374405944 1.7034237345556376 
0.4009332158347045 1.6964586564038453 
0.4319525096129432 1.6889679218818248 
0.4674422661581579 1.6793881390074428 
0.4963913266355602 1.6711479306536035 
0.5268834682093758 1.6616795096147692 
0.561938496226071 1.6501778836727594 
0.5954502467704786 1.6382908529160185 
0.6295998916944904 1.6238618837081817 
0.6650472860457649 1.6114208569150297 
0.6996685927128912 1.5969978176603012 
0.7089903515574014 1.5924755341723627 
1.2956458320771242 1.166446894390351 
1.3106578849344754 1.1495893535314827 
1.3378251500391685 1.117844611035541 
1.3653731152553705 1.0835456540479456 
1.3920835487048908 1.049317846040548 
1.4172583305339532 1.0150592561184868 
1.4419055386934905 0.9796700365446651 
1.4653451510325433 0.944340885068593 
1.4878013579374263 0.9085225370874106 
1.508751433772965 0.873201768840234 
1.5095702808896017 0.8717844122656382 
1.7323570830181418 0.18151712268936984 
1.733897530402366 0.168229826889114 
1.736337323911334 0.14081321715962117 
1.7392217446956852 0.11737478396559743 
1.740762666276431 0.09306093931579507 
1.741440438482059 0.045771808957397964 
1.7430854403241332 0.0024238836720215807 
