0.8665235407450299 0.4999100205296457 0.5000172566753793 0.5011312573655359 0.5010699562704708 0.4994070623662772 0.49944722925678964 0.5001478722573062 0.5001363819429545 0.4992039345892813 0.5000014151878949 
0.8665253114405951 0.499910018292954 0.5000172566753601 0.5011312573655251 0.5010699562734726 0.4994070623930588 0.499447229256977 0.500147872400332 0.5001363819429545 0.49920393008713865 0.5000014151878949 
0.863769941105002 0.49990998002944753 0.5000172566771427 0.5011312573655254 0.5010699562734726 0.4994070623930588 0.499447229256977 0.500147872400332 0.5001363819429545 0.49920393030943655 0.5000014151878949 
0.8522551391051983 0.4999100203656405 0.5000172566747968 0.5011312573654877 0.5010699726328423 0.49940705040279293 0.49944722229117994 0.5001478829642215 0.5001363819429545 0.4992039345650051 0.500001415066367 
0.8406015579001188 0.4999100203780112 0.500017257017437 0.5011312573665502 0.5010699726394694 0.4994064718125967 0.4994472222888234 0.5001478654561241 0.5001363817888581 0.49920392815288334 0.5000014981070303 
0.8271771607865406 0.4999100113386148 0.5000172570174539 0.501131257371165 0.5010699722092998 0.49940710903173474 0.4994472221642809 0.5001486514146828 0.5001363719789449 0.49920392815288334 0.499995498081336 
0.8161853090037963 0.49991002038845606 0.5000172570379288 0.5011312573665991 0.5010699728852753 0.49940614197888045 0.4994472290634223 0.5001462162762842 0.5001363825606694 0.49920392822712256 0.4999953701726997 
0.8045253167250395 0.49991002038890514 0.5000172570544661 0.5011312573619459 0.5010699722078222 0.4994070895677732 0.4994472221869058 0.5001472734183492 0.5001363719773114 0.49920373042779603 0.5000014697502567 
0.7910516067204083 0.49991002190781375 0.5000172519614697 0.501131257366441 0.5010699728854873 0.49940647174765757 0.4994472221614488 0.500146172406702 0.5001365569312994 0.49920396331263506 0.4999951728385832 
0.7780656641055189 0.4999100202464385 0.5000172570349875 0.5011312571133977 0.5010699534310874 0.49940708283585894 0.49944722215350407 0.5001472600691204 0.500136386890341 0.49920392815288334 0.49999557023794283 
0.7645312176339296 0.4999100151923353 0.500017281141098 0.5011312572388191 0.501069944548594 0.4994071228856601 0.4994472292693053 0.5001478989789389 0.5001043917449498 0.49920392850512385 0.5000013262677572 
0.7508182012930856 0.49991002060451906 0.5000172854083323 0.5011312572363673 0.5010699703055276 0.49940710438298425 0.499447220644309 0.5001461716431314 0.5001365664699506 0.49920338428052713 0.5000014342162585 
0.7371228472440007 0.4999099909205178 0.5000172854044125 0.5011312573868272 0.5010699563910851 0.49940648699043755 0.49944722065949887 0.5001485833200756 0.5001365589804849 0.49920338671618936 0.5000014270396773 
0.733341819949864 0.49991001519261635 0.5000172561402418 0.5011312572388191 0.5010699444345421 0.4994070567757779 0.4994472292567827 0.5001477537916197 0.5001363702288486 0.4992039288062924 0.5000014153093435 
0.4666238296409585 0.4999100152937273 0.5000172563255183 0.5011312572365068 0.5010699439886482 0.4994070567933126 0.4994472271644324 0.500147885115032 0.5001365699992678 0.49920339457355983 0.500001426817714 
0.45838089473364463 0.4999100918194824 0.5000172563106899 0.5011312572363893 0.5010699421578206 0.49940711469769034 0.49944722699882765 0.5001485751408444 0.5001365699795116 0.49920339297212907 0.5000014269844122 
0.44312299119351384 0.49991003862824784 0.5000172565201523 0.501131257066235 0.5010699445893948 0.499407115693388 0.4994472271069302 0.5001485752896413 0.5001363907505573 0.4992033951812768 0.5000014269844122 
0.42705715355717433 0.4999100918128842 0.5000172563135562 0.5011312573712298 0.5010699421567301 0.499407740334038 0.4994472269988826 0.5001485805787537 0.5001365693969655 0.49920389984876573 0.5000014267817818 
0.4112008379994464 0.49991001600921714 0.5000172817410284 0.5011312570905971 0.5010699062581757 0.49940740354370133 0.49944722682820963 0.5001496578043036 0.5001365618435083 0.4992037187812715 0.5000013625109285 
0.3956749082382311 0.49991001602880686 0.5000172817410284 0.5011312570905971 0.5010699062595587 0.49940740193241784 0.49944722682820963 0.5001496578043036 0.5001365646541596 0.4992037187812698 0.5000014032000352 
0.3799251058847598 0.49991002386144584 0.5000171811885726 0.5011312570675683 0.5010699048965078 0.4994071139275734 0.4994472205728343 0.5001479373521602 0.500136390653314 0.4992036920305595 0.5000014086129861 
0.3644414904918371 0.49991001603463536 0.5000172558498712 0.5011312572218843 0.5010699539690268 0.4994073952793231 0.4994472206482259 0.500149642007085 0.5001363836446798 0.49920371255032686 0.5000014695030182 
0.3490025714111051 0.49991001600921714 0.5000172817410284 0.5011312570910592 0.5010699062535713 0.49940740193241784 0.49944722682820963 0.5001496578043036 0.5001365643426444 0.499203719006389 0.5000013628703048 
0.3340050044195322 0.4999100161169048 0.5000172826883496 0.50113125736691 0.5010699359224401 0.49940712243685853 0.49944722056773927 0.5001477523894108 0.5001363669902291 0.4992037223512066 0.5000014189850689 
0.33340721550554253 0.4999100161169743 0.5000172825624911 0.5011312573667998 0.5010699359224401 0.499407122608776 0.4994472226133694 0.5001477528122961 0.5001363663938648 0.4992037223512066 0.5000014203751822 
0.06646277226294678 0.49991001608940006 0.5000172326046085 0.5011312573655261 0.5010699530237485 0.4994071151619759 0.4994472226392366 0.5001477529136408 0.5001062316431075 0.4992035392549153 0.5000014163381807 
0.06157472080892047 0.499910015498508 0.5000172813800656 0.5011312480382326 0.5010699470847654 0.49940580025460374 0.499447228836786 0.5001485495254122 0.5001055361064175 0.499203930505835 0.4999954493273838 
0.05151575244066907 0.49991001549572783 0.5000172813800656 0.5011312480431186 0.5010699472125996 0.49940580025460374 0.49944722062976954 0.5001485495254122 0.5001055361064175 0.499203930505835 0.5000015033971075 
0.04289848353459989 0.4999100158029618 0.5000172325843386 0.5011312479026622 0.5010699472125996 0.4994070672334652 0.4994472208099194 0.5001477520344496 0.5001365703904102 0.4992039292038947 0.500001327628959 
0.03400124116836706 0.49991009201511816 0.5000172802604728 0.501131257236239 0.5010699427098173 0.49940705728181745 0.49944722278139925 0.5001477523079791 0.5001365694492337 0.49920372257460754 0.49999540339777593 
0.016728985114661067 0.4999100154955913 0.5000172813800656 0.5011312567062807 0.5010699476199196 0.49940580025460374 0.4994472206313143 0.5001485495254122 0.5001055361064175 0.499203930505835 0.5000015609338974 
8.852642797721319E-4 0.49991001654906986 0.5000172808939731 0.5011312480634554 0.5010699691277943 0.49940771416057217 0.499447220683461 0.5001477366511187 0.5001365736747424 0.49920376496365143 0.500001465063688 
