6.347852624393607E-5 1.0007987630051713 
0.008541263735875868 0.9934605128600154 
0.01725335114749788 0.9860525675938229 
0.02577586902617158 0.9789301284360964 
0.03446964537567947 0.9713887509579985 
0.04316764806472206 0.96401231807228 
0.05187291581777784 0.9565243609772355 
0.06065661854862274 0.9492803413461788 
0.06934160582790105 0.941798351707722 
0.07822081971758268 0.9342094089798882 
0.0869851863548759 0.926704872567636 
0.09585473092444942 0.9190040734867597 
0.10469543866268385 0.9114678458432725 
0.11372354490662674 0.9039666161450503 
0.11481628445563892 0.9028937713638395 
0.20680815718816037 0.8251811965108816 
0.2137244179155585 0.8203279743297894 
0.2227023432234523 0.8117794525587144 
0.2325916982357073 0.8046005873670912 
0.24144179600280985 0.7962336883174839 
0.2507447143927781 0.788154743406458 
0.26029124538614384 0.7806666428136972 
0.2694456334365373 0.7721229980352359 
0.27880399309787235 0.764058554919773 
0.28843934211252825 0.7562915085377738 
0.2978604252319121 0.7482898294107702 
0.29928221414124234 0.7470605459261089 
0.4037111201007301 0.6582950059396642 
0.4043327470313982 0.6577676570283635 
0.414317008096043 0.6496476046185465 
0.42441457512873404 0.6414142686544251 
0.43424556831967215 0.6325588868409954 
0.4440950907970977 0.6242614825931798 
0.4539024538863215 0.6157737315756971 
0.4643999141401417 0.6075720168459641 
0.4754796775053464 0.6000851577881013 
0.4861631237579781 0.5883984919377284 
0.6086509599308063 0.4854645442908694 
0.6203794510177826 0.4768721998136051 
0.6287569696290546 0.4669675679410935 
0.6455019056412309 0.4604241599607208 
0.6501965468262808 0.4488338894039762 
0.6632207771762331 0.4410208787541369 
0.673727778916963 0.4286282326646857 
0.7954056759727907 0.329203853449536 
0.8035777780350556 0.31972283451756994 
0.8137796418228062 0.30953238257154003 
0.8244654846495792 0.30003932548399764 
0.8364718630507099 0.2903990195484389 
0.8478252412629318 0.28078175314649095 
0.8587798151675262 0.2710650368132814 
0.8621898205557993 0.2685058136106021 
0.9945787314447836 0.16283142858631336 
0.9990193107261846 0.15244297305792015 
