6.347852624393607E-5 0.9524554670915395 0.9577738951981646 0.9619304814907362 0.9653836263584452 0.9692607713463829 0.9730082631741063 0.9769587891908248 0.9799245711478191 0.9829272512524626 0.9861420572155625 0.9892882835654139 0.9921828492575298 0.9946613120767928 0.9973789346213462 
0.008541263735875868 0.953187437953481 0.9573171969875852 0.9619389510705669 0.965380369101785 0.9692612811976536 0.9730082652433774 0.9769576329160149 0.9799298839989621 0.9829368987030321 0.9861685502525174 0.9892844179035829 0.992182936770915 0.9946728790333402 0.9973579013224717 
0.01725335114749788 0.9531709050113032 0.957274073142867 0.9619226036855084 0.965383207431885 0.969260810086847 0.9730074236903845 0.9769704659995347 0.9799269063086593 0.9829433883469192 0.9861722875952404 0.9892891108077344 0.9921854473813563 0.9946614435261157 0.9973766455616585 
0.02577586902617158 0.952480528188095 0.9577547899147264 0.9619398147096471 0.965383608344589 0.9692612309228819 0.97300742238275 0.9769653196826706 0.9799091709714282 0.9829348295116036 0.9861751475143559 0.9892815623741119 0.9921827560605314 0.9946915167570322 0.9973711326087721 
0.03446964537567947 0.9524888102556733 0.9572741370852593 0.9619221909590364 0.9653832074167754 0.969260810086847 0.973007465074419 0.9769702393399872 0.9799269071604366 0.982943323299261 0.9861722875952404 0.9892891369486739 0.9921829367665358 0.9946908413198594 0.9973763577467903 
0.04316764806472206 0.9531840598595818 0.9572763687665031 0.961922270200062 0.9653835809119301 0.9692612637585376 0.9730082991342062 0.9769653191905975 0.9799298089454032 0.9829368805180793 0.9861409050886635 0.9892832276672214 0.9921828493224357 0.9946916269209461 0.9973772666758856 
0.05187291581777784 0.953206107080268 0.957291186387821 0.9619229242371893 0.9653850035949977 0.9692562603028501 0.973008232695111 0.9768244486336443 0.9795545347157836 0.9828880611167085 0.9861390590955348 0.9892814286499904 0.992182887292968 0.9946905534053072 0.9973569929794462 
0.06065661854862274 0.9524840771409512 0.9577547899147264 0.9619398147096471 0.9653802377165436 0.9692612310117269 0.97300742238275 0.9769653046276113 0.9799093489289473 0.9829348734075498 0.9861751475143559 0.9892815623309646 0.9921827560605314 0.9946915113150065 0.9973781168026267 
0.06934160582790105 0.9532484111855317 0.9572820566893822 0.9619222060676274 0.9653804490204363 0.969230930459236 0.9730082582810333 0.9769580699757737 0.9799084463359766 0.982934819045273 0.986210320804959 0.9892818877234901 0.9921827096871012 0.994690815238573 0.9973799348602759 
0.07822081971758268 0.9532187408110677 0.9577710467981793 0.9619312847461744 0.9653832592983447 0.9692314685094033 0.9730074733546246 0.9767337898982678 0.9799251130802861 0.9829348217215919 0.9861341496018958 0.9892806113331555 0.9921827148007716 0.9946910317624058 0.9973618501804427 
0.0869851863548759 0.9531701077497219 0.9572795692899838 0.9619315209884242 0.9653836159930688 0.9692320294806801 0.9730075948837079 0.9769069173589507 0.979907767792633 0.9829348276103648 0.9861404091634266 0.989281831851553 0.9921827156720932 0.9946827553871814 0.9973766697587765 
0.09585473092444942 0.9524593278852503 0.9572755519747527 0.9619313823980894 0.9653835889151805 0.9692314689645151 0.9730083067966568 0.9766769809878656 0.9799081497502091 0.9829347928772662 0.9862041419415275 0.9892818383085605 0.9921826780097688 0.994682270336994 0.9973766954895614 
0.10469543866268385 0.9525222022052575 0.9572758698335189 0.9619176416888686 0.965380367077387 0.9692322105244334 0.9730077276759662 0.976673560035645 0.979933292325205 0.982934029188016 0.9862041080455645 0.9892831105243882 0.9921826963686945 0.994690804448853 0.9973767806002936 
0.11372354490662674 0.9531727400483426 0.957279581602397 0.9619031023755774 0.9653832662182457 0.9692320321022256 0.973007587637072 0.9769048953725074 0.9799382830142291 0.9829340988063608 0.9861403142162061 0.9892776321576761 0.9921828284735488 0.9946910615489306 0.9973743703243941 
0.11481628445563892 0.9532169197309014 0.9572983167749313 0.9619176416888686 0.9653832625034756 0.9693092514140027 0.9730077276730249 0.9766792040008252 0.9799334928931467 0.982934029188016 0.9862055202526079 0.9892831767661878 0.9921405387790928 0.99468602184941 0.9973805766111882 
0.20680815718816037 0.9524979012209515 0.9572971964937927 0.9619176416888686 0.9653831955304585 0.969265931118971 0.973511674408072 0.9769541242915787 0.9799334928931467 0.9829057721920597 0.9862055198018401 0.9892861044798191 0.9921831368672661 0.9946858915470679 0.9973800509658826 
0.2137244179155585 0.9532231232142314 0.9563299503395728 0.962306360157632 0.9653834007472907 0.9692577936761861 0.9734932877237991 0.976909050947134 0.9795600480841028 0.9829071064985389 0.985691101266673 0.9893293900238451 0.9921827184245131 0.9946743117326149 0.997475603081787 
0.2227023432234523 0.9533503536551529 0.9579102649848357 0.9619189686290935 0.9654369398897267 0.9694030754567937 0.9729985110941242 0.9769538913702204 0.979559463549746 0.9829292415921631 0.9861913803991934 0.9892799150162082 0.9921827184252024 0.9946770567861031 0.997473272329526 
0.2325916982357073 0.9532068603993656 0.9562707264416168 0.962713551431206 0.9654395711468302 0.9692772546154093 0.9729834166525722 0.9769544731139517 0.9795595818959776 0.9829071076672036 0.9857394410301537 0.9892799744676851 0.9921827264637791 0.9946873481553705 0.9974009125947396 
0.24144179600280985 0.9531973686906386 0.9562830763813484 0.9619299204511276 0.965383421000312 0.969268197471793 0.9734932877237991 0.9768402998902779 0.9795560367104363 0.9829071064985389 0.9862144222649826 0.9892862354449439 0.9921827184245126 0.9946743117326149 0.9973895281558588 
0.2507447143927781 0.9533505427799653 0.9581449064861693 0.9619189687299908 0.9654369392776918 0.9694066860900316 0.9730017410987475 0.9769499095831002 0.9795597205251445 0.9829293232849318 0.9861714702170914 0.9892803121220285 0.9921827184248515 0.9946771498114697 0.9974732187404759 
0.26029124538614384 0.9532043777792896 0.9579903603356289 0.9626620458297462 0.965438879637639 0.9694086761542922 0.9729729391269568 0.9768225317785277 0.9795597051199896 0.9829296491567423 0.9857035983517043 0.9892782581177308 0.9921827184248445 0.994674305713951 0.9974732181049326 
0.2694456334365373 0.9532090067378209 0.957910035733723 0.9619148171985782 0.9654389816457176 0.969406652460249 0.9729966423275321 0.9769499306229072 0.9795595848505975 0.9829102011996492 0.9856960779227575 0.989278451747587 0.992182599315028 0.9946881709677928 0.9974732752186803 
0.27880399309787235 0.9532069831483359 0.957900134289559 0.9619196381305033 0.9654383110649173 0.969196514799957 0.9730142960159985 0.9768260788099832 0.979559463549746 0.9828550763869179 0.9857025944996158 0.9892799176137116 0.9921818999226469 0.9946742411463317 0.9974720370985671 
0.28843934211252825 0.9531916916032471 0.9578915284498318 0.9623749382866642 0.9654384025156315 0.9692565921631563 0.9731351542023184 0.9768427704657038 0.9795593531157565 0.9828898820639544 0.9861917523740801 0.9892817397331832 0.9921824596085914 0.9946127713853077 0.9976921813246935 
0.2978604252319121 0.9532636607636669 0.9578920909967159 0.9623749382243898 0.9654384491224525 0.9692565921602215 0.9730481860108374 0.9768344941777315 0.9795593525023811 0.9828898819986068 0.9861917523740801 0.9892817397311727 0.992175971327889 0.9946127713862589 0.9976999702970534 
0.29928221414124234 0.9531916916032471 0.9578915284498318 0.9623749382866642 0.9654384491224525 0.9692565921631563 0.9731252655650038 0.9768344841079905 0.9795593656109474 0.9828898820639544 0.9861917523740801 0.9892817397331832 0.992175971327889 0.9946127713853077 0.9976921813246935 
0.4037111201007301 0.9531977277815141 0.9579007758160815 0.9623753735054996 0.9653848822371732 0.9692567181425187 0.9725435830496262 0.9768244009848333 0.9795533047544338 0.9828898881889871 0.9861917523740801 0.9892817080286075 0.9922152500434682 0.9947357578584496 0.9974695300264509 
0.4043327470313982 0.9531917233806888 0.9578914474033334 0.9622689356038596 0.9653847817760731 0.9692834449414813 0.9725270994464379 0.976824653514937 0.9795531147071135 0.9828904045376712 0.9861399420573678 0.9893242887900825 0.9922147691957951 0.9947386865178165 0.997663474390667 
0.414317008096043 0.9534437927656845 0.9579003315900775 0.9623753735054996 0.9653833020115763 0.9692565045965813 0.9725435830496262 0.9768244009848333 0.9795051828758856 0.9828877381302628 0.9856437984995315 0.9892816864111087 0.9922259946799531 0.9946869290193686 0.9974277538455925 
0.42441457512873404 0.9534463009272802 0.9564070664617038 0.9622665538061785 0.9654382113692955 0.9692340070358684 0.9726937186919954 0.9770363665733173 0.9801875615097151 0.9828581400724157 0.9857054190264635 0.9894236816040086 0.9922261499195387 0.9946015165321616 0.9974465260030253 
0.43424556831967215 0.9531814236190387 0.9563396835376305 0.9622599931118199 0.9654386779400368 0.9692871936473111 0.9726791843737606 0.9769705171745989 0.9800596810122293 0.9828586891275154 0.9861671431819108 0.9893459421301082 0.9922069292567307 0.9947384563801085 0.9974473949108199 
0.4440950907970977 0.9534164347319664 0.9564652247185432 0.962260616553454 0.96543846768413 0.9692872453469908 0.9731329236049351 0.9769705171745989 0.9800596713461635 0.9828844858718121 0.9861556400452937 0.9894194836785852 0.9922435152301883 0.9946174133846962 0.9974473949108199 
0.4539024538863215 0.9532386122267844 0.9564119641099417 0.9622706149889008 0.9654384566577259 0.9692622486184965 0.9730088725174716 0.9769643000284282 0.98004650544495 0.9831424221620714 0.9861535840905616 0.9893455265582428 0.9922260172006087 0.9947001760450953 0.9974674659775301 
0.4643999141401417 0.9532042393927902 0.956330614625106 0.9622537583935197 0.9653829563964124 0.9692605358144967 0.9730646704638187 0.9770409385513965 0.9800597014495996 0.9829345596189251 0.9861246477523022 0.9894272322170419 0.992610383654188 0.9947000570543565 0.9974347027911343 
0.4754796775053464 0.953416393855272 0.9557256692626641 0.9623068814504889 0.9654334295077001 0.969261703045762 0.9726701236191784 0.9769707967037545 0.9800530711625137 0.9831194391826726 0.9861507065532745 0.9893448715759994 0.9926076511862681 0.9938851170303095 0.9974492333963576 
0.4861631237579781 0.953219336074586 0.9563303830517345 0.9623239801669389 0.9654332847550025 0.969260681804211 0.9730181664228945 0.9769563384467642 0.9795655595384678 0.9829351102783996 0.9861125388409681 0.9893470610416051 0.9922203218654393 0.9947053266272889 0.997421195916402 
0.6086509599308063 0.9532229170887268 0.9562521173326862 0.9623437608769548 0.9654354921901878 0.9695063401679134 0.9727447666353214 0.976767988255725 0.980461395794123 0.9828168378164238 0.9856694890615721 0.9892761412087137 0.9923244729549974 0.9947005237659549 0.9979169187783417 
0.6203794510177826 0.9532297306297391 0.955518601476289 0.962275233058263 0.9654366375242667 0.9693103263906107 0.9727588728785942 0.9768569085955516 0.9806886430256931 0.9831497141071349 0.9861741449184802 0.9892816134858142 0.9926411063742884 0.9947087523728135 0.997463284785056 
0.6287569696290546 0.9532348126594357 0.9580213774928205 0.9619146740552166 0.9651496042471598 0.9692456034380947 0.9728964707111495 0.9767958097627936 0.9795680095345802 0.9827491570356193 0.9856159005571187 0.9893619932955127 0.9922209680317491 0.9946957838936205 0.9974782086602708 
0.6455019056412309 0.9532471051584348 0.9563084589206766 0.9623412139555514 0.965149285553565 0.9692244137034738 0.9727593887058815 0.9768352595440477 0.9807700530757683 0.981323293742636 0.9856227549292356 0.9893454871005192 0.9922202136624743 0.9938638499847694 0.9985424019949538 
0.6501965468262808 0.9532184771788184 0.9578623169869482 0.9622697983020296 0.9653810314604575 0.9692620072167969 0.9730441347142565 0.9766804524521856 0.9801882008383808 0.9828127883289628 0.9856162699350842 0.989280449509918 0.992139107607074 0.9944760691764293 0.9973821127613893 
0.6632207771762331 0.9534228561131401 0.9554774586033232 0.9622734800806751 0.9653797530346898 0.969492260463663 0.9727553983497529 0.9768589010773371 0.9806949855782314 0.9831423860545965 0.9855944338629986 0.9892804699972535 0.9926339092559596 0.9944702691815404 0.997377569786808 
0.673727778916963 0.9532180912061149 0.9578623169869482 0.9622735197893254 0.965380964265372 0.9692620721732017 0.972755513564437 0.9766804524521856 0.9795777147574254 0.9828168723369256 0.9856162699350842 0.9892796799871563 0.992139107607074 0.9947054126340288 0.9973821127613893 
0.7954056759727907 0.9516345325660194 0.9562883988106697 0.9598030981924288 0.9653832803054726 0.9692621342202136 0.9730085964987366 0.9772533804254139 0.980217354348548 0.9829318226892363 0.985683874155919 0.9893536519318565 0.9926782647691529 0.994700322162726 0.9978253810209295 
0.8035777780350556 0.9532098908215626 0.9579409992661723 0.9622597574025757 0.9653831438039334 0.9692621342202136 0.9728461406284271 0.9772533804254139 0.9802070150311719 0.9829318226892363 0.985683876535131 0.9893536519318565 0.9926782647691529 0.9947013847590048 0.9974329530104638 
0.8137796418228062 0.9531490989858166 0.9572872449360067 0.9622541996315923 0.9653832694896193 0.9692706579976037 0.9728176620775005 0.9767967422267493 0.9795622596567656 0.9829240569577748 0.9856456827996677 0.9892872246620436 0.9921322320898074 0.995087558081491 0.9974300749365503 
0.8244654846495792 0.9531685265228815 0.9572829351786122 0.9619120303376474 0.9653832694901104 0.9692752202279307 0.9728246912905307 0.9767967416716755 0.9795618729605661 0.9829322717643943 0.9856478974698916 0.9893527167660195 0.9921919624667607 0.9947005419430488 0.9974236355095003 
0.8364718630507099 0.9531734778384688 0.9579763505659576 0.962260166374307 0.9653829837985785 0.9692765549629574 0.9728176765528501 0.9767967420382364 0.9795622712398453 0.9829554513958362 0.9856465864115972 0.989352634683836 0.9921322319911258 0.9946994039503723 0.9974236038043002 
0.8478252412629318 0.9531693063409543 0.9579783195329461 0.9622541998013466 0.9653832699405575 0.9694989143211261 0.9728176719813837 0.9767967426237198 0.9795622728822995 0.9829233155839978 0.985645688012921 0.9893525911695007 0.9921322434958938 0.9946854334216185 0.9974300846090619 
0.8587798151675262 0.9531490989858166 0.9572872449360067 0.9622541996315923 0.9653832694896193 0.9692706579976037 0.9728176620775005 0.9767967419652628 0.9795622596567656 0.9829240569577748 0.9856469598491273 0.9892872246620436 0.9921322320898074 0.9946859151572781 0.9974300749365503 
0.8621898205557993 0.9531685248826006 0.9580047329032444 0.9622502222266442 0.965382982564017 0.969279871377134 0.9728208625503018 0.976796777569978 0.979561872946652 0.9829343983624266 0.9856469591492762 0.9892850504083135 0.9921328798414472 0.9947005442774419 0.9974236356376232 
0.9945787314447836 0.9562152540539706 0.9563040947318505 0.962262123708998 0.9653827334835146 0.969486391694323 0.9728210095904207 0.9767944020338816 0.9795618511279203 0.9833781854645521 0.9856484726473564 0.9893526347342233 0.9921859363575746 0.994700732419323 0.997477296868958 
0.9990193107261846 0.9531684893772981 0.9580073583260489 0.9622732338781742 0.9653829836169299 0.9694806651013754 0.9728321367861802 0.9767988565233673 0.9795639880753116 0.9833821776500503 0.9856858104666464 0.989354138286002 0.9921326935640999 0.9946923656989197 0.997425287820392 
