0.2849382588877146 1.311517533119474 
0.3561615734080968 1.3102963450094551 
0.40488485031067034 1.2960674883033425 
0.4105544111644167 1.2942773993349168 
0.4342937164664622 1.2870751137382228 
0.46485852511267817 1.2764226138364045 
0.4869754098699726 1.2675190026175662 
0.5107814372078242 1.241219827972138 
1.0268221919697138 0.8832128393889852 
1.031091752347152 0.8782719587475777 
1.078460567999975 0.8197098189774383 
1.1244190756998655 0.7621759802240893 
1.14867897865933 0.7176648946392047 
1.1612297478652318 0.7048228629038653 
1.1721308060854825 0.6783984803498775 
1.3514049879525183 0.13643225827268823 
1.351576236745173 0.13577006742271916 
1.3538961501922997 0.11040614743320759 
1.3552749146356444 0.09142309351693313 
1.356344265154384 0.07452871227020587 
1.3573309813880554 0.05363683302855931 
1.3578649918318213 0.036246072985397226 
1.358299211917101 0.015505594907963756 
1.3583903088302156 2.0272017471291285E-4 
