0.8638055030839359 0.5000386704557087 0.49984540999184607 0.5000591113184919 0.5000230269821635 0.49897366165342427 0.5000050545259227 0.5007873810359534 0.4999366024253666 0.5001547165167558 0.5000451766594368 
0.83103784402466 0.5000388597594162 0.49984540931204396 0.5000591116755636 0.5000194081015279 0.49997210905660544 0.5000050545259822 0.5007857962920115 0.49993660239636395 0.5001547167643076 0.501066279926244 
0.8072384722024117 0.5000388597594162 0.4998454093124501 0.5000591116755636 0.5000194081015279 0.49997210905660544 0.500005054525942 0.5007857904738111 0.4999366024020092 0.5001547167681645 0.501066279926244 
0.804450953252378 0.5000388625668012 0.4998454093309201 0.5000591116258841 0.5000194081204582 0.4999721088593224 0.5000050545235447 0.5007857740350008 0.4999366022537806 0.5001547165164753 0.501066279925721 
0.7928247036358468 0.5000388642166104 0.49984540933089044 0.5000591073648697 0.5000149841804002 0.4999720971876195 0.5000050545234961 0.5007876824118798 0.49993660211573626 0.5001547167749328 0.5010662237458696 
0.777655049676725 0.5000386755573453 0.4998454093309184 0.5000591073648697 0.5000210989668866 0.4999720971876195 0.5000050545235447 0.5007876824118798 0.4999366022753031 0.5001547167748562 0.501066279925721 
0.7664826333960244 0.5000388625464526 0.49984540933114535 0.5000591072612932 0.5000194081508172 0.4999720972119592 0.5000050545259241 0.5007858220412383 0.4999366022680359 0.5001547167748508 0.501066279925721 
0.7514673897109752 0.5000386727323172 0.49984540927641746 0.5000591111957022 0.5000230950579737 0.49897366165342427 0.5000050545258921 0.5007876858062859 0.49993660242478793 0.500154716771856 0.5000451766594368 
0.45222451002581826 0.5000386753924421 0.499845409330916 0.5000591074377844 0.5000149642966697 0.49997690999813876 0.5000050545259387 0.5007876824119311 0.4999366022788214 0.500154716775021 0.5010568934873083 
0.4491552309486712 0.5000386753924421 0.499845409330916 0.5000591074377844 0.5000149642966697 0.49997690999813876 0.5000050545259377 0.5007876824119311 0.4999366022788214 0.500154716775021 0.5010569670262934 
0.413750231208913 0.5000386843449877 0.499845409330916 0.5000591073648688 0.5000149841368721 0.4999720971876195 0.5000050545235322 0.500787682411931 0.4999366022311125 0.500154716775021 0.5010572833564451 
0.37923312527899977 0.5000386843449877 0.49984540933090893 0.5000591073648688 0.5000149841368721 0.4999720971876195 0.5000050545235447 0.5007876824118798 0.49993659689134445 0.500154716775021 0.501066279925721 
0.35551195061217705 0.5000386753924421 0.499845409330916 0.5000591074489925 0.5000149642966697 0.49997690999813876 0.5000050545259227 0.5007876758369488 0.4999366022775695 0.500154716775021 0.5010569670262934 
0.34729087689835114 0.5000386843449877 0.499845409330915 0.5000591073648245 0.5000149643074137 0.4999720971876195 0.5000050545317719 0.5007876824119311 0.499936602310416 0.500154716775021 0.501066279925721 
0.3340125512876865 0.5000386843449877 0.49984540933068716 0.5000591073657334 0.5000147813833572 0.4999769557215164 0.5000050545319262 0.5007876824045252 0.49993659689134445 0.500154716775021 0.5010566188386306 
0.0640534746655789 0.5000386792350145 0.4998473107284197 0.5000591933820014 0.5000149807925601 0.49997217796661403 0.5000050545276815 0.5007876698964076 0.49993659695248394 0.5001547167749818 0.5010662799104029 
0.06373663926139762 0.5000386773933575 0.4998455948628262 0.500059193416741 0.5000149808022427 0.49997217796702503 0.5000050545317146 0.5007876698964092 0.49993659691975273 0.5001547167750215 0.5010662799104069 
0.051799803820438355 0.5000388487094735 0.4998454090941666 0.5000591036278875 0.5000149661827819 0.49997218086037826 0.5000050545232205 0.500787669941579 0.4999365968939535 0.5001547167748558 0.5010662803691048 
0.04287964506921317 0.5000388486420562 0.4998454093238968 0.5000591038121482 0.5000149654449402 0.4999721821436358 0.5000050545235115 0.5007876824112416 0.4999365980806047 0.5001547167749821 0.5010661873025942 
0.03494598500325488 0.5000388487094735 0.4998454090941666 0.5000591036208106 0.5000149661827819 0.49997218086037826 0.5000050545232205 0.500787669941579 0.4999365968939535 0.5001547167748558 0.5010662803622146 
0.02514383881385137 0.5000388487094735 0.4998454090941666 0.5000591036278302 0.5000149661827819 0.49997218086037826 0.5000050545232205 0.500787669941579 0.4999365968939535 0.5001547167748558 0.5010662803691048 
0.01698953033478272 0.5000386797546159 0.49984540934037885 0.5000591037537035 0.5000149808574753 0.49997217908663866 0.5000050548927905 0.5007876699102739 0.4999365980728695 0.5001547167748558 0.5010661873808221 
0.0072669846738368776 0.5000386784594835 0.49984540909342046 0.5000591036278705 0.5000149661827819 0.499972180974418 0.5000050548916748 0.5007876699033091 0.49993659689398673 0.5001547167748558 0.5010662803560758 
9.500632453209295E-5 0.5000388487094735 0.4998454090941666 0.500059103627853 0.5000149661827819 0.49997218086037826 0.5000050548916748 0.5007876699033091 0.49993659689395414 0.5001547167748558 0.5010662803688077 
