0.20804018061458435 0.9787289317233119 
0.21059749635845407 0.9781847298862354 
0.228351509903134 0.9741926772144381 
0.24628154078411907 0.9698165330235605 
0.2639769173353815 0.9651502164752225 
0.28316791968428 0.9596006539466386 
0.30228980285276197 0.954341778711335 
0.3214813650420405 0.9480470956408908 
0.34061821933839725 0.9407386804228443 
0.35975922757443674 0.93367912137738 
0.3801752049544543 0.9255540640546949 
0.40043914940547304 0.9169664400641678 
0.40697647079387966 0.9140856467613072 
0.7435858412283893 0.6695262404582839 
0.7510387256164824 0.6611777369047342 
0.7672060922356345 0.6423273401490269 
0.7836133395848224 0.623160713296313 
0.7984070029178627 0.603108013107835 
0.8130011956612699 0.5832823525728628 
0.8270781082934585 0.5631504220724644 
0.8409981793551413 0.5431952637723636 
0.8533208425693314 0.5225233919885595 
0.8655742576288268 0.5019699591357006 
0.8665380188051827 0.5002989272329279 
0.995115041940906 0.10458362853875475 
0.9959111613367247 0.09661403231695276 
0.9972709038873978 0.08157285627477007 
0.9983492683985618 0.06701765608422172 
0.9991787378377782 0.05328737374956625 
0.9998359982637831 0.03913255167171612 
0.9998567001108445 0.03859873337784549 
1.0006015400530845 1.261582425907824E-4 
1.0006041449789187 2.0433963361192087E-5 
