0.8666636022262281 0.4999797972590657 0.49999088730799823 0.5000236138494193 0.4999992940614848 0.5000286919647927 0.5000089076558892 0.5000229041935491 0.5000105025584981 0.5000183850165162 0.49999052806898575 
0.8650001031954785 0.49997975984518167 0.4999908872054962 0.5000238770810982 0.49999929316955044 0.5000286919518945 0.5000089076543597 0.500022904196358 0.5000104845378328 0.500018401741643 0.4999905281582543 
0.8534221097479062 0.49997979861177494 0.4999908873348836 0.5000238733857427 0.49999929323446707 0.5000286934224054 0.5000089076559213 0.5000229041963599 0.5000104848036023 0.5000183857333889 0.4999905280693356 
0.8416792969051566 0.49997933078136864 0.4999908872856123 0.5000236074997657 0.4999992744953168 0.5000286919668722 0.5000089076495348 0.5000229041439448 0.5000105021832985 0.5000184017492497 0.499990528160576 
0.830035780387673 0.499979542626964 0.49999088499030986 0.5000237551760218 0.4999992871157688 0.5000286933460748 0.5000089076656071 0.5000229041497348 0.5000105849799155 0.5000184015168572 0.4999905281973345 
0.8173248011416767 0.4999781671304298 0.4999907233604385 0.5000025346179452 0.49999929346246136 0.5000286933473675 0.5000089076516576 0.5000229061971172 0.5000122469069889 0.5000184015145087 0.499990525950599 
0.8047143364655474 0.49997954265316374 0.49999088543747544 0.5000019642458838 0.4999992873979563 0.5000286933467294 0.5000089076547416 0.5000229044838578 0.5000554265068864 0.5000184016851432 0.4999905281969581 
0.7918697605621602 0.49997978118927766 0.49999088543747544 0.5000019643075374 0.49999928739795296 0.5000286933467322 0.5000089076547454 0.5000229044893681 0.5000554275211502 0.5000184016851432 0.4999905281969581 
0.7788436744221103 0.4999781565336929 0.4999907268937064 0.5000025493549205 0.4999992873287704 0.5000286933467312 0.500008907662149 0.5000229061976277 0.5000114321598983 0.5000184015799581 0.49999052816774847 
0.7658627723518922 0.4999797727700001 0.49999088881201004 0.5000236142996344 0.49999926585699456 0.5000286919634166 0.5000089076514654 0.5000229041878188 0.5000094848804206 0.5000183850149307 0.4999905281631728 
0.7518820841200411 0.4999797663053606 0.49999078532973895 0.5000236143708929 0.4999992663744204 0.5000286919636785 0.5000089076543606 0.5000229041925539 0.5000093846481146 0.5000183851463855 0.499990528163205 
0.7378790139974406 0.49997971650052975 0.49999088874922465 0.5000237121148761 0.4999992900874871 0.5000286919634093 0.5000089080800781 0.5000229040465668 0.5000084764613566 0.5000183851464972 0.4999905281632497 
0.7333337285592225 0.4999797729334363 0.49999088881201004 0.5000236142996344 0.49999926585699456 0.5000286919636566 0.5000089076558824 0.5000229041878188 0.5000093527712137 0.5000183850149307 0.4999905281631728 
0.46666597716834834 0.4999798022423612 0.49999078356908383 0.5000235937986813 0.49999929495453543 0.5000286919868647 0.5000089076582666 0.5000229043174811 0.5000097504047397 0.5000183851841309 0.49999053216035255 
0.45954567775482386 0.4999789242859094 0.4999907936445221 0.5000235938110495 0.4999992735087659 0.5000286919869128 0.5000089076583585 0.500022904317482 0.5000115979794457 0.5000183850696683 0.49999052816307876 
0.4437450364349049 0.49997976124903903 0.4999907940933946 0.500023593833729 0.49999926580950615 0.500028692563105 0.5000089076584033 0.5000229043181346 0.5000102000490554 0.5000183958745207 0.4999905321116949 
0.427701400295524 0.49997867787473693 0.4999907993875289 0.5000235025016034 0.4999992958606385 0.5000286919801545 0.5000089076584023 0.5000229043158557 0.5000554273617465 0.5000184002205683 0.49999052818763906 
0.4118556058516647 0.49997977232228474 0.4999907876844684 0.5000236776482253 0.4999992959204587 0.5000286919326546 0.5000089076584096 0.500022904318475 0.5000104391780988 0.5000184001966167 0.49999053205014876 
0.39619221333859966 0.4999797605849015 0.49999088825918836 0.5000235025688973 0.49999927356299123 0.5000286919919136 0.500008907655935 0.5000229043182937 0.5000104383019969 0.5000184001324676 0.49999052822258516 
0.3805623831439693 0.49997932820561386 0.49999088822772686 0.5000234992359561 0.4999992957678314 0.5000286919916255 0.5000089076582028 0.5000229043193344 0.500010490298611 0.5000184001939935 0.4999905281878085 
0.3650906091407923 0.49998127308273616 0.49999087243502155 0.5000235860466763 0.4999992735504545 0.5000286919942031 0.5000089076543335 0.5000229044177237 0.5000554262748224 0.5000184001945602 0.4999905281883279 
0.34978718673123776 0.4999812302413051 0.4999908847890142 0.5000235973333829 0.49999929532969695 0.500028691980437 0.5000089076543364 0.5000229041408204 0.5000125101795501 0.5000184002447411 0.49999052817057993 
0.3345623011360289 0.49998123064787303 0.49999088479254167 0.5000235971532941 0.4999992953200331 0.5000286919804324 0.500008907654336 0.5000229041408204 0.5000130534597849 0.5000184002447411 0.4999905281268295 
0.3333349691548673 0.4999812302413051 0.49999088479254167 0.5000235973333829 0.49999929532969695 0.5000286919804324 0.500008907654336 0.5000229041408204 0.5000125100897613 0.5000184002447411 0.49999052817057793 
0.06666212541549446 0.49998128604877773 0.49999088478759934 0.5000235978215066 0.4999992949722551 0.5000286919808807 0.500008907654336 0.5000229065946549 0.5000130350891915 0.5000184002473976 0.4999905281707011 
0.061566272934283434 0.49998128617210047 0.4999908847875966 0.500023614053608 0.49999929497778445 0.5000286919808807 0.5000089076543388 0.5000229065291926 0.5000110758772323 0.5000184002473976 0.49999052815963246 
0.05195733620349591 0.49997932398774997 0.49999088478842085 0.5000235999901964 0.4999992949781838 0.5000286919833815 0.5000089076543027 0.5000229063880355 0.5000110522860313 0.5000184001680413 0.49999052815971257 
0.042671290760830614 0.4999812954413926 0.4999908889830701 0.5000236141453406 0.4999992829191196 0.5000286919808807 0.5000089076543769 0.500022906529251 0.5000131131605859 0.500018400105475 0.4999905281598485 
0.033919545181979247 0.49997895241807766 0.49999088903791206 0.5000235998256309 0.4999992658752375 0.5000286919808857 0.5000089076626154 0.5000229065271818 0.5000096350989183 0.5000183851919227 0.49999052817122097 
0.024903931263290886 0.4999793240050212 0.4999908847880075 0.5000235999905637 0.49999929497785656 0.5000286919580192 0.5000089076543022 0.50002290619844 0.5000110521282167 0.5000184001035858 0.49999052815971257 
0.024564040965401303 0.4999793299439805 0.4999908847880068 0.5000235999905721 0.49999929497785656 0.5000286919580192 0.5000089076539976 0.50002290619844 0.5000110521282167 0.5000184001035858 0.49999052815971257 
8.026654771148452E-5 0.49997931910245386 0.4999908847880075 0.5000235999905637 0.4999992949356226 0.5000286919833815 0.5000089076542763 0.5000229062001539 0.5000110517946537 0.5000184001035166 0.49999052815971257 
1.300081072723848E-5 0.49997933137179945 0.4999908847880068 0.5000238747510914 0.499999295193905 0.5000286919833815 0.500008907654236 0.5000229063897509 0.5000110800837705 0.5000183995478361 0.49999052815971257 
