0.5015133120032053 1.4729832087337198 
0.5014929281953462 1.4730860430459134 
0.5014718086273039 1.4731944879648542 
0.5014502832684316 1.473307047811533 
0.5014283893940614 1.4734236852942564 
0.5014058009191538 1.473546349151833 
0.501382902727434 1.4736731640726082 
0.5013595072731761 1.4738053647739258 
0.5013356679691007 1.4739428808181074 
0.5013113654037354 1.474086064506831 
0.501286600505832 1.4742351701311702 
0.5012610551525523 1.4743924557676062 
0.5012350990871994 1.4745560011140888 
0.5012087201521237 1.4747261862135908 
0.5011816391035442 1.474905207767145 
0.5011538900488187 1.47509332791733 
0.5011258226516706 1.475288602253017 
0.5010969147952371 1.475495175553319 
0.5010675744664528 1.4757107203485442 
0.5010375276281139 1.47593785186791 
0.5010065934603231 1.4761787498998342 
0.5009753728618591 1.4764294754772584 
0.5009435981935626 1.4766928677848807 
0.5028778755140222 1.4694176863153237 
0.6503716837136918 1.4641018107576866 
0.6518155889138719 1.453992870570611 
0.6537029086309183 1.4457046569629868 
0.6546962589090617 1.434549979286078 
0.6559529269989346 1.4243450275946228 
0.6573576767825574 1.4153083720264672 
0.6587837074165716 1.406330183077745 
0.6597205849212325 1.3960240627855054 
0.661137110991259 1.3868799786029178 
0.6621633277861014 1.3778431704171465 
0.6634959840862504 1.3674613344146342 
0.6644864111022576 1.3591191000560952 
0.6655007847916001 1.3511931508687423 
0.6666242027019331 1.3422815269391148 
0.6676468382952121 1.3342193754931233 
0.6687077963487902 1.3262212090305572 
0.6696500669400306 1.3177474341759141 
0.6707264138832356 1.3090149527537451 
0.67172767955246 1.3021761326727903 
0.6725488076720277 1.2940317077770778 
0.6737059143392236 1.2868993054975668 
0.6743634640627753 1.2785732666370813 
0.6755624724384292 1.2720099996624468 
0.6762166085837983 1.2639840139723788 
0.676970838372942 1.2564022463260986 
0.6778162246591297 1.2491339053745483 
0.6786420102912786 1.2419624428382428 
0.6794542384925916 1.2351051108499504 
0.6802266200699438 1.2282929835404743 
0.6811625036767459 1.2219689018472497 
0.6817713741711395 1.2149602132283948 
0.6825286935921413 1.2083985247733855 
0.6834750260125969 1.2023622168865065 
0.6839987521133122 1.1955081359020716 
0.684868081649599 1.1895815532664535 
0.6855449129953088 1.1832403343106046 
0.6862316521142697 1.1771716637353378 
0.6868056220818998 1.1708438741665388 
0.6874797753208084 1.1649987745861206 
0.6881498873234991 1.1589348715977645 
0.6888082267266114 1.153341208152213 
0.6894181375610153 1.1475544851184196 
0.6900467373082533 1.1419887892443357 
0.6908951161328636 1.1368760457143223 
0.6913337400412651 1.1310574976703835 
0.6920315568713123 1.1258308264712085 
0.6925846064417235 1.1204212888886418 
0.6931379830013946 1.1151392357589374 
0.6939789559501399 1.1104061710791076 
0.6944507401574143 1.1051357441653498 
0.6947822402611211 1.0996519348849292 
0.6953476619274063 1.0946074996812805 
0.6959181140863016 1.0897949963229296 
0.6964609243197073 1.0849233744979374 
0.6969594153063849 1.0800797915532976 
0.6975653222517643 1.0754816284038982 
0.6980043401019637 1.0706947944037233 
0.6985197275920598 1.0660694578468897 
0.699026316834064 1.061523355162112 
0.6995384765017401 1.0570279680136654 
0.6999999733741376 1.0527866433935777 
0.878584788772222 1.0500143444200263 
0.8791026054692176 1.0455481849833754 
0.8796702204700486 1.041023419130657 
0.8802085841333789 1.0366872963263778 
0.880700379680319 1.0323036573632836 
0.8814694890960458 1.0281042152486706 
0.8817864148722376 1.0237310773861663 
0.8822369555654592 1.0194734117518027 
0.8827732025899444 1.015186852324114 
0.8832721804938629 1.011030491913429 
0.8838101360243764 1.0069844369089933 
0.8842433039511326 1.00276681929998 
0.8847991021611383 0.9989155179703043 
0.8853717294608355 0.9949428641584268 
0.885647654181627 0.9909280695148448 
0.8861186233533995 0.9867959990363007 
0.8866064135043605 0.983025411461749 
0.8874274838256551 0.9793760526806529 
0.8876432358090591 0.9753931233111784 
0.8879492900359682 0.971507977913581 
0.888826236072152 0.9641060742715972 
0.8893666080548968 0.9603693154791566 
0.8896886411924888 0.9566406406943018 
0.8901100010338534 0.9530060023251323 
0.8905066696947717 0.9494353934556292 
0.8910244828987999 0.9458229016798594 
0.8913662527761066 0.9423373825866572 
0.8918713501336812 0.9387533326547187 
0.8922470805701999 0.9353318109925827 
0.8926007980183726 0.9319593748657378 
0.8935530805631292 0.9251045231085322 
0.8940298028007089 0.9218161003820974 
0.8941210803530206 0.9184693344442943 
0.8945682406338946 0.9150575999298362 
0.895160651957024 0.911893886149779 
0.8955388341963946 0.9086325653910245 
0.8963072340113845 0.9056001440058634 
0.896377684882175 0.8988754345302277 
0.8967762216111961 0.8957679178322193 
0.8971493803389289 0.8926596828297118 
0.8976823909473142 0.8896267218069165 
0.8978120820070188 0.8864623728234806 
0.8981583508206678 0.8834815977585484 
0.8985448546707995 0.88042607086777 
0.8989901461834813 0.8774762941224532 
0.8993817801217099 0.8745292915448408 
0.8995421262291221 0.8715035100203732 
0.8998841635135115 0.8685769632933482 
0.9000005194870944 0.8675481272582928 
1.0839258571498707 0.8614266280576517 
1.0844571157243574 0.8580527285692416 
1.084910753450297 0.8546832907730018 
1.0851465470250232 0.8512870774021308 
1.0858010638388036 0.8480194545777682 
1.0860323407036616 0.8446672656652684 
1.086424278747999 0.8413844271581561 
1.0868012222550254 0.8381203830222563 
1.0872363310721564 0.8348698512522412 
1.0874598006040643 0.8316273857455507 
1.0879315340116327 0.828465640957716 
1.0882978019584286 0.8252916344856629 
1.0887215015431229 0.822146527120353 
1.0890940830407083 0.8190277694162615 
1.0893793201398798 0.8158998544241645 
1.0902967263500503 0.8097960444888985 
1.0909060718843435 0.8037023934921836 
1.0913109932341718 0.8007234056754403 
1.0916140053685375 0.7977284899728339 
1.0918546457663987 0.7947508177276946 
1.0921600071441726 0.7919271089755131 
1.0925738302022463 0.7888936032442115 
1.092887389777443 0.7859793352737678 
1.0933007551945741 0.7831267004569447 
1.093653165135776 0.7805376813666514 
1.0939013239652877 0.7774114638680807 
1.094354986858944 0.7746025135659856 
1.0947095629201837 0.7717828572655743 
1.094909387931625 0.7690426102153258 
1.0955432515051968 0.76342961168278 
1.0960614006181673 0.7607621079886602 
1.0962621632436933 0.758027168133963 
1.0964822692626384 0.7553344731030515 
1.0972985851690216 0.7499984882156494 
1.0974732425525024 0.7473415004529396 
1.0978445805950354 0.7447115235908246 
1.0982223978347647 0.742104970176829 
1.0985931310096704 0.7395196944066981 
1.0991265595711792 0.7343279902268913 
1.099245787508387 0.7320147408206844 
1.0997951451473802 0.729298473756347 
1.0998841055349173 0.7267705268551612 
1.100000151695624 0.7254043253026898 
