0.009997742849650406 0.9000112863886635 
0.009651980581475752 0.9017555061117828 
0.009311343969752648 0.9035046945714347 
0.009211187550526658 0.9040250681146531 
0.012114354927505847 0.8899347696704291 
0.014976250430731473 0.8776225084800048 
0.017807299664250625 0.8665560055166187 
0.020581733441483323 0.8565366477406745 
0.023339779172394867 0.8472263793307687 
0.02607191797825574 0.8385319908520069 
0.02877954886073848 0.8303546379628074 
0.031476601653883815 0.8225835361251037 
0.03413555525410748 0.8152419007080477 
0.03679994628443052 0.808166879073438 
0.03942438229214533 0.8014442589796514 
0.04203832038772141 0.7949675138235006 
0.04464349826282159 0.7887099191566516 
0.04723899243942777 0.7826546700781443 
0.0498187603891469 0.7767988342567547 
0.05237157236990398 0.7711516389449291 
0.054930947086466585 0.7656264795536067 
0.05747849592305621 0.7602532671275084 
0.06000620177500027 0.7550383667289907 
0.06256262917471525 0.7498747730142428 
0.0650660823404588 0.7449194591105821 
0.06757175198738921 0.7400543287774229 
0.07008439259063699 0.7352654299291554 
0.07258069650752473 0.730591951665369 
0.0750592255134383 0.7260306120870602 
0.07754505277578219 0.7215308764501391 
0.08002350274256692 0.7171157432051002 
0.08248984203325425 0.712789550967857 
0.08497748984229729 0.7084910124173455 
0.08741923161854491 0.7043325658472226 
0.08988706144887644 0.7001882900073871 
0.0923513533508179 0.6961063453265164 
0.09478818031482118 0.6921231085080222 
0.09724521087558453 0.6881583560917394 
0.09968000158073582 0.6842786013262028 
0.10212893138663802 0.680423825377376 
0.10455076768390821 0.6766568886093502 
0.10698311667447716 0.6729172632588409 
0.10941636226682702 0.6692185581584211 
0.11184310560839981 0.6655704773672206 
0.11426852734181069 0.6619637188974188 
0.11669506177525049 0.6583934108147826 
0.11911265615658373 0.6548729854727127 
0.12154669106445523 0.651364529824598 
0.12395610520156602 0.6479259947095537 
0.1263738458619726 0.6445090073406254 
0.12878149867592734 0.6411386079894192 
0.13120164579975652 0.6377823226294679 
0.13362538735238372 0.6344519356467977 
0.13603106625870157 0.6311761040026473 
0.13844678119324852 0.6279156262444026 
0.14085808807469055 0.6246893445761679 
0.14327572952068446 0.6214821939186047 
0.14567939741139274 0.6183202947347352 
0.14809068967666045 0.6151744685229168 
0.150508508896063 0.612045738654614 
0.15292295841540413 0.6089463484183137 
0.15533870897388272 0.6058696802149688 
0.15774260889263128 0.6028317624827408 
0.160166009592636 0.5997925418078478 
0.16257685402797284 0.596791798163838 
0.16499087000256013 0.5938093181736597 
0.16741261835355536 0.5908391290049068 
0.16983658673679655 0.5878876527736911 
0.17224732774951118 0.5849730999688163 
0.17467960824177106 0.582053103562495 
0.17710995380270983 0.5791556655928424 
0.1795260376719652 0.5762948694292951 
0.18195651437224836 0.573436388832552 
0.18437856595899146 0.5706067467239926 
0.18679341485200104 0.5678039624754097 
0.18923126261239284 0.5649928016545306 
0.1916519506666083 0.5622192892936351 
0.194091869744982 0.5594414116772537 
0.19653119016053602 0.5566816153592111 
0.19896555617139175 0.5539444472139354 
0.2014004419044924 0.5512233942099147 
0.2038448284376222 0.5485082188593055 
0.20629322379346282 0.5458048615481128 
0.2087478496177202 0.5431106812176463 
0.2112011897330839 0.5404336938667376 
0.21365225876421884 0.5377746666784935 
0.21609942597147 0.5351350454471533 
0.21856765983232004 0.5324877971301071 
0.22104067612654782 0.5298503683650109 
0.22349787137582897 0.5272443851462193 
0.22595959189806908 0.5246479284804695 
0.22843967811808052 0.5220463640497628 
0.23092852584144496 0.5194497676190004 
0.23340146939704437 0.5168835860819627 
0.23587793759702994 0.5143273349291851 
0.23837630818283465 0.5117620373396932 
0.24086704745126988 0.509217922646691 
0.24337026317200489 0.5066742828800104 
0.24585807431727408 0.5041592248340879 
0.24836049313371678 0.5016422038163962 
0.25088714379140437 0.49911364183941287 
0.2533818033900004 0.4966295564994613 
0.2558955221990365 0.4941388311018369 
0.25841982477117637 0.4916498994087859 
0.26094357813633134 0.489173632105512 
0.2634685260835921 0.48670814726560097 
0.26600883529675373 0.48423955628924586 
0.2685492768155592 0.48178259695808223 
0.2710900346466882 0.4793369279018732 
0.2736339246788271 0.47689969921747255 
0.2761897455961676 0.4744624222797166 
0.27876820468261326 0.47201495838694385 
0.2813231630117094 0.4696009398465426 
0.2838821585314571 0.4671940704802431 
0.28646560294493123 0.4647751846701136 
0.28903469819975175 0.4623805266502974 
0.29161803015332705 0.45998330567171397 
0.29420837010943124 0.45759021938262523 
0.29680666232982117 0.4552003466160721 
0.29940510977668316 0.4528207700065723 
0.30202787410092147 0.4504293729639166 
0.3046350887414871 0.44806242322187384 
0.30725315775815604 0.4456957895832717 
0.3098775352663557 0.4433335511599479 
0.31251647170158703 0.4409682730832857 
0.3151466488468708 0.4386207620462561 
0.3177983335723222 0.43626395044364963 
0.3204385759135905 0.433927058637508 
0.32310078201005804 0.4315804524737915 
0.32577730994312726 0.4292309486842949 
0.3284436400347832 0.4268999744987345 
0.3311172901042726 0.42457208088155973 
0.3337954075515718 0.42224970146500773 
0.3364865960194412 0.4199253530649679 
0.3391876835293417 0.4176017826873165 
0.3418845061437319 0.4152910928146527 
0.34460680268778027 0.41296780097883157 
0.3473305319854865 0.41065245229602976 
0.3500657598943698 0.40833644704767 
0.3527934246030979 0.4060358389591553 
0.3555416556829226 0.40372686151197956 
0.35829257782660384 0.4014245433485848 
0.3610502969243483 0.3991253900161422 
0.36382105721567065 0.39682419045891826 
0.36659579627799677 0.39452845130636205 
0.36938484015487555 0.39222961559997116 
0.37215717494043515 0.38995314034871476 
0.37496079284921946 0.38765957764566605 
0.3777662489587584 0.3853730814892534 
0.38058482100473595 0.38308443002685466 
0.383404886515538 0.3808030309224075 
0.38624173194850153 0.37851650709900275 
0.3890769824603586 0.3762396434044827 
0.391932271776398 0.37395505610510993 
0.3947849481024095 0.3716808548978908 
0.39766105306825744 0.3693962833471901 
0.40054390357782044 0.36711462050639065 
0.4034284756708831 0.3648398031436838 
0.40632430291930893 0.3625642754611573 
0.40924100740298125 0.36028052444628345 
0.41215038090027484 0.3580106068639801 
0.41507406109513184 0.35573758367279185 
0.41801518112157493 0.3534590646203961 
0.42095678059296043 0.35118817782599376 
0.42391518032693115 0.34891230980258503 
0.426884580622893 0.34663595092561406 
0.42985624084425583 0.34436577206180174 
0.4328427388867226 0.3420921501568073 
0.435833555547833 0.3398230876960726 
0.4388545446633999 0.33753902404636515 
0.44185609881035226 0.3352774271865254 
0.4449116754824362 0.33298300210392373 
0.4479443110162455 0.3307135811204329 
0.45099199622096053 0.32844062410477437 
0.4540573517093024 0.32616222152188823 
0.45714106717589525 0.3238779199170132 
0.46022657728544925 0.32159998750344376 
0.46332859591561415 0.31931755133953377 
0.4664355318379418 0.3170391432614248 
0.46956790273178106 0.31474975174683195 
0.4726933208408035 0.3124730399171449 
0.4758410011458083 0.31018770586131306 
0.4790080456221529 0.3078959292572703 
0.48217189719005626 0.30561401426153945 
0.4853712147223253 0.3033141204826202 
0.48855665284782807 0.30103172257592425 
0.49176998332413824 0.2987368658455568 
0.4950050496589587 0.2964340473994417 
0.4982394147367865 0.29413923842112355 
0.5014793806878318 0.2918479113304756 
0.5047647227035672 0.28953203986291853 
0.5080321268083997 0.2872362756087323 
0.5113259965578456 0.28492937652637274 
0.5146322979072364 0.28262123121239335 
0.517950131044655 0.2803124773582507 
0.521286428362118 0.27799831831443156 
0.5246405045237191 0.27567928061963176 
0.5280045294620775 0.2733607982902052 
0.5313934789492335 0.2710325940419762 
0.5347731652059335 0.268718135800438 
0.5381907474592837 0.26638515068978275 
0.5416104665476197 0.26405810925896533 
0.5450632886752663 0.2617159837331048 
0.5485222358109049 0.2593771298353733 
0.5519853535930483 0.2570428319259016 
0.5554860663005571 0.25469062400360376 
0.5589977608331351 0.25233847174467916 
0.5625074117141926 0.2499950588741897 
0.5660595619071198 0.2476307011159975 
0.569618850029317 0.24526902164597253 
0.573191528621901 0.24290586541593306 
0.5767880090966261 0.2405343924203548 
0.5803993414509154 0.23816055402068304 
0.5840234259082883 0.23578574607125136 
0.587665209803012 0.23340675074579198 
0.5913389544477917 0.23101433404272154 
0.595024661451885 0.2286215834936417 
0.5987211650273746 0.2262292555108809 
0.6024429446408263 0.2238280186459931 
0.6061806252458685 0.22142397594508112 
0.6099431263202623 0.21901144290059837 
0.6137315904713154 0.21658976872209357 
0.6175282873301452 0.21417031913406492 
0.6213477776426708 0.21174383754858772 
0.6251832283985851 0.20931470963572907 
0.6290526979838955 0.20687157535250122 
0.632937993772051 0.20442599730012745 
0.6368382156215557 0.2019785619291793 
0.6407680231404422 0.199520129465232 
0.6447112786854425 0.19706084994972728 
0.6486868034435487 0.1945890468568191 
0.6526825514852065 0.19211229029960786 
0.6566926260272062 0.1896342640343316 
0.6607302067292096 0.18714687259678275 
0.6647800866857745 0.18465952735242408 
0.6688759624612117 0.1821516262406362 
0.6729870835236961 0.17964210034664052 
0.6771356305261986 0.17711748702277064 
0.6812881873539322 0.17459816659472283 
0.6854458888798812 0.172083404635607 
0.6896803231901143 0.16953005882815564 
0.6939072751383806 0.16698903060145853 
0.6981743139167443 0.1644317419165774 
0.7024549166716733 0.16187416417855327 
0.7067914189731469 0.1592911211524517 
0.7111079753516553 0.15672781656715773 
0.7154891115258881 0.15413410547203665 
0.7198782584499646 0.15154360250517507 
0.7242978896195762 0.1489430749828986 
0.7287397884446879 0.1463374270564306 
0.7332435117870615 0.14370360751255729 
0.7377532916574266 0.14107433868973795 
0.7422981611773086 0.1384327297434752 
0.7468755523593887 0.1357803795566015 
0.7514791114914853 0.13312105142036357 
0.7561018739541565 0.13045881411279125 
0.7607702055611687 0.1277785799689215 
0.765440350788912 0.12510552019751997 
0.7701995987684999 0.12238983667662051 
0.7749605731168874 0.11968155016672499 
0.77975368953579 0.11696337022287917 
0.7845679394519999 0.11424160209909862 
0.7894672387164594 0.11148031045090234 
0.7943639366791503 0.10872903296597347 
0.7993061324110299 0.10596077691691419 
0.8042789633528752 0.10318398578497767 
0.8092860195250511 0.10039674326685366 
0.8143343130232918 0.0975952617160899 
0.8194004658807751 0.09479258405564228 
0.8245380389558945 0.09195923056513067 
0.8297017069811293 0.08912036676906887 
0.8349174321563121 0.08626183611426219 
0.8401657577405085 0.08339443720840678 
0.8454547696782831 0.0805138556378856 
0.8507832727968018 0.07762086277116687 
0.856154905919056 0.07471360870367894 
0.8615707437897239 0.07179164850714737 
0.8670320181087515 0.06885445922323907 
0.8725242130419683 0.06590995453225912 
0.8780802960300887 0.06294061232488812 
0.8836716796202421 0.05996187380781948 
0.8893171534076315 0.056963864209163884 
0.8950103629433002 0.053950126608973026 
0.9007264522697421 0.05093390521547636 
0.906537380268978 0.0478774342193522 
0.9123601883002054 0.0448245248647936 
0.9182629793406243 0.041739607757752095 
0.9242089312442241 0.03864214194494897 
0.9301988558193687 0.03553182747370265 
0.936262923331891 0.03239319797156337 
0.942359568694833 0.029247936549220643 
0.9485423129981505 0.026068630280755456 
0.9547485370824796 0.022887653807358355 
0.9610304600497278 0.019678389481645464 
0.96737165080667 0.016449467080365987 
0.9737502696407777 0.013212145575186907 
0.9802227399882943 0.009938012047760902 
0.9867551792894536 0.006644485001311651 
0.9933400141924258 0.0033355558707111044 
0.9999999999837863 8.170797372031302E-12 
