0.009997742849649962 0.5000000005298485 0.5000000000072707 0.5000000000793223 0.499999999749865 
0.009651980579700728 0.49999997003133273 0.5000000004133804 0.4999999992722732 0.5000000001218954 
0.009311343969752204 0.5000000004753185 0.5000000000261979 0.4999999998468388 0.5000000001193043 
0.009211187550417856 0.49999999269837064 0.49999999883635077 0.49999999990004135 0.5000000006307608 
0.012114354927502295 0.4999999995969344 0.4999999987330319 0.49999999990938854 0.5000000001415394 
0.014976250430727476 0.5000000009025787 0.5000000004130964 0.49999999928296374 0.5000000007870065 
0.017807299663800763 0.5000000150408959 0.4999999987448736 0.49999999989552674 0.5000000001367502 
0.020581733441483323 0.5000000000820184 0.4999999998528971 0.4999999999103557 0.5000000002072825 
0.023339779172388206 0.4999999986659864 0.5000000008111438 0.49999999902736403 0.5000000001835406 
0.026071917978225986 0.5000000036273168 0.4999999986331845 0.5000000000754782 0.5000000001444959 
0.028779548860732262 0.5000000011408987 0.5000000011433545 0.4999999995282733 0.5000000007441644 
0.03147660165387538 0.49999999835285897 0.4999999988236856 0.499999999554604 0.49999999983716414 
0.03413555525401067 0.4999999930420616 0.5000000004372348 0.4999999993178099 0.4999999998522977 
0.036799946284426524 0.5000000001854525 0.4999999988076933 0.5000000001842859 0.5000000006292543 
0.03942438229214133 0.4999999985652337 0.5000000001026321 0.4999999999180886 0.5000000001191042 
0.042038320387717855 0.5000000009025787 0.5000000004095142 0.4999999992905287 0.5000000006992535 
0.044643498262798495 0.5000000013948475 0.4999999987366242 0.5000000026718406 0.5000000008724848 
0.04723899243901832 0.4999999858474737 0.5000000025664924 0.499999999911955 0.5000000007231067 
0.04981876038914468 0.5000000002366712 0.5000000008062283 0.499999999837209 0.5000000006177943 
0.05237157236145785 0.5000000653933033 0.5000000003979952 0.4999999995946519 0.49999999982459187 
0.05493094708644571 0.49999999856442645 0.5000000008097627 0.5000000026668495 0.5000000008232723 
0.05747849592304111 0.5000000011984808 0.5000000008103149 0.5000000023646073 0.4999999998521431 
0.06000620177486615 0.4999999917849853 0.5000000003270055 0.4999999998551937 0.49999999951113794 
0.0625626291746895 0.5000000034709178 0.5000000010622487 0.499999999942283 0.5000000001204183 
0.06506608234044503 0.49999999755632696 0.5000000006578698 0.5000000002239451 0.5000000007303694 
0.06757175198736745 0.4999999969297381 0.5000000010723811 0.5000000002229952 0.5000000007303527 
0.07008439259060946 0.4999999981280369 0.499999996778826 0.500000000197526 0.49999999991724725 
0.07258069650749231 0.49999999618817104 0.5000000008111606 0.49999999907406045 0.5000000006296592 
0.07505922551340766 0.4999999967927355 0.5000000003216548 0.500000002288849 0.5000000001307633 
0.0775450527724715 0.49999996123808654 0.4999999868444182 0.49999999917703747 0.5000000004881079 
0.08002350274246212 0.5000000029721983 0.500000000630014 0.5000000066022021 0.5000000003071546 
0.08248984203324848 0.5000000016545856 0.5000000003988218 0.4999999997341069 0.49999999982199506 
0.08497748984177105 0.5000000162720654 0.4999999988381199 0.5000000005439434 0.5000000001049728 
0.0874192316185085 0.5000000040450009 0.4999999986451634 0.5000000003430921 0.5000000001434899 
0.08988706144876275 0.500000003496348 0.4999999993083985 0.5000000066918905 0.500000000138394 
0.0923513533508108 0.5000000013069832 0.4999999988362607 0.5000000006744503 0.5000000001294903 
0.09478818031478521 0.4999999993118083 0.49999999755596486 0.5000000034184319 0.5000000005484178 
0.09724521087547484 0.499999996600878 0.4999999985151438 0.5000000064387947 0.5000000006721964 
0.09968000158061503 0.4999999963844226 0.4999999979795971 0.500000006619872 0.5000000003069385 
0.10212893138651101 0.5000000009837005 0.4999999977564456 0.5000000076167895 0.5000000006301217 
0.10455076768383405 0.5000000000911748 0.4999999993335385 0.5000000060911081 0.49999999979567833 
0.1069831166742409 0.49999999128048356 0.49999999732448674 0.5000000060449975 0.4999999999884323 
0.10941636226680704 0.4999999996891498 0.49999999795143724 0.500000002402379 0.500000000138262 
0.11184310560839315 0.5000000001281864 0.5000000013376851 0.5000000009396312 0.5000000007719907 
0.11426852734172276 0.49999999998210076 0.4999999973761685 0.5000000060892472 0.5000000008634459 
0.11669506177495784 0.4999999900799918 0.49999999700494874 0.5000000063261629 0.5000000008372912 
0.1191126561565451 0.5000000009041774 0.4999999974459203 0.5000000034677211 0.5000000005319098 
0.12154669106443658 0.5000000001289561 0.49999999755647384 0.500000001687904 0.5000000008189677 
0.12395610520138484 0.4999999991979844 0.5000000013951208 0.5000000094301391 0.5000000005365746 
0.12637384586195793 0.5000000019371968 0.49999999937370626 0.500000001720759 0.5000000005422439 
0.12878149867583674 0.500000000885922 0.4999999972117564 0.5000000060999356 0.49999999979567833 
0.13120164579972543 0.4999999966040578 0.49999999851017934 0.5000000014569987 0.5000000001033919 
0.1336253873523775 0.500000000816725 0.4999999993117961 0.5000000014372101 0.5000000000396019 
0.13603106625868114 0.5000000001472515 0.4999999973880742 0.5000000016703691 0.5000000008764188 
0.1384467811931606 0.49999999998210076 0.4999999973761685 0.5000000060892472 0.5000000008634459 
0.14085808807467678 0.5000000001439666 0.49999999915077936 0.5000000015238455 0.5000000020201647 
0.1432757295206778 0.5000000000795175 0.4999999991347687 0.5000000014819962 0.4999999993494049 
0.1456793974113852 0.5000000009086236 0.49999999930817346 0.5000000014330567 0.4999999993461837 
0.14809068967663735 0.5000000001556246 0.49999999913425347 0.5000000032697057 0.5000000005671623 
0.15050850889605233 0.5000000007073151 0.4999999995300802 0.5000000021248663 0.5000000005345933 
0.15292295841538547 0.5000000001283894 0.4999999975587072 0.5000000016891543 0.5000000008003261 
0.15533870897386495 0.5000000022163793 0.4999999991424127 0.5000000017868359 0.5000000005497766 
0.15774260889259487 0.5000000024510396 0.4999999968432935 0.5000000016026935 0.4999999997699315 
0.1601660095926289 0.5000000000730149 0.4999999991424694 0.5000000016664912 0.5000000005345933 
0.16257685402796085 0.5000000005699011 0.49999999848975696 0.5000000018323588 0.5000000001147356 
0.16499087000255303 0.5000000006142737 0.49999999923879224 0.5000000015764965 0.5000000005504049 
0.16741261835350474 0.5000000009090934 0.5000000042165885 0.500000002654285 0.499999999790255 
0.16983658673656696 0.49999998951340113 0.4999999984516964 0.5000000018347807 0.4999999993640454 
0.17224732774950186 0.5000000004403217 0.4999999979566362 0.4999999992852582 0.4999999997683287 
0.17467960824175552 0.5000000011754714 0.49999999745905466 0.4999999999500012 0.49999999973575443 
0.1771099538026521 0.5000000045401699 0.499999997437704 0.5000000014409919 0.49999999977980897 
0.17952603767195055 0.5000000008308942 0.49999999909719034 0.5000000023960327 0.5000000005464459 
0.1819565143722297 0.5000000004966599 0.5000000025838226 0.5000000014085044 0.49999999935914013 
0.18437856595897104 0.4999999980868787 0.49999999920161986 0.5000000022011503 0.4999999988601893 
0.1867934148519775 0.5000000005941999 0.5000000034099251 0.49999999996289457 0.49999999978640763 
0.18923126261238307 0.5000000021213231 0.4999999992950331 0.4999999996323605 0.4999999997394686 
0.19165195066658788 0.5000000003114031 0.500000003163691 0.4999999996254622 0.4999999998132398 
0.1940918697449549 0.5000000003123268 0.4999999970927312 0.5000000022698092 0.49999999979851917 
0.1965311901605267 0.5000000008750737 0.49999999807356355 0.4999999995982185 0.49999999973538456 
0.19896555617133357 0.5000000045361106 0.4999999973286762 0.5000000002108034 0.4999999986317609 
0.20140044190448042 0.49999999810899426 0.4999999991708156 0.5000000013493203 0.49999999972553827 
0.20384482843760887 0.5000000004931011 0.49999999744551954 0.49999999981889154 0.49999999973546455 
0.20629322379339265 0.4999999952689753 0.5000000034034864 0.5000000010788631 0.5000000006230302 
0.20874784961755455 0.5000000084488805 0.4999999979399419 0.5000000028358369 0.49999999954539553 
0.2112011897330253 0.5000000044465465 0.4999999971857786 0.5000000013592644 0.5000000005516377 
0.21365225876419752 0.5000000008422678 0.5000000031582779 0.4999999995978572 0.4999999997798744 
0.21609942597144424 0.499999998302562 0.5000000031582779 0.4999999996299507 0.49999999976690007 
0.21856765983228896 0.5000000005538103 0.4999999967502173 0.5000000011358341 0.49999999808647844 
0.2210406761265314 0.4999999987087853 0.49999999835527204 0.5000000014542052 0.49999999865346295 
0.22349787137580188 0.5000000031773876 0.49999999908517234 0.5000000014887884 0.4999999992124702 
0.22595959189798692 0.4999999943352846 0.4999999972007828 0.5000000012622483 0.49999999953190993 
0.22843967811806587 0.5000000018159868 0.4999999980983647 0.4999999996327391 0.4999999994716321 
0.23092852584143875 0.5000000004236327 0.4999999986048761 0.5000000010344982 0.5000000000406528 
0.23340146939703416 0.500000001581777 0.49999999907737386 0.5000000012560761 0.4999999995465356 
0.23587793759700862 0.5000000028105647 0.4999999983228182 0.49999999960982094 0.4999999997313644 
0.23837630818276004 0.5000000056054429 0.5000000015027682 0.49999999833980807 0.4999999988992783 
0.24086704745124946 0.49999999771922304 0.49999999881408363 0.5000000012466715 0.4999999985332844 
0.24337026317197824 0.5000000005818449 0.5000000035680929 0.49999999932966643 0.4999999997289364 
0.24585807431720302 0.500000004357281 0.49999999588454036 0.5000000002491212 0.5000000001565974 
0.24836049307525154 0.5000001720460232 0.49999999902212355 0.5000000017774868 0.500000000159039 
0.25088714379139015 0.5000000006019076 0.5000000022885713 0.5000000012572755 0.500000000259625 
0.25338180338996485 0.5000000006062311 0.5000000037465998 0.500000000261666 0.49999999808770107 
0.2558955221990263 0.5000000015092406 0.4999999990802716 0.5000000013325631 0.4999999995269719 
0.2584198247711373 0.5000000030082475 0.5000000024668358 0.5000000021493645 0.49999999996586936 
0.26094357813630337 0.5000000020406729 0.500000002378968 0.5000000020608707 0.4999999997822488 
0.2634685260835526 0.5000000018562559 0.500000001104393 0.50000000363301 0.49999999855331184 
0.2660088352967342 0.5000000020622843 0.50000000155041 0.4999999984395937 0.5000000008891028 
0.26854927681553475 0.5000000029302432 0.4999999988309571 0.5000000013630065 0.4999999991328881 
0.27109003464667397 0.5000000000410236 0.4999999976489387 0.5000000012591792 0.49999999971186554 
0.27363392467879954 0.5000000005400982 0.5000000031495808 0.5000000014069635 0.49999999866342765 
0.27618974559613607 0.5000000006547619 0.5000000036633809 0.5000000008568998 0.49999999886331636 
0.2787682044318934 0.5000003562948925 0.49999999822713886 0.49999999838829795 0.4999999994910084 
0.28132316301169075 0.49999999750225305 0.499999998822132 0.5000000013058638 0.5000000002137892 
0.28388215853143534 0.500000002805147 0.5000000009868992 0.500000001523805 0.4999999999777998 
0.28646560294492146 0.5000000001293555 0.49999999887132796 0.5000000010816248 0.49999999844610593 
0.2890346981636402 0.5000001351130561 0.4999999961812301 0.50000000351818 0.4999999983485538 
0.29161803015328974 0.5000000029779463 0.4999999988643229 0.5000000029437923 0.49999999997555145 
0.2942083701094108 0.4999999995155633 0.5000000013586643 0.5000000013629884 0.499999997452054 
0.2968066623285897 0.5000000245948353 0.5000000023807328 0.5000000020221353 0.49999999700451014 
0.29940510975735374 0.5000000988099083 0.49999999645200355 0.5000000026958944 0.4999999979659826 
0.3020278741008797 0.5000000002261313 0.5000000032719242 0.5000000016609712 0.4999999972540619 
0.3046350887026173 0.5000001402581719 0.5000000016758913 0.4999999979461779 0.4999999984822321 
0.30725315772379996 0.5000001318713447 0.500000001464378 0.49999999799238093 0.4999999999646699 
0.30987753526533296 0.49999997856108414 0.4999999938791729 0.500000003623734 0.49999999723212807 
0.31251647170059405 0.5000000218355214 0.49999999596173494 0.5000000013583995 0.4999999971864038 
0.31514664882739396 0.5000000990557214 0.49999999385122723 0.5000000035173207 0.4999999998823006 
0.3177983335709486 0.5000000120907732 0.5000000014730491 0.49999999814576807 0.5000000233162497 
0.32043857545827115 0.5000004801243283 0.4999999954440168 0.5000000032324703 0.4999999998159592 
0.3231007820099839 0.49999999968503234 0.4999999954559571 0.5000000036035793 0.4999999980541078 
0.3257773099415876 0.5000000273958118 0.49999999484336605 0.5000000015861921 0.4999999999752227 
0.32844363965959356 0.5000004354144018 0.49999999595926836 0.49999999813423207 0.5000000192777878 
0.33111729010274094 0.5000000137544403 0.5000000015091058 0.4999999938945315 0.5000000233851875 
0.33379540750782366 0.500000145124101 0.4999999867424806 0.4999999930347567 0.5000000294324329 
0.3364865960182195 0.5000000245859171 0.5000000007643542 0.5000000036147798 0.4999999992242486 
0.33918768352918005 0.5000000074151952 0.4999999951127566 0.5000000015896616 0.49999999942966544 
0.3418845061428797 0.5000000004017542 0.5000000015300894 0.4999999980326944 0.5000000206188188 
0.34460680268771055 0.499999999626362 0.4999999951525675 0.49999999819435614 0.5000000028790255 
0.34733053198511793 0.49999998885069574 0.49999999390519295 0.4999999958309974 0.49999999717440274 
0.35006575989336436 0.5000000195965554 0.49999998919774297 0.49999999796952677 0.4999999979119726 
0.35279342460211827 0.500000006371121 0.5000000011267047 0.5000000033860348 0.5000000210397804 
0.35554165568266327 0.5000000091432882 0.4999999951194441 0.4999999951537185 0.49999999942485496 
0.3582925775894087 0.5000003463987536 0.5000000035355581 0.49999999978232096 0.5000000099518607 
0.36105029692385093 0.4999999910653035 0.49999998690836195 0.5000000003519706 0.5000000007360881 
0.36382105721561114 0.4999999996884692 0.499999994861855 0.49999999819113833 0.5000000007350074 
0.3665957962777596 0.5000000083433498 0.5000000014311016 0.4999999930826062 0.4999999993047447 
0.3693848401543715 0.4999999876405196 0.4999999950269039 0.5000000012445049 0.5000000087282628 
0.37215717315220426 0.500000951558292 0.5000000018236068 0.5000000017019551 0.4999999994050757 
0.3749607928491586 0.49999999968237163 0.5000000016338095 0.4999999949660637 0.500000001661673 
0.3777662489584253 0.49999998799281115 0.4999999951132183 0.49999999945666496 0.49999999925614935 
0.38058482076772376 0.5000003462662074 0.5000000030054353 0.4999999985309333 0.5000000099679024 
0.3834048865152427 0.49999998780705146 0.5000000000883844 0.49999999952051943 0.49999999921645044 
0.3862417319484669 0.4999999958323804 0.49999999992481703 0.4999999993989622 0.5000000001508809 
0.38907698246027334 0.5000000063256247 0.5000000016572717 0.49999999945083656 0.4999999995844273 
0.39193227177637935 0.5000000026150744 0.5000000015653748 0.49999999959823577 0.500000000152872 
0.39478494810215947 0.5000000093980749 0.500000000718906 0.49999999384708765 0.5000000001330307 
0.3976610505864329 0.5000011209586105 0.5000000026119885 0.5000000107292769 0.49999999940817036 
0.4005439035773568 0.5000000083441066 0.4999999925031784 0.4999999932364276 0.5000000079449278 
0.4034284756707383 0.5000000083456334 0.5000000007639727 0.4999999986478007 0.49999999881661994 
0.4063243029188915 0.5000000089108048 0.5000000015189527 0.500000010819633 0.4999999964500743 
0.40924100740286756 0.49999999375501586 0.5000000032026705 0.49999999864135836 0.5000000025666305 
0.41215038089978456 0.5000000011326423 0.49999999039129434 0.4999999908787708 0.5000000084548207 
0.4150740610936641 0.5000000270611462 0.5000000018183075 0.4999999993982331 0.49999999731146116 
0.4180151811215567 0.500000002482199 0.5000000016889806 0.49999999957884017 0.5000000001528645 
0.4209567805928707 0.5000000007302695 0.4999999942346313 0.5000000033750193 0.49999999943758305 
0.4239151803267895 0.49999999206154416 0.5000000014468103 0.5000000004952136 0.5000000025430144 
0.42688458062288587 0.5000000012822966 0.5000000010805344 0.5000000008198594 0.49999999999671624 
0.4298562408441959 0.49999999793981953 0.500000000815859 0.4999999949781484 0.49999999956623836 
0.4328427388861053 0.49999998317811467 0.5000000008719384 0.49999999469642464 0.5000000008843325 
0.43583355554408976 0.4999999565999284 0.4999999987197361 0.49999999688895425 0.5000000007298123 
0.4388545446625579 0.5000000197267959 0.5000000032034245 0.4999999949175042 0.5000000009960164 
0.4418560988092416 0.5000000212003167 0.500000001529281 0.5000000104489745 0.49999999872210776 
0.44491167548237537 0.5000000007035935 0.5000000001798516 0.4999999945819395 0.5000000009259074 
0.44794431079405433 0.5000003353755198 0.5000000014392101 0.49999999479128177 0.5000000005701993 
0.45099199585043914 0.5000004331340784 0.4999999998974804 0.4999999972333 0.49999999937017986 
0.45405735170717876 0.49999999987067006 0.4999999672327208 0.5000000012778238 0.5000000001517197 
0.4571410671758313 0.5000000019093657 0.5000000014823335 0.49999999486476643 0.5000000005642752 
0.4602265771453773 0.500000266191571 0.5000000013674718 0.4999999945440717 0.49999999402140705 
0.46332859591510345 0.4999999918745986 0.5000000138683529 0.5000000004949262 0.5000000002014293 
0.4664355318375812 0.5000000134055256 0.5000000014366168 0.49999999904324066 0.5000000002082001 
0.46956790273146354 0.49999998763626025 0.5000000011929182 0.4999999976400068 0.49999999901519093 
0.4726933208407902 0.5000000003037195 0.5000000001066377 0.4999999976102139 0.49999999908227155 
0.4758410011454175 0.49999998669113355 0.49999999565390185 0.5000000012861427 0.5000000005673075 
0.4790080452515915 0.500000433127694 0.49999999641445153 0.5000000020911157 0.5000000040681966 
0.4821718971900216 0.5000000038052201 0.4999999989050222 0.5000000009020021 0.499999998933175 
0.4853712147208962 0.4999999733696313 0.4999999962941073 0.5000000004428965 0.4999999993963203 
0.4885566528467236 0.4999999769990137 0.4999999999409755 0.4999999945858647 0.4999999990274425 
0.4917699833241276 0.4999999992745845 0.5000000014286612 0.49999999984617804 0.5000000017290885 
0.4950050496588641 0.4999999990577268 0.5000000044915927 0.5000000051611313 0.500000000438784 
0.4982394147367554 0.5000000018138697 0.4999999968531971 0.5000000014519952 0.499999999275749 
0.5014793806874916 0.5000000038707807 0.49999999889006286 0.5000000007258408 0.5000000124779095 
0.5047647225704692 0.5000002595951587 0.5000000019236279 0.5000000008997207 0.4999999996399584 
0.5080321268082807 0.4999999924802953 0.49999999818780066 0.5000000000781288 0.4999999992918644 
0.511325996556659 0.4999999757319266 0.4999999966677216 0.500000000784204 0.49999999963023006 
0.5146322979072306 0.49999999981523907 0.49999999849474513 0.5000000007305023 0.499999999589647 
0.5179501307173431 0.500000407103264 0.49999999991682487 0.500000000936559 0.4999999996206392 
0.5212864283599375 0.4999999669813261 0.49999999631524955 0.5000000000259414 0.4999999995871589 
0.5246405045237089 0.49999999898661457 0.5000000010498905 0.5000000000384486 0.5000000017320967 
0.5280045294618209 0.49999999939488415 0.49999999793505684 0.5000000001568509 0.5000000111943128 
0.5313934789492077 0.5000000027141888 0.4999999986096228 0.5000000019776829 0.5000000000235201 
0.5347731650846181 0.5000002478239258 0.499999998274008 0.5000000028620764 0.5000000001873566 
0.5381907473251937 0.5000002605508671 0.49999999794937205 0.5000000023627913 0.5000000001225209 
0.5416104665475668 0.5000000028959783 0.5000000038251752 0.500000001965895 0.5000000001273724 
0.5450632886752304 0.4999999990804337 0.49999999709576776 0.5000000029840492 0.5000000004616523 
0.5485222358108987 0.5000000009414637 0.49999999889414615 0.500000000931945 0.49999999955778845 
0.5519853535929018 0.4999999924069734 0.5000000000800214 0.5000000040437317 0.4999999996073282 
0.5554860661590583 0.5000002676469215 0.4999999978377141 0.500000002848692 0.4999999994929207 
0.5589977608331138 0.5000000009659594 0.4999999984817698 0.5000000026919985 0.5000000004656544 
0.5625074117137676 0.49999998548412694 0.4999999985574946 0.5000000015283251 0.4999999994918283 
0.5660595619055571 0.4999999718798515 0.4999999997229147 0.49999999958383023 0.5000000004365625 
0.5696188498929972 0.5000002627182706 0.4999999979353799 0.5000000001646868 0.5000000005529264 
0.5731915286217802 0.49999999313309496 0.4999999965664368 0.49999999856805794 0.5000000005182141 
0.5767880090965044 0.49999999344933127 0.5000000042193945 0.4999999992088261 0.5000000004579218 
0.5803993414505815 0.5000000129337493 0.4999999988806014 0.499999999464764 0.4999999994861752 
0.5840234259081244 0.49999999162290537 0.4999999974147972 0.5000000024701524 0.5000000000659303 
0.5876652098026616 0.5000000131429471 0.49999999852551547 0.49999999961063835 0.49999999852099974 
0.5913389544477788 0.49999999840096615 0.4999999981195561 0.4999999996005703 0.5000000005188553 
0.5950246614518739 0.49999999857308314 0.49999999814579543 0.4999999995791323 0.5000000000827782 
0.598721165027324 0.49999999508413956 0.4999999988515169 0.49999999957067554 0.5000000003188446 
0.6024429446401126 0.4999999810746361 0.49999999973371 0.5000000015622097 0.49999999916392884 
0.6061806252409009 0.49999994987845103 0.4999999982601777 0.49999999956997676 0.5000000003462177 
0.6099431263202401 0.5000000029713284 0.49999999858115585 0.4999999995706217 0.5000000003267947 
0.6137315904711547 0.4999999913860032 0.4999999972941093 0.5000000000824283 0.5000000003537676 
0.6175282873300333 0.4999999931471184 0.49999999701370207 0.5000000000756385 0.4999999991266253 
0.6213477776426539 0.5000000023426477 0.4999999997710772 0.500000000339975 0.49999999833866465 
0.6251832283985256 0.49999999529302935 0.4999999972344583 0.4999999996627268 0.4999999996809755 
0.6290526979838675 0.5000000034708175 0.49999999862538236 0.49999999967275893 0.49999999946746637 
0.6329379937719914 0.4999999959174526 0.5000000032803363 0.500000001502311 0.49999999930258315 
0.6368382156211956 0.4999999984403006 0.49999999830067393 0.5000000015096766 0.5000000132146425 
0.6407680231369499 0.4999999583976 0.49999999821513186 0.4999999941444822 0.49999999974301457 
0.6447112786846796 0.49999998036034005 0.49999999983782667 0.500000000061716 0.49999999913286564 
0.6486868034433413 0.4999999913679052 0.5000000055268959 0.5000000000537012 0.4999999998900684 
0.6526825514851066 0.5000000061926876 0.4999999981057173 0.5000000029091316 0.4999999995337507 
0.656692626027196 0.49999999899413594 0.49999999836492337 0.5000000011972529 0.49999999987428273 
0.6607302067292025 0.5000000003724614 0.49999999819822877 0.49999999979276816 0.49999999969809195 
0.6647800865532605 0.5000002590095425 0.5000000034219131 0.4999999999576907 0.4999999992068163 
0.6688759624610692 0.49999999254748695 0.4999999969452095 0.5000000027122629 0.4999999998710971 
0.6729870835236867 0.4999999993166656 0.49999999810700196 0.4999999991699468 0.49999999991217103 
0.6771356303891953 0.5000002633785623 0.49999999879484625 0.5000000012202288 0.4999999992349241 
0.6812881870652879 0.500000382282143 0.4999999973137205 0.4999999975046482 0.499999998679909 
0.6854458888798386 0.49999999593856714 0.5000000011740546 0.5000000016316415 0.49999999895413316 
0.6896803231900588 0.500000002923539 0.5000000044094814 0.4999999998227724 0.4999999998886754 
0.6939072751383495 0.5000000019674078 0.49999999828873004 0.5000000030005832 0.5000000002756265 
0.6981743139166773 0.49999999958674995 0.5000000031422455 0.50000000129692 0.4999999952730393 
0.7024549166715707 0.49999999905613157 0.5000000031108396 0.49999999357260977 0.4999999995959296 
0.70679141897313 0.4999999990808679 0.5000000027893853 0.49999999977756415 0.49999999998393063 
0.7111079753516322 0.4999999991706245 0.4999999981439084 0.5000000024113169 0.499999998647711 
0.715489111525778 0.5000000016544599 0.5000000011655313 0.499999992797469 0.49999999992611066 
0.7198782584499392 0.4999999970521828 0.5000000011640251 0.49999999855402055 0.4999999991984295 
0.7242978896195718 0.4999999992197981 0.5000000000479045 0.5000000011519643 0.5000000005164832 
0.7287397884446684 0.5000000010267447 0.4999999997193129 0.5000000029483342 0.4999999998955299 
0.733243511787042 0.5000000021996468 0.500000001461646 0.5000000015453729 0.49999999931438266 
0.7377532916573694 0.4999999991112709 0.5000000049110174 0.5000000019923986 0.49999999990203786 
0.742298161177298 0.49999999920546245 0.5000000010613452 0.500000001902898 0.4999999999789781 
0.7468755523593679 0.5000000022607876 0.49999999898136394 0.500000001795554 0.49999999881159707 
0.751479111491138 0.49999998689587016 0.5000000010802284 0.5000000016534479 0.5000000003917986 
0.7561018739541481 0.5000000003620811 0.4999999989819146 0.5000000017759808 0.49999999998891487 
0.7607702055611185 0.5000000015969567 0.4999999987914869 0.4999999954934837 0.49999999890830693 
0.7654403507888903 0.500000002475333 0.5000000010339212 0.5000000017867277 0.49999999915977716 
0.7701995987684959 0.49999999921911187 0.5000000012067525 0.4999999997435763 0.4999999999827174 
0.7749605731168776 0.49999999986351024 0.49999999909258963 0.5000000019473178 0.5000000004213758 
0.7797536895330229 0.4999999626333309 0.5000000012146854 0.5000000014579726 0.49999999891333263 
0.7845679394519897 0.50000000056267 0.5000000011625865 0.5000000016442644 0.49999999919565696 
0.789467238716447 0.49999999889223434 0.5000000013303562 0.500000001762168 0.5000000004133764 
0.7943639366786538 0.5000000153115285 0.49999999640128073 0.5000000020302501 0.4999999997888185 
0.7993061324110219 0.4999999992292581 0.49999999914721305 0.500000001477521 0.4999999993040573 
0.8042789633527477 0.5000000019815604 0.49999999248424976 0.5000000020061446 0.49999999990975735 
0.8092860195249911 0.49999999905762454 0.5000000012404306 0.5000000052702093 0.5000000004079564 
0.8143343125433877 0.5000004929342111 0.49999999703928344 0.5000000020346067 0.4999999984910007 
0.8194004658807347 0.4999999959082327 0.4999999999650364 0.5000000017434502 0.49999999914576837 
0.8245380389558856 0.4999999998695212 0.4999999989818988 0.5000000017746961 0.49999999926765554 
0.8297017067166795 0.5000003659128373 0.5000000011373319 0.5000000021623706 0.49999999758070296 
0.8349174321509955 0.500000051864117 0.49999999895358427 0.5000000010907325 0.5000000002011384 
0.8401657577405032 0.4999999999397594 0.5000000012631702 0.5000000010210429 0.5000000000414891 
0.8454547696767417 0.5000000278769449 0.4999999999851176 0.500000001730991 0.4999999993936436 
0.8507832727961707 0.5000000177234172 0.4999999992017052 0.5000000021569605 0.4999999998304467 
0.8561549059187447 0.5000000124363363 0.5000000013954334 0.5000000009698122 0.49999999981412685 
0.8615707437866974 0.5000000391041943 0.49999999896947905 0.5000000014823748 0.5000000002084961 
0.8670320181086449 0.5000000072666374 0.49999999992381855 0.5000000011223147 0.4999999999270981 
0.8725242130419536 0.49999999911219656 0.5000000010675596 0.4999999976984966 0.5000000004501715 
0.8780802960300772 0.4999999996114849 0.5000000015937814 0.4999999981951231 0.4999999997593744 
0.8836716792989533 0.5000004033279193 0.4999999974210359 0.5000000020974599 0.5000000000213163 
0.8893171534075209 0.5000000074163836 0.4999999998792529 0.5000000009901886 0.49999999981575977 
0.895010362943258 0.49999999561645425 0.5000000011381256 0.5000000009907191 0.49999999991448135 
0.9007264522696746 0.5000000052876374 0.5000000015929664 0.5000000019521512 0.499999999911778 
0.9065373802688905 0.4999999938109477 0.5000000013706646 0.50000000205509 0.49999999992849586 
0.9123601883000548 0.5000000083405213 0.5000000009916822 0.4999999976849479 0.49999999952724783 
0.9182629793405017 0.5000000070303989 0.49999999731729916 0.5000000023325526 0.499999999949384 
0.9242089312442143 0.5000000006675331 0.4999999999694537 0.5000000020920145 0.4999999998164312 
0.9301988558182922 0.5000000232309142 0.5000000010039193 0.5000000020882859 0.5000000000074147 
0.9362629233318253 0.5000000053139272 0.4999999999477424 0.5000000022718244 0.4999999999272747 
0.9423595686945314 0.5000000120590895 0.5000000013713094 0.5000000023060279 0.49999999993437083 
0.9485423129727264 0.49999988656822536 0.5000000012076437 0.5000000022535513 0.5000000000716297 
0.9547485370823473 0.4999999999724737 0.5000000013326305 0.5000000080659543 0.5000000001685386 
0.9610304600495835 0.5000000083975472 0.5000000012002711 0.5000000010543996 0.5000000000386855 
0.9673716508066114 0.49999999502332454 0.49999999989490546 0.5000000021982243 0.500000000154224 
0.9737502696406258 0.500000008485514 0.5000000010844237 0.5000000019535598 0.49999999991179667 
0.9802227399881753 0.5000000070322973 0.4999999974422854 0.5000000020972132 0.49999999980707105 
0.9867551792522407 0.4999998627823222 0.49999999703174347 0.5000000022679301 0.49999999978112547 
0.9933400141921314 0.5000000119380639 0.5000000015992971 0.5000000020250731 0.500000000174331 
0.9999999999837437 0.4999999960869521 0.5000000015670276 0.5000000019678533 0.500000000150541 
