0.8380068883601582 0.9186164034993357 
0.8414729556774202 0.9159548440398464 
0.8434443790420298 0.9158256637735336 
0.8507938122326042 0.9082077265879821 
0.8556458263014657 0.9046874727380912 
0.8578842828626798 0.9039209434705046 
0.8632333569318388 0.8973869936190304 
0.867869432942008 0.8945025349855823 
0.8695629917119733 0.8924413341919577 
0.8795991048846941 0.8899508615516134 
0.8806003025003526 0.8852519783688323 
0.883229831622534 0.8827397503987019 
0.8846292934070263 0.8810457197348808 
0.8879319642812554 0.8776148543637124 
0.8901882708280757 0.876322610321023 
0.8972928462969367 0.8700429514301224 
0.8982649132310148 0.8695101935679358 
0.9046063598434926 0.8647071466999748 
0.907223826366506 0.8625376008186377 
0.9145401103130193 0.8563938800035054 
0.9169373152203129 0.8557919149112394 
0.9188288949850717 0.853034441080158 
0.9199102169384 0.8520657042148997 
0.9232851297032609 0.8515974392812345 
0.9269145629920756 0.8466213024868764 
0.928032784907694 0.8463971131428463 
0.9297967887719347 0.8457661875561141 
0.930616636023111 0.8438042890808933 
0.9341627364139741 0.8413455368764143 
0.9406246477096898 0.8363182627458932 
0.943420843853419 0.8348805647771881 
0.9451811072202236 0.8332864152066188 
0.947406401923168 0.8311844059500775 
0.9519093086780639 0.8278720715839718 
0.9538759914612165 0.8262989563220147 
0.9626233806640584 0.8198916365096828 
0.9646045122539088 0.8193625555516906 
0.9692328027207847 0.8155140580431598 
0.9703637917000562 0.8146565754754331 
0.9789167506597727 0.8080149286996879 
0.9805148285784419 0.8069698720913735 
0.9837500719154355 0.8051766813872375 
0.9905479281805921 0.8025902141343721 
0.9917289161377718 0.7994692263576474 
0.9949195367067757 0.7967281217145437 
0.9996891386854685 0.7933190423950054 
1.0045110691566896 0.7928464427647451 
1.0049193529900144 0.7894837438885008 
1.0143136915430664 0.7845125873506923 
1.0146384214824695 0.782728412195616 
1.0162977512127134 0.7816730419778836 
1.0205982614965377 0.778488054999214 
1.0275337935278186 0.7736847836319193 
