0.33800688739837603 0.7097097201995087 0.552500218366906 0.5019109375285575 0.6646365671206046 0.5126607557738675 0.6451522589575254 0.5122389441354392 0.6265055077234408 0.6957593615470864 0.6269750512660599 0.5712146934800668 0.3279460715217281 0.44689095841501536 0.6543520345902574 0.578837941943277 0.6408489105901698 0.6867429309290763 0.6074495146415375 0.6849623571141475 0.4167148637100297 0.6724598869787767 0.5619445083207608 0.5516879705494715 0.7974404960319258 0.7349935819659201 0.49827405093791066 0.5141093469885011 0.40889444269956415 0.4885235928941472 
0.34130498146547805 0.7097097011566313 0.5526152616468527 0.5115291918070172 0.6646365671206046 0.5054017412665788 0.6451522589575254 0.5122007234772096 0.6821947150821522 0.6957618071883575 0.6267982365157947 0.5712147182256876 0.3279460715217281 0.44689095841501536 0.6543520345902574 0.578837941943277 0.6408489105901698 0.6867429309290763 0.6074495146415375 0.6849623571141475 0.40112980342107646 0.673548565950108 0.5619445083207608 0.49381190189552604 0.7971888415296271 0.7349934736727229 0.4982803767500078 0.5482907230114585 0.40894719879521363 0.48846685373437715 
0.3424372948283487 0.7055084152839424 0.4874796012140717 0.5019109375285575 0.6640146575003326 0.5144687943664413 0.64572787694609 0.6124086095946928 0.6265055077234408 0.6959359708306772 0.6269750512660599 0.5721736134596902 0.32794619326288715 0.439820261592253 0.655236025520064 0.6431574142364317 0.6947933990989363 0.6867429129486612 0.6074166458156832 0.684821823765746 0.4018167630476325 0.6724598869787767 0.5660484250632926 0.5524350764672155 0.7660811485427698 0.7356585606669754 0.49822259942713093 0.5482907230114585 0.4088683027365502 0.48846685373437715 
0.3505301870548923 0.7989691483524775 0.5525011930355856 0.5136722609595604 0.6646365671206046 0.5126607559736728 0.6451522589575254 0.5122396617027555 0.6265055077234408 0.6949840521287687 0.6269750512660599 0.5712146934531026 0.32794607152167526 0.5652335823444848 0.6543520345902574 0.6267749072595088 0.6408490437886317 0.686742910125001 0.6074495146415375 0.6849623571141475 0.4167148048835412 0.6724598869817224 0.5619446929533516 0.5516956448270565 0.835437184682958 0.7349935819659201 0.4982740509378966 0.5134816063774451 0.40889444269956415 0.48852107290183805 
0.35507589929951755 0.7067673777363024 0.5537681582743479 0.5019124686844226 0.6690383903486962 0.5120023666985037 0.6451522589575254 0.5278650675096255 0.6265055077234408 0.6957734746976011 0.6268013883260958 0.5713195704181296 0.3279460715217281 0.4424301854346231 0.39198070734743573 0.578837941943277 0.7515554230379854 0.6869733183460048 0.6074495146415375 0.6849623571141475 0.4167148637100297 0.6735303919467488 0.5618070296575344 0.7239038801913609 0.7974503400406584 0.734993580810644 0.4258462639838651 0.518364523525685 0.4089483150465177 0.5217058774814137 
0.3567107069541504 0.6611882856161738 0.48025910734461263 0.5137850481132145 0.6640927647306224 0.5112714432652374 0.6483622243442654 0.5122440772484375 0.6340141253981164 0.6948105942013763 0.7244233122775056 0.4999453707092253 0.32794620140840985 0.6738242059703736 0.6568481658229698 0.6704625669489772 0.6408582512180441 0.6867428212858784 0.6074821256146887 0.6849623824073403 0.4020280867408604 0.6677001316188794 0.5619507875378847 0.7206568556497231 0.7973803081937425 0.7376874841715969 0.4982115707892621 0.5482915888941712 0.38322030963714343 0.47544428468806066 
0.36319212770093334 0.6611048163395301 0.4990186245501921 0.5221478355679464 0.6646365671206046 0.5083387234408621 0.6451521958265736 0.6119576407073545 0.6265055077234408 0.6957593615470864 0.6267390811724549 0.5712146934800291 0.3279460715217281 0.7660395180808893 0.6543527679404609 0.6341470640100448 0.6921283862723764 0.6867429309290763 0.6408617498618419 0.6871796163456699 0.4167148637100297 0.6702195878245042 0.5617847310625417 0.7797931232916934 0.7974404960319258 0.7349935040797902 0.5041663620367343 0.517625105836012 0.40889444269956415 0.48846685373437715 
0.36730772324811667 0.6620203620892149 0.5510884225814623 0.4837909971327011 0.6521588538419214 0.5437969395659356 0.6451669968967282 0.6291591997519684 0.6345916182141802 0.7003289123780875 0.7213336196996206 0.6556703230651983 0.3298485783068457 0.7853993342351125 0.6536814716748743 0.6744950669012434 0.52207464785426 0.7118349460265073 0.5712955179051261 0.68385667581988 0.4165638651765809 0.6724460745326686 0.5640684261509181 0.5347853199981437 0.7870625943705589 0.8238037170395597 0.4376009005476047 0.5482904723010683 0.4089028279640932 0.536879215828883 
0.36936642394176 0.6607009317263609 0.4987972619735151 0.5129458813562432 0.692081811648263 0.5076705405876474 0.6451521972565957 0.5124827725546999 0.6265055077234408 0.6957084768705704 0.6266248521810195 0.5712146935009833 0.3279460715216942 0.7828028100010981 0.6531776114069686 0.6369256186082681 0.6261167732250743 0.6835056652271415 0.6075818865729621 0.6868493621692449 0.3623004563967533 0.6724602442119746 0.5836437606613655 0.7795075354429076 0.8375829436888786 0.7351309715935495 0.5059562280222407 0.5482904697533373 0.40889444269956415 0.5031429437899295 
0.3762533253758086 0.7347967283367155 0.48162180529276066 0.5224841340142532 0.680550104240159 0.7264020022118816 0.6483911130823796 0.5951540368799326 0.6734954047816695 0.7002342962273257 0.7244973635640609 0.6974375053223137 0.4651543123839577 0.6002643927058164 0.6918208527113502 0.6705562654304678 0.6330108514216373 0.5577253114619778 0.6394902733389614 0.6839067483519263 0.4103560408044605 0.7640054185590234 0.6828796136024715 0.7534049009731764 0.7958212878127225 0.7377072562709117 0.5506869861770848 0.7084952502005459 0.40876425725021653 0.47540340967555406 
0.37939656705081193 0.7102237710123201 0.4945444916168516 0.5224507203248968 0.6990844087583866 0.7270559915918172 0.6937834375536047 0.6150566289026262 0.6787112422390795 0.7033463085407977 0.7424064191344953 0.5647823379008101 0.33386285375780744 0.7592115888439325 0.6948817598333755 0.6721632800381334 0.6330998493118376 0.5593595058577276 0.6072401825263337 0.6852410182368376 0.41027551625434694 0.6745462018449117 0.6841989225321801 0.7164761351608573 0.7958011364048204 0.7425807253545963 0.5494922191255083 0.5543091128893531 0.38003855694785976 0.5591462186658989 
0.3822369429658471 0.8063545434656824 0.4955086419647647 0.5185778373373068 0.6923512093117212 0.5705190503490881 0.6454842579668677 0.6161107968506357 0.66390183211553 0.7011066686237474 0.6297970082518942 0.6818826758529113 0.3279448422484452 0.7828184654664527 0.6918483503058036 0.592294713241447 0.633882605980449 0.5529411508014342 0.5151864573969892 0.6849476805869537 0.4106414791380997 0.7515595843906463 0.6822438315412563 0.7024419328837077 0.7961619104809672 0.7426271862358638 0.5508649213849947 0.6717619630140119 0.38038164017558923 0.5591988342428363 
0.3839481090354873 0.7988779951568982 0.4955086419647647 0.5187011700360453 0.6923512093117212 0.5705190503490881 0.6528859107262802 0.6094114902667388 0.534520552359189 0.7053320462674881 0.6299659886192336 0.6824677398658392 0.3279448422484452 0.7828184654664527 0.6544804726972636 0.592294713241447 0.6415106217865778 0.5553360715259035 0.6130502396098945 0.684955418290831 0.4106005653238347 0.7515595843906463 0.6822438315412563 0.7805766819007851 0.7955920647792284 0.7189021819035774 0.5545914686574972 0.6717619630140119 0.37739312572796896 0.502680806879063 
0.38767865078764885 0.7348101646378168 0.4303448443459653 0.4871726833421391 0.5843480307573291 0.5906186965297674 0.6484089875327244 0.5982068636505503 0.5308156562355824 0.7002285796131248 0.7243002983489447 0.7094840700619349 0.32802119565453536 0.6697832983478409 0.418366961947089 0.5932492767964127 0.43393999545518436 0.5634154105473302 0.6641477896255786 0.6847521351343033 0.6009010190865536 0.7657117118026082 0.6215787649867311 0.7099365161497245 0.7853060393785319 0.8789024906552022 0.5512122683256777 0.7091571577674628 0.41053331195261267 0.5414288008029888 
0.38964786109848054 0.7294783147961187 0.48770960755468373 0.5187839105583019 0.6692533364416818 0.6351583098750445 0.6527595984806462 0.8475457617532333 0.5777511253581172 0.7017053462799268 0.7263813055348165 0.5600030076770128 0.32802084976915946 0.7783344028907169 0.6885628395701547 0.5789693040144487 0.6306021305955343 0.6632511035524783 0.6215021425065667 0.6852151744919268 0.4158885036482122 0.6743770874269472 0.5289523584060948 0.7164956984659896 0.7962160828813676 0.7425508184520574 0.5513644216659618 0.7327001074246713 0.4104678300459296 0.5025585310954758 
0.397095084733789 0.7176768993403031 0.49533783824296346 0.5081472556808689 0.5846881270305595 0.5865715751357383 0.6535339614866935 0.8430914729916666 0.6089434152998733 0.7049587826648644 0.7545244164448551 0.695332493666373 0.3297594036292053 0.6062116371830366 0.6529142382258472 0.6112879359970177 0.7268969664565207 0.6227970006432731 0.4998835674034142 0.6317441834499107 0.4209798920914273 0.4568939186400909 0.6934499000191989 0.7829236784631812 0.83936565680481 0.741020498421922 0.6596848038295811 0.5175647148802025 0.39089285315154637 0.5022166611958336 
0.3979343450398239 0.7176768993403031 0.49570076714121286 0.5081472556808689 0.5850024405705367 0.5865715751357383 0.6458420622385654 0.8430914729916666 0.5349804700604011 0.7052791769016576 0.7545244164448551 0.6961781297046045 0.3277296178809953 0.6708827495885564 0.6518705826460913 0.6279211950694545 0.7268969664565207 0.5549906358894086 0.4998835674034142 0.6054945278750494 0.4209798920914273 0.7515827091317979 0.6817463476785744 0.7456686207708673 0.8406888527645495 0.7189063354665746 0.6442669195085862 0.510040333394626 0.37747105494468236 0.5022093171583554 
0.40416191378969374 0.7334369538162611 0.47984986386106837 0.5184462509741811 0.5616400274366713 0.5903526230727772 0.6530825380850567 0.8567928290778842 0.6109309674180213 0.7543286001505094 0.724723057469475 0.6974819067758739 0.32988224730470184 0.6026298367853143 0.5153501601161095 0.6921468667294759 0.7253937493348086 0.6774437462403076 0.600801358416626 0.6839290943496794 0.4244752274210201 0.7529057215246004 0.683891782152134 0.7544349694886651 0.7966239142440925 0.7454078744419389 0.5506932153871082 0.5550016517313673 0.3800442213939033 0.47495997971570425 
0.40684343080517255 0.7089733398126253 0.5373738504726938 0.4868914040540403 0.5963400851541191 0.59065117918588 0.6377296616840946 0.8450896080298909 0.7962722675060212 0.7570361828104781 0.7044825745408214 0.695941912333911 0.3277411477354536 0.7673097407541796 0.51391565993996 0.5848818704073141 0.7097630197433159 0.6234667416427215 0.6086830627933129 0.6024095080453497 0.4115752564873969 0.7526939738157301 0.6845810034524824 0.6519854903087619 0.7966217673245308 0.7464041057280923 0.5295589121935131 0.5585757024286945 0.3805503016798583 0.4749606204747038 
0.4144040258291888 0.7089733398126253 0.5364719739172354 0.4868914040540403 0.7018178380030966 0.5923659969567385 0.6381066418143314 0.841123037353618 0.6873197916674527 0.7108913087573423 0.7419456319066264 0.7080634660849326 0.3277713185126155 0.6698984034505292 0.40713549954507616 0.5931831783005922 0.7267359426064665 0.7129465882282381 0.6799426396079558 0.6024095080453497 0.41157076549479715 0.7641359587373796 0.6007716898291346 0.6520933519587834 0.7867617120129724 0.8235474108168127 0.5293453522521743 0.5649040376182825 0.3805766190433054 0.5590756802676236 
0.4160928249619528 0.7089733398126253 0.5385238870396492 0.4827684582002136 0.6668161452851167 0.5117164231770902 0.63808296650085 0.8408242458436616 0.6827410862409119 0.7127032446218813 0.6539325415534405 0.7084669605405484 0.32775235689313587 0.7794554116859921 0.4182367784279589 0.5932015695758962 0.7083468321117008 0.6104650527469936 0.607350574529248 0.6801158590026215 0.42181910302673503 0.7603098622840646 0.6011940415096828 0.6521351679082259 0.7982864598319674 0.8227633700250148 0.5818141316963583 0.7256880734997118 0.4084318024994101 0.4753495091632189 
0.4187136137262828 0.7346986649520566 0.5383018587619943 0.5723417113713324 0.5867717027559691 0.5711095881852317 0.6543816627080429 0.8447295590667727 0.8003512200334953 0.7107163796066936 0.741172556587162 0.7081590837979462 0.34493489898482255 0.605906564413422 0.42705873275827344 0.700033945532633 0.7095372016170851 0.6811414709289395 0.45670324633443055 0.6309560552168088 0.412174897790532 0.7594042175699179 0.6511054148376655 0.6492489030990669 0.7973532800082036 0.7444528104755731 0.5283045227910116 0.5405551054351881 0.39100633921098094 0.474844559564945 
0.41987042210842884 0.7346986649520566 0.4836395843033855 0.482794795549512 0.5867717027559691 0.572174843847174 0.6535256383115223 0.8448711733662173 0.8003512200334953 0.7106822756984842 0.7512481125779841 0.7142180200243898 0.32973971980621897 0.605906564413422 0.6973576535595897 0.6118487612456074 0.6762364707673773 0.6811414709289395 0.4608636226027414 0.632688438037553 0.4114508403184501 0.7540601251564154 0.6852107331714781 0.6978511771546321 0.7967299534495325 0.7404637781675643 0.5283045227910116 0.5407400468483261 0.39100633921098094 0.4887459734537664 
0.4220409227485699 0.7347718363465395 0.48033203688784826 0.4869263889442327 0.6187853859986471 0.5721829456821672 0.6416237280665492 0.841387688531853 0.808096134594679 0.7130392623483256 0.7546936219072883 0.7081973112816611 0.32923437477909673 0.6052282219743736 0.5061680591284877 0.6119209937617793 0.7470229980130468 0.5965199426354867 0.46097838471342734 0.6326470714595227 0.41964010676059443 0.7540601264841015 0.7195183747300228 0.7011671421075696 0.7887738032854428 0.7404639840036964 0.5535685075871787 0.5404532721202098 0.41273031532442733 0.48805873992669946 
0.4269098634922202 0.7072683868232834 0.4600390165906073 0.5216650873206042 0.6372811571786138 0.5117515216483329 0.6417903546812316 0.8410174049702942 0.8115054867315721 0.7127101537784489 0.7416178490331131 0.7094867469764756 0.3294504508885977 0.6601469004679742 0.665351890151421 0.5846612030060668 0.7470229980130468 0.5976541410268723 0.6051276674011954 0.6312998670344985 0.420732975443427 0.7541044493024762 0.6315555882330582 0.7251996960659409 0.7894945214548184 0.8236563436621711 0.5470368724824208 0.5541412695015049 0.3919274936920511 0.474092196175052 
0.4276704765510373 0.7089733398126253 0.4627905782571219 0.4868914040540403 0.5963400851541191 0.5909195275770711 0.6380393381897643 0.8450896080298909 0.7962722675060212 0.7570361828104781 0.7024258759159375 0.695942007161457 0.3293718397920924 0.6585466919830231 0.51391565993996 0.5848818704073141 0.7097630197433159 0.6234667416427215 0.6086830627933129 0.6024095080453497 0.41183633557993427 0.7526939738157301 0.6845810034524824 0.7249419085547785 0.7894479691292872 0.8238255925006865 0.5472765592821032 0.5585757024286945 0.39184625478086343 0.4749606204747038 
0.4290281764496124 0.7054704767938027 0.43024964880855365 0.5016384030522524 0.6653115957959456 0.5131756617844476 0.6531691263942928 0.8410196586476919 0.627344376984707 0.6958416932746145 0.6267162655403401 0.5697941649639877 0.3295877094855919 0.6062749061409005 0.4139303548279549 0.577591295163584 0.727733841741582 0.6215647362852215 0.6739831588991392 0.6824102918169952 0.4218338444512717 0.7642959108672269 0.6055752940750275 0.55328062635485 0.7982890307909545 0.8240191199722443 0.54951840086456 0.7296010460661797 0.40889873799167736 0.47462045029510247 
0.43060633288494005 0.7098797565690975 0.46634096576237233 0.5721985773136488 0.6652866282312487 0.5131756617844476 0.6430252450446923 0.8418768818187611 0.6457125563189914 0.7127095650358012 0.7488832875180311 0.5604802904894984 0.32983485432497317 0.606180659464536 0.4169325180001841 0.6971254809745925 0.727733841741582 0.6207089417194229 0.5771820727356862 0.6824102918169952 0.4204800417811802 0.7593852967607234 0.6200852226951891 0.6514553066893595 0.7176717126061979 0.8240197416550039 0.4674567942017922 0.729827932546299 0.38902946769792285 0.4746196142743133 
0.43401730329250066 0.5824987964502321 0.5372544588201545 0.48222271187117566 0.695159503149917 0.5098497661623802 0.6544199905011631 0.8409420925315 0.6827410862409119 0.7109820053997772 0.7412102461038863 0.7082042811062039 0.3662068193271377 0.6082079364086915 0.41335152651021434 0.5931414979016583 0.7097630197433159 0.6203202593465654 0.45670268495816324 0.6807112753937867 0.4115416967917741 0.7640207108329206 0.6509344383771912 0.6493374281335735 0.7882559653971216 0.8218004893310017 0.5296290431413189 0.5487805929037531 0.40844383462122563 0.4745938687941747 
0.4405596835876781 0.7095252630850768 0.4958899590413197 0.5177797436413977 0.6690461286247141 0.5170866425505356 0.6597971176722008 0.8368084670534439 0.6761486791501286 0.7058598840413717 0.7420358379202601 0.7082042811062039 0.32777250029164234 0.6066544068196522 0.5061113991897176 0.5938353267103019 0.8210573294014701 0.6204300705026248 0.4654644072999987 0.6805374718261558 0.419808873367961 0.7586998230310574 0.7206973870913929 0.5596200422832367 0.7962827766050555 0.79235401818156 0.5539026304481437 0.547491341824697 0.40905105194980323 0.5425485962092401 
0.442975918315217 0.7347718363465395 0.4601776918091089 0.4867759379479215 0.6187933075817575 0.5721829456821672 0.6883936527246812 0.8411648881402389 0.8108725570343898 0.7132087657392847 0.7546936219072883 0.7094704605737147 0.36709128460604423 0.6068361174820124 0.5040207657986707 0.6119209937617793 0.7487918982423007 0.596426274879017 0.46097838471342734 0.6331703108852279 0.41162392440541484 0.7540601264841015 0.6500929398600316 0.7021717831806649 0.7882320823045329 0.7404639840036964 0.5535685075871787 0.5404532721202098 0.41273031532442733 0.48805873992669946 
0.4448922532785331 0.7072683868232834 0.46020151493996975 0.52232182931036 0.6386529940284049 0.5117515216483329 0.6417903546812316 0.8411648881402389 0.8045775615976274 0.7130392623483256 0.6329924532364303 0.7094867469764756 0.3466057039257597 0.6601469004679742 0.6653959506970744 0.5961472577801679 0.7470229980130468 0.5976541410268723 0.45752264830880296 0.6312998670344985 0.420732975443427 0.7541044493024762 0.6500929398600316 0.7251996960659409 0.7887738032854428 0.8236563169029641 0.547190705629943 0.5629317155444167 0.3919274936920511 0.5148481737433552 
0.4473670024118317 0.7033834970958204 0.45808829634101383 0.5222875297091923 0.665315410075888 0.5114962116004481 0.6428367103680751 0.8245178949323846 0.7211960838119688 0.712247286841408 0.6290067263451534 0.7095810679490768 0.3262515247143469 0.6520886838425461 0.5065844100071396 0.6098689884858197 0.6947744759064424 0.5977397844911302 0.4622506408575126 0.6312998670344985 0.4162280666569985 0.7530713443965887 0.689025983712869 0.7031133969002725 0.7894927516896375 0.8258166044094778 0.5535319957471054 0.5505683593356395 0.4126209593174355 0.48881591714677697 
0.45184389250707724 0.709447913972668 0.4803485741417217 0.5176600276858901 0.6694901284200757 0.5115754392204461 0.65390240025459 0.8367473310310107 0.6761486791501286 0.7061730980719338 0.7420358379202601 0.7082042811062039 0.32777250029164234 0.6066463684259433 0.5061113991897176 0.6102765930851133 0.7098812468051426 0.6204300705026248 0.4654644072999987 0.6854427061814387 0.4198144461971755 0.7586998230310574 0.7206973870913929 0.5596200422832367 0.7962827766050555 0.7923293545991477 0.5537634748616117 0.5475454236900439 0.40911817704618025 0.5425485962092401 
0.4538747580948051 0.5022151057439412 0.4765188404277417 0.5157069273601278 0.7250023082273673 0.5115410785226681 0.6539290767846594 0.5143399102003517 0.5388540754124045 0.7865241738386188 0.7416539780649479 0.6856057921125814 0.3273975103275811 0.6605484782987202 0.40905695781622275 0.5787809104487708 0.6964195308968808 0.6142703901966148 0.63953889182936 0.6612901261079198 0.44899394516641394 0.7550328367012966 0.694128192209061 0.6206449070123023 0.7981993301815888 0.7574212790118419 0.5528183265118874 0.673687879684936 0.40781539706249853 0.5638871034539795 
0.4625911829692363 0.7330285209501691 0.46059938967984604 0.5236898813724745 0.613527637178197 0.5114393012960232 0.6428362400072419 0.8418764904967648 0.6552769306047388 0.7130620634127467 0.6296798264854129 0.6982038462515743 0.346311858371295 0.6524511957729713 0.6998441053815584 0.5846614305443719 0.7452299950278083 0.5974345548475704 0.6139260661823942 0.658600392911975 0.44804999835375375 0.7995779841939958 0.6770374464268477 0.7259934194473323 0.7895348175007736 0.8221873595623514 0.46736216278134873 0.7164531372528611 0.3892040971053692 0.5163143523596349 
0.46403835160180273 0.7076039902547673 0.46059938967984604 0.5222782573417515 0.6138759887270859 0.51178524099196 0.6428362400072419 0.8418764904967648 0.6552769306047388 0.7130648679190894 0.6311897619990798 0.6982038462515743 0.32570604419028454 0.7621285915685133 0.6568344251687117 0.6089334650264518 0.7451642175594879 0.5974345548475704 0.6116175772599817 0.658600392911975 0.4149282155362358 0.7540075867384903 0.6772305832023822 0.7251114138997252 0.7440380426184027 0.8221873595623514 0.5472334805912046 0.5525832675240298 0.38915519623913114 0.5161834602632401 
0.46893237377457264 0.7076039902547673 0.5544269792421822 0.5222782573417515 0.8082467909625093 0.5097252141755899 0.6428362400072419 0.8418779316215124 0.6551428583684729 0.7130648679190894 0.629024542277256 0.7453784120323064 0.32570604419028454 0.7621285915685133 0.6568332239831222 0.6103637721730432 0.6963963966052181 0.5977317457088341 0.6064627757638789 0.658600392911975 0.4162448908094549 0.7540075867384903 0.6933035925874353 0.7261092334308283 0.7438470765088169 0.8205115453323698 0.5469574397117117 0.5524890114449916 0.38911147549944985 0.5166178514447065 
0.47008197348363656 0.7345964974474896 0.4793415498152661 0.5183353084655181 0.6696946381947297 0.5086891375522041 0.6542758026013932 0.49975241850599017 0.6754680305085625 0.7063106304890869 0.6399551928938292 0.7081190870188225 0.32777343104587414 0.582935292253935 0.6513116446996768 0.5786882996196834 0.7094125017374613 0.7099647338845435 0.6460119520765187 0.6584818897101119 0.44750967730371316 0.7505994531112853 0.6925912815570441 0.5631631418358882 0.7838934657564958 0.7897500417404856 0.5521264781350894 0.5475562487764559 0.392555447585204 0.501760641652161 
0.47888595714951737 0.7020799145398638 0.5557251803766697 0.5029682444933201 0.6697586325036873 0.5417497994569007 0.6642501314062005 0.8394943713236863 0.6657922369298667 0.7062647016227808 0.7440385012590615 0.7521677495904234 0.32739757983813605 0.659183531736264 0.6513062839497903 0.5782464673745135 0.6938691355215353 0.7110427076335029 0.6062909443868506 0.687500429391665 0.41457786576839023 0.6687108641154048 0.6932281699771274 0.5990756873190312 0.7862404285085414 0.7354984852744929 0.5501291025703196 0.5496138862099911 0.392555447585204 0.4895918634278878 
0.4804209241722933 0.7346172766599344 0.552500218366906 0.5183353084655181 0.6696948340047408 0.5086891375522041 0.6441415346399904 0.5067346127411896 0.6650416321962543 0.7063106304890869 0.6302428057314047 0.6714806458362443 0.3270207526034518 0.582935292253935 0.6533374593647221 0.5788427197041347 0.6945170309676924 0.7099647338845435 0.648691317880941 0.6584818897101119 0.44768747014574156 0.7505994531112853 0.6925912815570441 0.7178273636346071 0.7842836512902094 0.7354347776406032 0.5521264781350894 0.5475562347264074 0.392555447585204 0.501760641652161 
0.4833439604486847 0.5315574651002778 0.625843660121468 0.49158668260526756 0.7251406034182741 0.6273967926342799 0.6489480212009477 0.6309799537810468 0.6665184659940575 0.784477902792537 0.7458972381260952 0.688041124150854 0.32767339415661667 0.7331373308013938 0.6461236686697587 0.591874028023741 0.6689030153580433 0.7108563713374806 0.6063268801144279 0.6853613745251828 0.3503740901705858 0.7642631516627801 0.6280702394307109 0.6361895117785715 0.7864724815666304 0.7316556704555274 0.6209325773000718 0.6762539900778363 0.40906966135064693 0.4912279915338142 
0.4888089684578255 0.7209720129674284 0.6258506411863507 0.5325494121158062 0.6653343403781429 0.6803847413045501 0.7103346748087502 0.6033351246031218 0.6788963583456001 0.701366639085911 0.6275419255164505 0.7042160970714143 0.3256624587219858 0.6776214286518027 0.6565487083941621 0.6760617345061938 0.6959492952303891 0.5933141189967988 0.6055387730994933 0.6870249052686995 0.4162059872551136 0.7642470389507616 0.6260364795959893 0.7137086653549359 0.7862881296808614 0.8206843688735139 0.46389727372114176 0.5466062987020865 0.4086694449822404 0.5196411474927708 
0.4913185214541634 0.6531010297234068 0.6226092412452904 0.5223042334048935 0.5812065507437791 0.6258679117522487 0.6097855210431748 0.5938314568131131 0.6669336869963841 0.7024361968428835 0.7504291384004812 0.6945783235737248 0.3274025638538794 0.6775722055238841 0.6571060492101986 0.6478269878959051 0.6929538731833025 0.7111828895669694 0.6059108304974691 0.6886456623181076 0.4151646908138538 0.753630562656462 0.6277711857465099 0.7169441160870345 0.7862789457046117 0.7354984740591202 0.5158187017254782 0.6699641971505195 0.3865465808288783 0.48853553671425193 
0.49478316548077383 0.6531010297234068 0.6258570086050487 0.5223042334048935 0.5728023524285756 0.624047336204762 0.6104233045128433 0.6307812426444022 0.6347045444666735 0.7452379592193679 0.7504291384004812 0.6945783235737248 0.32740255601964285 0.6554394402620122 0.6456003869169396 0.6478269878959051 0.6929538731833025 0.7111998729296597 0.6461400517136417 0.6851146783714112 0.4151646908138538 0.7449915318553968 0.62498150882612 0.7148621666057942 0.7862789457046117 0.7354984740591202 0.5149885997411799 0.6763018429038069 0.4089447795254649 0.48853553671425193 
0.49956849855765306 0.710159007555491 0.6258784635238563 0.532535707670623 0.6645947189182874 0.7274485591861085 0.605963928896113 0.6143671680751882 0.6788419884812928 0.7014531105864308 0.7461479025876916 0.6945786737671703 0.32735864776049495 0.678819867537404 0.6513312982199471 0.6721632800381334 0.6472296557363734 0.7114819917828973 0.5642164371755046 0.6872251789686878 0.415169237162307 0.7640148115375334 0.6249815409720468 0.713241086721335 0.7862789221756802 0.7354984740591202 0.5495388581036306 0.640954369342836 0.4089464990674138 0.48954699199332524 
0.5026713979609725 0.7208211874384675 0.6258486873760575 0.521034858359952 0.7250225472757927 0.6741571536460023 0.6439176063155512 0.6239079390816805 0.6787980754591295 0.7012780966575973 0.7407045598802205 0.6926034235044718 0.3276751527612561 0.6799926091808074 0.6465413017659604 0.5920259519521726 0.6929432548134159 0.7115224630409893 0.6056288561544519 0.6840543730167403 0.415169237162307 0.8399978386294434 0.6247328875181759 0.7132393605773429 0.7862881296808614 0.7312926377902776 0.621786789552058 0.6696238675097804 0.4089731631581227 0.4891091627288002 
0.504883830323954 0.7176203273484046 0.625878210755377 0.5324587257748054 0.664594581893212 0.7254601011710075 0.6473390775152923 0.6143586388057991 0.678602029030635 0.7010957128963596 0.7434686276666334 0.6945786753599427 0.32741690893965564 0.6783671608671034 0.6512447631353789 0.6721632800381334 0.6463677408496621 0.7114819919438652 0.6366624456321625 0.6849309847310526 0.415169237162307 0.7640149399408548 0.6252283418872774 0.713241086721335 0.7862789476441401 0.7354980131948696 0.5495379148349165 0.6691018935860654 0.4089464990674138 0.4884608456978465 
0.5133303465527282 0.6535229936091648 0.6258785287246199 0.5208310957064959 0.6982473291048138 0.6270011030655653 0.605188397996076 0.61397220877382 0.6347290970320187 0.7426934424147477 0.7408986694564266 0.6951549605350607 0.46710486993171074 0.7506533361398793 0.654234208582909 0.6721631290681792 0.749216804641272 0.711481997237567 0.6409062053556102 0.6883885795476589 0.4151648441018832 0.7640059055729295 0.62498150882612 0.5842963704982528 0.777944575043904 0.7354984740591202 0.5160475392923407 0.6664854700940692 0.4085974057507294 0.4961512822856363 
0.5145727473553651 0.710159007555491 0.6258799991422761 0.5223310231677537 0.5750371981003876 0.6247685112280753 0.655856647777276 0.6150614202016778 0.6343990468854859 0.7033098223864012 0.750546267033251 0.7042242816252332 0.4653852007611549 0.7535206327117183 0.6345149020460404 0.6460600802924817 0.6925477047796625 0.7109040186981259 0.6430091258322427 0.6870299863757747 0.4151692374353224 0.7435604498398971 0.6276622410601652 0.5839668418706119 0.7780350973959416 0.735671158913993 0.5494659320609123 0.6699801228319414 0.3903993489062083 0.5428624807003506 
0.5161729419355124 0.710159007555491 0.6258788454325475 0.5223310231677537 0.5766896321425392 0.6256459864183964 0.7496457170804995 0.6150567656945204 0.6374619354745206 0.713503877186961 0.750546267033251 0.6882186391037334 0.4653852007611549 0.7557754771140912 0.6341619296285653 0.6732455600587562 0.6919670479515985 0.7144519228194687 0.5621146579841092 0.6872223260970131 0.41516493759651796 0.7435106096694598 0.6373673668231016 0.7198342941478204 0.7864756301116265 0.7247559143825877 0.5494664176653747 0.6707703251908014 0.38999057776637247 0.5428624807003506 
0.5205905764883239 0.7096961504378017 0.6257712167437431 0.52231228534513 0.668182848525332 0.7457576078506875 0.64596903688272 0.6236428990864364 0.6278680459890071 0.7294645472705655 0.6238099140479794 0.7046450198687813 0.4651577904062398 0.7629340448645908 0.6541366058052431 0.6470496309754381 0.75998033381639 0.714355277034642 0.6075468471729873 0.687189760317356 0.41516493954391487 0.7446647636250561 0.6293530565823826 0.7151889837944396 0.786173503350899 0.7355038753167334 0.5495428696106754 0.6618212237822897 0.39016630667304886 0.5419600313027367 
0.5275337935278158 0.710159007555491 0.6258785016179972 0.5223124738478111 0.6645947215779036 0.7264020022118816 0.6453767539115324 0.6150566289026262 0.6788646231716848 0.7010957128963596 0.7417928506416493 0.6945783199795404 0.4651543123839577 0.7576631178778903 0.6542342085845295 0.6721632800381334 0.692943241374503 0.711481997237567 0.6418056600279888 0.6871800912984813 0.4151648441018832 0.7640061086566113 0.6252228953679982 0.7159434707062291 0.7862789457046117 0.7354984740591202 0.549537911602537 0.6618212237822897 0.4089464990674138 0.5419870743624292 
