3.400490000025825E-10 0.5000000260890322 
0.006344202543845932 0.49365582874787883 
0.012657187403847501 0.48734283903677994 
0.018986369576522104 0.4810136594095803 
0.025309688516351698 0.4746903363969642 
0.03164091707502355 0.4683591136925427 
0.037981305475327035 0.4620187239076135 
0.04430203543414872 0.45569798916524046 
0.050635459613949545 0.4493645659819758 
0.0569605342444329 0.44303948926271886 
0.0632908203460695 0.4367092423206024 
0.06962177569954556 0.43037825049279166 
0.07594911764220186 0.4240509098244049 
0.08227759023498768 0.4177224428570747 
0.08860491646811519 0.411395111061419 
0.09494119414933937 0.4050588393252171 
0.10126157862135818 0.3987384546634834 
0.10759447329038944 0.3924055600065313 
0.1139235081014542 0.38607652489650574 
0.12025357587829964 0.37974645046906913 
0.12658312385628329 0.3734169103795309 
0.1329074639429408 0.36709256494222015 
0.1392340621321886 0.3607659666603797 
0.1455661628609326 0.3544338721962246 
0.15189739074809022 0.3481026314904763 
0.15822642707040735 0.3417735942907277 
0.16456005262683346 0.33543996496100886 
0.17088673433453025 0.3291132848217463 
0.17721434746183481 0.3227856722020357 
0.18354946522819482 0.3164505546549225 
0.18987119406328698 0.31012882525987834 
0.1961997629692947 0.3038002599703999 
0.20253229751117405 0.2974677253065736 
0.20886351922156304 0.29113650325663404 
0.21519033249240097 0.2848096903260573 
0.22151686185591296 0.27848316634872566 
0.22785066320646202 0.27214935883550617 
0.2341795460843788 0.2658204822095217 
0.2405057854494231 0.2594942364187286 
0.2468338177307025 0.25316620378910565 
0.25316606641417605 0.24683395542684186 
0.25948778044934734 0.2405122461353871 
0.2658240064766414 0.23417601431508253 
0.2721492409946388 0.22785078072687473 
0.27848107988536236 0.22151894150961235 
0.28481235979528513 0.21518766243568746 
0.2911393635720715 0.20886065806741871 
0.29746619207803715 0.20253383004275693 
0.3037989711397385 0.19620105760535667 
0.3101289888274456 0.18987103344749187 
0.3164550286496321 0.18354499454155024 
0.32278167260049323 0.1772183495143945 
0.32911397857506486 0.17088603918543935 
0.33544670007145233 0.1645533223018953 
0.3417695614235014 0.15823046266660631 
0.34809923717605135 0.15190078463467963 
0.3544348728352005 0.14556514919948474 
0.3607505770626838 0.13924944665718667 
0.36708130351650076 0.13291872512263475 
0.37341943776577813 0.12658059031011906 
0.3797390168122615 0.1202610118695954 
0.3860761201522589 0.11392390848576639 
0.39240255356041176 0.10759747443799185 
0.39873858189997874 0.10126144644214993 
0.4050647127218388 0.09493532805083534 
0.4113918960536303 0.08860813328157062 
0.4177255371993016 0.08227449623835102 
0.4240507041543005 0.07594933695024146 
0.4303772540289698 0.06962277393292964 
0.4367114692752744 0.06328856579791445 
0.4430343821628776 0.056965647832906 
0.44936904034133196 0.050630988913311206 
0.455696763773398 0.04430326573863926 
0.46202553595486623 0.037974492610639315 
0.46835446164297934 0.03164556031074838 
0.4746823261290138 0.02531770293156238 
0.48100845705349365 0.018991570624233123 
0.4873474323662481 0.012652590841809565 
0.49367142104153683 0.006328607873422489 
0.5000000267109023 4.5070399862561836E-10 
