6.800979640564364E-10 0.49999951862636643 0.5000000600534819 0.5000001145506678 0.5000001385573091 0.4999999996485507 
0.012688404293607755 0.4999994998143185 0.5000001946652666 0.500000098510424 0.5000001382202969 0.5000000011758385 
0.025314373469039166 0.4999994885783253 0.5000000524666004 0.4999999913938084 0.5000000420235113 0.4999999597654063 
0.03797273695168092 0.49999948912288267 0.5000000496252714 0.5000000975193644 0.5000001376564198 0.49999995969776817 
0.05061937451051046 0.4999995020408416 0.5000000495671646 0.4999999917070969 0.5000000424977424 0.5000000014037975 
0.06328183025599128 0.4999995020334399 0.5000002252183351 0.5000001056902956 0.500000041446998 0.49999999954374896 
0.07596260648664457 0.4999995020330865 0.5000002189135507 0.49999999129371436 0.500000039873574 0.5000000009821527 
0.0886040665090856 0.499999519317474 0.5000000600641804 0.5000001135123586 0.5000000395578366 0.5000000021039784 
0.10127091404365357 0.49999950039549196 0.500000044714511 0.4999999973973663 0.500000086952783 0.5000000061699802 
0.11392106313294635 0.4999995284730559 0.5000000450017481 0.49999999997129646 0.5000001168697336 0.5000000059306164 
0.12658162482724072 0.49999923936454954 0.5000002122099746 0.500000097448494 0.5000000390414832 0.5000000021802007 
0.1392435441048634 0.49999950065931287 0.5000000413914466 0.4999999893336403 0.500000118621156 0.5000000032472728 
0.151898226940146 0.49999952661715674 0.5000002146210942 0.4999999860768061 0.5000000882951643 0.5000000032268268 
0.16455516957903546 0.4999995264353847 0.5000003202960169 0.49999998605876644 0.5000000898024972 0.500000003256495 
0.1772098231792226 0.49999952639337236 0.5000002156628582 0.4999999861252387 0.5000000881741375 0.5000000032320965 
0.18988237558622212 0.4999995264353847 0.5000003261901234 0.49999998579433075 0.5000000901225038 0.500000002966561 
0.20252314376081484 0.4999995264353847 0.5000003233120582 0.4999999856259084 0.5000000898024972 0.5000000031240195 
0.21518893225052124 0.4999995264737984 0.5000003232854864 0.49999998245362476 0.5000000902235371 0.5000000029660053 
0.22784700116593598 0.4999995265811003 0.5000003189764738 0.4999999861247333 0.5000000899788446 0.5000000031347055 
0.24050713908313873 0.4999996040668854 0.5000003189142425 0.49999998604587537 0.5000000902534034 0.5000000031265293 
0.2531662303778625 0.49999952027328304 0.5000003286700893 0.4999999861333425 0.5000000913382158 0.5000000029609235 
0.26581491252966855 0.49999951949009624 0.5000002303307507 0.4999999858970952 0.500000091489149 0.500000002963632 
0.2784681082287532 0.4999996020240365 0.5000003456104445 0.4999999860444647 0.5000001163869734 0.5000000031279321 
0.2911323053093232 0.4999995201964729 0.5000003288117219 0.49999998612765 0.5000001284229216 0.5000000031258977 
0.30379476798426014 0.4999996052613577 0.5000002362643036 0.49999997651949357 0.5000001140580915 0.5000000030716438 
0.31645284062123097 0.4999996358583529 0.5000002574150769 0.4999999773387137 0.5000001301319713 0.5000000038268682 
0.3291200936766423 0.4999996353582102 0.5000001776652486 0.499999976549916 0.5000001140457454 0.5000000051947113 
0.34177345557484684 0.4999996052565376 0.5000001722981261 0.4999999773388264 0.5000000892088179 0.5000000038064415 
0.35442868098479025 0.4999996052565781 0.5000001724330375 0.4999999765432479 0.5000001140846295 0.5000000037985973 
0.367098915858248 0.4999996047524455 0.5000001763572126 0.4999999777468108 0.5000001163548816 0.5000000003782793 
0.37974237345092465 0.4999996033298012 0.5000001727870277 0.4999999775474767 0.5000000893225792 0.4999999996050659 
0.3923995079355397 0.49999960487412476 0.5000002493792617 0.499999977181099 0.5000001160798541 0.5000000000642079 
0.4050645765370255 0.4999995998974303 0.500000250017386 0.49999998637632587 0.5000000910828812 0.49999999838647324 
0.4177270196636255 0.4999996049154504 0.5000002511704652 0.4999999871935807 0.500000091059945 0.49999999847622406 
0.43038064534355636 0.4999995998974303 0.5000002500334425 0.49999998634451615 0.5000000910866866 0.5000000001196764 
0.44303369872061515 0.49999959980121517 0.5000003421785756 0.4999999874123253 0.5000000906877379 0.5000000001756091 
0.4557013063238166 0.4999995998456192 0.5000002314276556 0.49999998246119154 0.5000000902109668 0.49999996697556387 
0.46835906566534796 0.49999959987391973 0.500000342154469 0.49999998660543804 0.5000000903208726 0.49999996799233665 
0.4810115498611791 0.49999960270288946 0.5000002323986522 0.4999999880677358 0.5000000910928974 0.49999996588118867 
0.4936676142141403 0.49999960252843056 0.5000002225075997 0.49999996747675207 0.5000000903066542 0.4999999650058287 
0.5063321107107347 0.4999996023427168 0.5000002309044266 0.49999996765298244 0.5000000905782591 0.5000000220160663 
0.5189755333050412 0.4999996023712437 0.5000003172263624 0.49999996745787284 0.5000000905258155 0.4999999649556267 
0.5316479908455263 0.49999960258176207 0.5000002215214662 0.5000000040564289 0.5000000486007196 0.49999996585430323 
0.5442984583433049 0.49999960257894815 0.5000002282924203 0.49999998626155295 0.500000092295377 0.4999999652848404 
0.5569621359383431 0.4999995980816671 0.5000002294045502 0.49999998635091847 0.5000000481212031 0.49999999969044523 
0.5696246942639484 0.49999959478968103 0.5000002213554939 0.5000000034563149 0.5000001091357579 0.4999999959271952 
0.5822787019437144 0.49999959604593824 0.5000002294042427 0.4999999678596522 0.5000000478910382 0.49999999666648354 
0.594932357835322 0.4999995962506239 0.500000229419349 0.4999999868764821 0.5000000904578211 0.49999999603623796 
0.6075979073485577 0.4999995160974574 0.5000002209190949 0.5000000031002753 0.5000000900435415 0.4999999959076124 
0.6202579500224771 0.49999959431157454 0.50000022152025 0.5000000026275603 0.5000001090870901 0.4999999959238168 
0.6329100279434005 0.4999996038317588 0.5000002757863399 0.5000000006729145 0.5000000428446928 0.4999999963050179 
0.6455633166478659 0.49999959667370125 0.5000002221338811 0.5000000036393298 0.5000001091404392 0.499999995926277 
0.6582279337692097 0.49999959472619554 0.5000000422662448 0.4999999637693083 0.5000001114481022 0.4999999903102664 
0.6708933701226435 0.4999995277682974 0.5000000399876283 0.499999997341745 0.5000000432564773 0.4999999902755783 
0.6835390899139422 0.4999996039067192 0.5000002717762084 0.49999998602543244 0.5000001121707289 0.5000000207558218 
0.6961984439829088 0.4999995975102755 0.5000002377235355 0.4999999858133705 0.5000000463679665 0.49999999611008716 
0.7088697144309589 0.4999995961931198 0.5000002421751353 0.4999999955546071 0.5000000374202219 0.4999999959905988 
0.7215011198975414 0.4999995984357237 0.5000002768448917 0.5000000006863469 0.5000000467486075 0.49999998868922246 
0.7341625649814392 0.49999952054057784 0.5000002420085677 0.49999999530624234 0.5000000377943629 0.4999999886877642 
0.7468388335952156 0.4999995273340081 0.5000002419717201 0.4999999953481882 0.5000000470616996 0.499999988830513 
0.759477990058045 0.49999952059799413 0.5000002427425012 0.49999999530654166 0.5000000393650125 0.4999999882075055 
0.7721521960786896 0.499999520540663 0.5000002421164773 0.5000000005670613 0.5000000372453964 0.4999999886885936 
0.7848050631742457 0.49999952765836286 0.5000002419716976 0.5000000008060049 0.5000000377122896 0.4999999785596811 
0.7974771185955593 0.4999995240159169 0.5000002418060546 0.49999999994399064 0.5000000379184382 0.49999997651471806 
0.8101293593813969 0.49999940608328114 0.5000002414639423 0.49999999958716335 0.5000000395409635 0.5000000172821433 
0.8227837438342077 0.4999995299983262 0.5000002726220667 0.5000000000021871 0.5000000397548431 0.5000000165064742 
0.8354510185275613 0.49999953006107245 0.5000003404190044 0.4999999999956412 0.5000000397524426 0.5000000177382284 
0.8481013385869669 0.4999994053283268 0.5000002417449454 0.49999995982521694 0.5000000479999769 0.5000000165061745 
0.8607544599212803 0.49999954697656745 0.5000002405757781 0.5000000254769806 0.5000001379311564 0.5000000197177622 
0.8734228772830978 0.4999995284671653 0.5000003373700852 0.5000000005424069 0.5000001368241126 0.5000000174034763 
0.8860687111691046 0.4999995210469174 0.5000002416892186 0.5000000277831405 0.5000001220501773 0.5000000170002128 
0.8987380280981433 0.49999952760321287 0.5000002401624907 0.49999999495560316 0.5000001219685021 0.5000000228674414 
0.9113934737526397 0.4999995268815656 0.5000002364659739 0.49999999503216735 0.50000013624911 0.5000000228501926 
0.9240510191177634 0.4999995206318047 0.5000002393812983 0.4999999943356733 0.5000000368051398 0.49999997173867095 
0.9367088821574552 0.499999597600484 0.5000002425412168 0.49999999404789996 0.5000000314332305 0.5000000234553499 
0.9493645970798632 0.4999995275769062 0.5000002364659739 0.5000000039946142 0.500000122142049 0.500000016174951 
0.9620168608541076 0.49999959763143337 0.500000341581999 0.499999994148209 0.5000000376580614 0.5000000161464918 
0.974694819490949 0.4999995956865468 0.5000002381373784 0.4999999941703723 0.5000001217092582 0.49999999863231814 
0.9873427849851207 0.499999604227675 0.5000003436508876 0.49999999697968084 0.5000001334349894 0.5000000166048487 
0.999999999098592 0.49999952695059335 0.5000002251981523 0.5000000036646419 0.4999999936933741 0.5000000228489928 
