0.015747929310848188 1.0134672262744866 
0.03361924179855991 1.008627644846019 
0.035671074438863026 1.0084512793784115 
0.0647499569724416 1.002141427510992 
0.10259448166217379 0.9952297758579897 
0.10587033392754266 0.9939037563839046 
0.12588841692512256 0.9927340088820658 
0.15841873480606644 0.9915555298926245 
0.1690663967915627 0.9895716061252181 
0.18467295066574158 0.9836428140003368 
0.19605710371383497 0.9802734688430951 
0.2000236421581134 0.9776668877495533 
0.20434712413563394 0.97713656915895 
0.20882541926527878 0.9764607255744282 
0.22604813589631026 0.9688559466682122 
0.2429158904049241 0.9651232362729789 
0.2507253587432794 0.9566608743814109 
0.25695409146829085 0.9546100830479276 
0.2673175650655361 0.9491575387648352 
0.2706770703021817 0.9469474081173002 
0.2750338734483626 0.9433947726508597 
0.2915642035803121 0.936064927614301 
0.3066202345688462 0.9300795493692422 
0.31876236195491897 0.9204325156194657 
0.3196539533353006 0.9203292818285111 
0.32178898169998527 0.9183351082470173 
0.3319360499329035 0.9120889761253825 
0.33402610140847855 0.9102584336435006 
0.33658321533604385 0.9089966186902431 
0.340756624138398 0.9061420083642526 
0.35260660055111775 0.8984768935481382 
0.35513720703334917 0.8974073877207702 
0.362983467470204 0.8926259915811853 
0.36751653794905703 0.8875444211488073 
0.3742539855887756 0.8836677510287403 
0.37745771162723735 0.8818705539757515 
0.393061485555404 0.8691824111576678 
0.39588717837420895 0.8676125949420521 
0.41643065763683557 0.8531628707532006 
0.4168877754631031 0.8524147032649464 
0.42335189910767146 0.8468637750947832 
0.42394771280800136 0.8421101096046405 
0.4419249198216206 0.8270449404048159 
0.44246955391622317 0.8267415812944807 
0.450699602928484 0.8195546494062014 
0.4514815570668009 0.8193203734732367 
0.45845155378756075 0.8128499128573513 
0.4597510659014273 0.8116715248232149 
0.4692146254088049 0.8036024899487284 
0.46982755330182036 0.8030320482539848 
0.47089455265017216 0.8015542515108578 
0.4784684549948779 0.7825974758080729 
0.4930931586847309 0.7814841195457253 
0.49464052450024953 0.7670973130387884 
0.5157480740154929 0.7475027925530824 
0.524048348862205 0.7389828668325882 
0.5291096673356024 0.7389226588681983 
0.537033086146938 0.7368130898560764 
0.546886168407049 0.724904072499698 
0.5469708374192046 0.7248175465694647 
0.552412107036897 0.7220535396259633 
0.5580326714147061 0.7128147425940057 
0.55972294417046 0.7117014467350555 
0.569786054630667 0.7087822386649375 
0.572572031941923 0.6989247614311036 
0.8929160839008523 0.21704615304330765 
0.9084814662998555 0.21108398845027176 
0.9156444896736223 0.19869954802639145 
0.9206494361676124 0.16347772937253569 
0.9207251535750915 0.16282776823378864 
0.9391436600602968 0.15619946146815744 
0.9399330240608407 0.12622652562226877 
0.9401520480559012 0.12484387935230834 
0.9563610035063997 0.09426698648654386 
0.9630414828119449 0.08321515120357592 
0.9640372174649993 0.08277498035976782 
0.9698823598982862 0.06832273229633401 
0.9766750370659271 0.05795006918726231 
0.9773642029100627 0.056247098747639335 
0.9853174545059408 0.0381143597708814 
0.9987785355087402 0.014579569910102008 
1.0003239173300926 0.0099650411092147 
