0.002275525022234784 0.5000192462156866 0.49988064337961124 0.5001482085039725 0.49989286075260947 0.49978024364008716 0.5000196610908482 0.5000202394731083 0.5001017280393435 0.500024161486088 0.5000413194894706 0.4995962990400326 0.4999207264684113 0.49996760423656894 0.49971274178719244 0.4994154606150554 0.49972125005899376 0.49994624827608564 0.49981298472473507 0.5000188902717364 0.5006251040499056 0.499565998372703 0.49986831198435744 0.60005838828927 0.5000015623032843 0.49949547230693686 0.5000429678446646 0.49988680172329664 0.49983624674712407 0.4998093155546305 
0.02439641203248244 0.4999950150022931 0.4999542401579867 0.500098261169688 0.5000585510334854 0.5002548501072197 0.5000467382095822 0.49998915646380254 0.49997334145656736 0.49992952367225574 0.500047479932545 0.49962706671590046 0.5003536402523793 0.500059059530094 0.49970950806169395 0.4994184964697322 0.4996162783482385 0.4999616792979567 0.4998083470575076 0.5001380756506917 0.5006348318757609 0.4983709547310571 0.49985990161909805 0.5001647741735598 0.5000510593630522 0.49944584923726826 0.5000433500531468 0.4998339704390212 0.49959494116216935 0.4997160846186552 
0.02651666171209771 0.4999950150022931 0.49990705766298826 0.5001285079885895 0.5000560043498702 0.49977401013218986 0.5000182790048544 0.5000036600904226 0.500090306565909 0.4999311972114371 0.5000414702691304 0.4996170417566031 0.4999585615984987 0.49996617478435973 0.49970936819424006 0.4994185038963741 0.49971503994242283 0.499961692221179 0.4998117814512837 0.4998702570961303 0.499963289444457 0.4983010452759193 0.49986410172393714 0.4993529998063224 0.49997953949884666 0.49951051498465626 0.5000467278598665 0.49988605003527004 0.4995725289981948 0.4997279152183236 
0.059114057649644204 0.49999846847977103 0.49993853569741836 0.5001476972267314 0.5000560571119478 0.5002826240374216 0.5000114943525551 0.5001011972941566 0.5000881526497201 0.4999388564132107 0.5000416887688276 0.4996171125256679 0.49994387921950995 0.49998896313119623 0.4997095124132882 0.4994166208581577 0.49971928969042245 0.49994580572977804 0.4998767167394821 0.5001398546721778 0.4994249536622895 0.49914862440885444 0.4998595735926046 0.49935375290118916 0.5000599217111363 0.4994910965129351 0.5000427964598764 0.4998954350464393 0.49957356047020024 0.4997159067738834 
0.09779988775859107 0.4999972266018341 0.4999384099675892 0.500127107169664 0.5000560571119478 0.5002826240374216 0.5000114943525551 0.5001099773043877 0.5000882647406859 0.49992977357582674 0.5000416923403731 0.4996171125256679 0.49994387921950995 0.5000558497839137 0.49970950602336117 0.4994166208581577 0.49971886827789747 0.49994580572977804 0.49987843642505947 0.5001398546721778 0.49942546503447993 0.49930920804489176 0.4998595735926046 0.49935375290118916 0.499980752793278 0.4994912924382913 0.5000427964598764 0.4998861003137529 0.499891410545261 0.4997279110192416 
0.10163658261747857 0.499994159016796 0.49990705766298826 0.5001188548992868 0.5000583025430521 0.49977401013218986 0.5000438922269673 0.5000035528341744 0.49997317886681525 0.4999298189223741 0.5000411620664771 0.4999878416905942 0.49998192631105476 0.5000307434322561 0.49970859354349934 0.49941671176012786 0.49961675390723653 0.499961588475968 0.49982182472197073 0.5001415386731293 0.5006276537605593 0.5007121265255433 0.4998644648128692 0.5001995736804976 0.5000007084200434 0.4995190773346973 0.5000427650194434 0.49988418702625004 0.4996115478797456 0.4997279152183236 
0.11899467529459154 0.5000457260972286 0.49987980576870433 0.5001180321396136 0.5000560202895377 0.4997716857890498 0.5000098797767102 0.5000551004340321 0.4999984975559494 0.4999321528804824 0.5000412533131449 0.4996152983912175 0.4999799666903798 0.5002478659962121 0.4997124451488593 0.49941671855524283 0.49972043266121774 0.4999342174154548 0.5000396768438473 0.5000297087906305 0.5006271854141799 0.4989635162020585 0.4998593113717637 0.5008177356472205 0.4999993009795075 0.49952276454720745 0.5000413536969704 0.499890747549112 0.4995448743464239 0.49972840793969203 
0.14564944429112764 0.5000460606775784 0.4999115120597628 0.5001191768034277 0.5000677147445066 0.4998537001053012 0.5000373191699692 0.4999929931516452 0.5000895274308512 0.4998498313119202 0.5000411507404405 0.4996136961655189 0.4999841148994887 0.5002537137905636 0.49971270679261987 0.4994281654145458 0.4996224769656004 0.49993789791278515 0.5000380593520413 0.4998794874140353 0.4996985319177374 0.500156354097438 0.4998579633561041 0.600052114391831 0.5000096413009355 0.499674695190486 0.5000421133527478 0.4998914422521652 0.49955993991659975 0.4997241463450079 
0.1553585207093478 0.5000144427951982 0.4998807073284481 0.5001168132291757 0.500112877434802 0.49986046418760977 0.5000469952471087 0.5000466440951042 0.5000028878561933 0.5000580867056257 0.5000528505753105 0.4996115237853901 0.5003380515138127 0.49997432188873864 0.4997087747880696 0.4994278091210785 0.4996992529594553 0.499966504343782 0.5000687962783813 0.5001158814679239 0.5007276092787541 0.49957077142591405 0.4998595643983305 0.6000520175549461 0.5000241087146102 0.5002028972059696 0.5000752696880444 0.4998917127839488 0.4996167050180409 0.49973244065962635 
0.1715877728677055 0.5000475040224153 0.499877918088634 0.500117472612865 0.5001119490122213 0.4998582099141969 0.5000485200740906 0.5000391147384113 0.5000034758968779 0.5000583915382855 0.5000403613040196 0.499611524643267 0.4998989629575894 0.5000288619890069 0.4997121061413318 0.49942788371930774 0.4996989815609256 0.4999669457164971 0.49986374428521996 0.5001222182272368 0.49965528198456427 0.49956949254728134 0.49986083609267384 0.6000523138515444 0.5000084280915259 0.49952001223314874 0.5000482691399951 0.4998910357433788 0.49962871407285214 0.4997201972331042 
0.18248343193863678 0.5000144427951982 0.49987863833956486 0.5001168132291757 0.5001126914668549 0.49986046418760977 0.5000469942845205 0.5000466440951042 0.5000026752002363 0.5000437716241222 0.5000528505753105 0.4995895296135713 0.5003380515138127 0.49997370121184836 0.49971215094794624 0.4994278091210785 0.49970561887928516 0.49996734956375416 0.4998615197939618 0.5001295856921756 0.5007276092787541 0.500283641450938 0.4998595643983305 0.6000520175549461 0.4999713806046261 0.5002028972059696 0.5000752696880444 0.49989165782019296 0.4996167050180409 0.4997197280502615 
0.18728215050920682 0.5000460606775784 0.4999116199111829 0.5001192381132861 0.5001119024343051 0.4998537001053012 0.5000373191699692 0.5000431435601057 0.5000902267077652 0.5000269428251536 0.5000411507404405 0.4996140706301842 0.4999841148994887 0.5002212595679618 0.49971215368816757 0.4994281654145458 0.4996224769656004 0.4999378892978838 0.5000359382787414 0.4998752932139556 0.4996985319177374 0.500156354097438 0.49985953436676483 0.600052114391831 0.5000096413009355 0.49966135452625565 0.5000758380440564 0.4998914418306602 0.49955993991659975 0.4997241463450079 
0.19080428123795234 0.5000069395475734 0.4998379310869788 0.5001268580499123 0.500067069795642 0.4998144602287051 0.5000108366443397 0.5000461223300959 0.4999884833056783 0.4999264279794294 0.5000399932589855 0.4996316099026158 0.4999012951165027 0.4999840357398459 0.4997094349007207 0.4994163964111706 0.4996208229208161 0.49993905271350914 0.5000477211606484 0.5000329486848177 0.5006602125315983 0.49966665988587133 0.4998701023276246 0.6000495642591775 0.4999450254798928 0.49963757064518827 0.5000722632219429 0.4998846237204777 0.49958348979578787 0.49971014729734653 
0.1945247970309272 0.5000144491446405 0.4999506556416776 0.5001196326194995 0.5000727237619148 0.4998579726570193 0.5000117746273852 0.5000436350388806 0.500001662692442 0.49992095069743336 0.5000539621142506 0.49958852943139326 0.500348114127711 0.49997509688868036 0.49971217702985016 0.49941678251345567 0.49970378412392263 0.49993835246842344 0.5000401403775967 0.5001587860305695 0.5006229691460188 0.5003005081139291 0.5001934602312943 0.6000521469180918 0.499976562968802 0.5003081750601976 0.5000752110922916 0.49988860040966343 0.4998186769048871 0.49921165845471677 
0.21217426886127957 0.5000467424754275 0.4998951225304539 0.500117472612865 0.5000682630307348 0.4998582225174842 0.500045473336354 0.49999391973797175 0.5000193603166881 0.5000583098197496 0.5000526526215883 0.4996115246686721 0.4999234446729527 0.49997372521482397 0.49970981977829276 0.4994278844381997 0.4996235982869103 0.4999461127525499 0.5000329525327398 0.5001222180991205 0.5007640772228168 0.4995707330976343 0.4998596422039307 0.6000521844203787 0.5000084280915259 0.49955657118422503 0.5000482924761012 0.4998910357433788 0.49970039274266426 0.49972563935672065 
0.22649339579375746 0.5001602821508553 0.49993876999832604 0.50010293182 0.5000676382088206 0.49994356197226797 0.5000117194967276 0.5000394726315589 0.5000404222804635 0.4999377198385085 0.5000399927761835 0.4996319899928056 0.49990197918038354 0.500029255449009 0.4997121714665681 0.4994154637852728 0.499698582329366 0.49994174886843096 0.49987516945564137 0.5001414520603611 0.5006529577783764 0.501347281318702 0.49987019354318163 0.600052281825364 0.5000620266037311 0.5003344980647552 0.5000772673392722 0.49989106427316593 0.49984844102236814 0.4997290375712459 
0.23760726973225288 0.5000489980550828 0.4998427632506369 0.5001184495928513 0.5000663423896129 0.49984415035928753 0.5000290003765275 0.5000577423898402 0.5000413773052949 0.4999294518617717 0.5000384774722155 0.49962790088462394 0.499873381562912 0.4999569305373543 0.4997124804636716 0.4994163266447816 0.49969960318276524 0.4999674029997859 0.5000311994638358 0.5001583522346207 0.5007255123892472 0.5003315124757259 0.4998702710760099 0.6000522067710273 0.4999726188411112 0.5001359160633139 0.500075216067503 0.4998913229035652 0.4998406780903166 0.4997232722028522 
0.24319849866665044 0.5000189888017752 0.4999151071955558 0.5001191972717689 0.5000686623946359 0.4998260988375412 0.5000285524145213 0.5000477425355631 0.5000005783547099 0.49993675309238456 0.5000537649000338 0.499628095640031 0.49990552046538317 0.49997123260554255 0.49970946732970584 0.49942771630166627 0.49962388355772663 0.499938072748834 0.49988252808271255 0.5001419650143064 0.5006336546479313 0.5003970768454897 0.49986661882222383 0.6000520645894035 0.49994346691547153 0.500161025023117 0.5000235854450228 0.49956085627223645 0.4995471177531269 0.4997114935117657 
0.2537639062071763 0.500004759690945 0.4998399729041796 0.5001520077020528 0.5000671812968719 0.49980652069840287 0.5000109833049136 0.500057799860145 0.4999703870702027 0.4999299630398585 0.5000501358811222 0.49962903948243453 0.4998913635679443 0.499985037926888 0.4997096241703648 0.4994162448925856 0.49962049287176796 0.4999395302473791 0.5001050974143623 0.5000256326923639 0.5006593553517427 0.499655210495073 0.4998600169776087 0.6000509292937064 0.5000543169643962 0.5001806500343642 0.5000747343101366 0.4995307608899007 0.49969338866469903 0.4998367841471652 
0.25744944529973846 0.5000144251649052 0.4998399867023919 0.5001519486628302 0.5000671805122255 0.4998066272252295 0.5000109813066359 0.5000421871873552 0.49996237825057144 0.499919947492576 0.5000387124291266 0.49964009539929444 0.4999025395828483 0.5000235844067665 0.4997096233417695 0.4994270525509853 0.4996169808749453 0.4999389250490967 0.5000477211606484 0.5000330315790339 0.5006601655017059 0.49966665988587133 0.4998701456710103 0.6000519804380999 0.5000607130066043 0.49963757064518827 0.5000489829771474 0.499885437801369 0.49985577512960355 0.49971138513523544 
0.26265267376277057 0.5001620210260739 0.49990908539422263 0.5001192359047595 0.5000727155330734 0.4998471335811939 0.5000091660419761 0.5000436155792314 0.5000889900569773 0.4999205343086065 0.5000411029404098 0.4996136676064409 0.49998095943557747 0.49998287007124353 0.4997124982547042 0.4994282159517665 0.4996224769656004 0.49993789791278515 0.5000380593520413 0.5001587683694181 0.4996985319177374 0.4997691984230564 0.49985341728727717 0.600052114391831 0.5000096413009355 0.5002812066192064 0.5000406344967374 0.4998914479824499 0.49981189346763044 0.4997237392868527 
0.2781383398638131 0.5000133604282407 0.49983468316229407 0.5001512114929828 0.5000672531942516 0.49981479122550293 0.5000302718054914 0.5000407074046955 0.5000785756809899 0.4999367237534441 0.5000406447567344 0.4996396429834159 0.49990087460104554 0.4999838497927571 0.49970956144612044 0.4994267330806063 0.49971200874560784 0.499937476716362 0.5000471929737734 0.50003754106243 0.5006417917528257 0.4995419398097908 0.4998696649888597 0.6000519804380999 0.4999450254798928 0.50018389836445 0.5000722641736507 0.49988469964946036 0.4995501013147263 0.4997112746429355 
0.29154323015208966 0.5001673866561276 0.4998347456574831 0.5001517273667353 0.5000671825697757 0.4998144602287051 0.500048083645558 0.5000423275032662 0.5000801946156651 0.4999368014008852 0.5000404080558378 0.4996283801449808 0.4999025521013525 0.5000215144876362 0.49970962312223033 0.4994277052290397 0.4997024825422663 0.4999379286779336 0.5000400161190387 0.50003754106243 0.5006602125315983 0.49989374986752516 0.4998701133265656 0.6000519684614778 0.4999450254798928 0.500158457464888 0.49911752556195177 0.4995368874273954 0.49954709097512456 0.4997104238179177 
0.30518932328704734 0.5000145078679259 0.4998379310869788 0.5001268325522418 0.5000671292404956 0.5002847224122295 0.5000108366443397 0.500042207807749 0.5000753545415372 0.49993787781455795 0.5000387016757222 0.4996403107622038 0.4999007295936 0.5000875396964173 0.4997092587863953 0.49942697903224065 0.49962044331330596 0.4999388243170009 0.5000477215200387 0.5000308069394839 0.5006446289161537 0.49965566127865 0.4998701023276246 0.6000489899607016 0.49993742132393226 0.4996376167796628 0.5000722143108739 0.499891232589406 0.49958348979578787 0.49972918065042765 
0.30580684503594874 0.500265559939913 0.49996975301327673 0.5001269105046001 0.5000671287353782 0.5002959468631722 0.5000108366443397 0.500043133071399 0.4999639865370852 0.4999356292827635 0.5000387020116627 0.4996397145177286 0.4999017118029937 0.4999834129489219 0.49970930632438965 0.4993871800517318 0.49962195715154967 0.4999665910320116 0.4998891624788324 0.5000302953931499 0.5006446845129265 0.49966651299087866 0.49987609264259636 0.6000519804380999 0.4999367411157311 0.4996375535661989 0.5000760463911699 0.49988520665036484 0.49953708634981336 0.49971054739505427 
0.30836493828775624 0.5000145075395318 0.4998399867023919 0.5001278054938078 0.5000671379398939 0.4998066272252295 0.5000101950893991 0.5000421638409518 0.4999633859886523 0.4999201628032628 0.5000387126333623 0.49964032607184494 0.49989042225597785 0.5000977680512804 0.4997128840510595 0.49941570586748285 0.49961677198366916 0.4999389250490967 0.5000477211520731 0.5000330315790339 0.5006602169092412 0.49955061452973365 0.4998701341225895 0.6000519804380999 0.4999349977233624 0.49963757064518827 0.5000722641260392 0.4998854103884311 0.4998936882411079 0.4997134219830794 
0.3184418573164015 0.500004759690945 0.4998323527107767 0.5001268335476111 0.5000668751147689 0.49982024093307054 0.5000116680230924 0.5000577306420009 0.49997040626419553 0.4999299630398585 0.5000501358811222 0.49962903948243453 0.4998913635679443 0.49998507384221264 0.49970951303536254 0.49941628572440117 0.4996204368042312 0.4999633500405751 0.5001053003612644 0.5000258675374246 0.5006450581271874 0.49965522798634865 0.49986004842359494 0.6000509292937064 0.5000543169643962 0.5001806500343642 0.5000747343101366 0.4995307608899007 0.49969338866469903 0.49983546386698685 
0.32083352012754573 0.5000130687334471 0.4998328253075813 0.5001281218268179 0.5000665306034379 0.5002667834245204 0.5000111311037887 0.5000577306420009 0.4999781255171593 0.4999299577848771 0.5000501358811222 0.49962903948243453 0.4998954770260051 0.4999500253766377 0.49970951341741304 0.4994163759110669 0.4996203824427306 0.49994167731638506 0.500075676858032 0.5000229918287175 0.5006451731699878 0.5004755259931686 0.49985868321196214 0.600051054175245 0.4999682524364997 0.5001649938195385 0.5000747225001504 0.4998870135325611 0.49988909766326334 0.49983750897002743 
0.3231564836929858 0.5000063968415177 0.4998328253075813 0.500154756401721 0.5000664402178345 0.5002977222792145 0.5000111242896174 0.500009385592842 0.49997794653181005 0.4999241990829048 0.500038664867504 0.4996302244828281 0.4998971373831829 0.4999490233354839 0.49970951341741304 0.4994270084472543 0.4996203824427306 0.4999416819643107 0.49989026799687364 0.500030794768155 0.5006445822150597 0.49974650895695655 0.49985868321196214 0.6000510326115543 0.4999682524364997 0.5001649938195385 0.5000749300986592 0.4998370267024537 0.49953090352181445 0.49973304462458784 
0.32741441598158383 0.5000063968415177 0.4998386537258199 0.5001280422788924 0.5000664402178345 0.5002977222792145 0.5000103692630539 0.5000095821306217 0.5001377056623446 0.4999241990829048 0.500038664867504 0.4996302244828281 0.4998971373831829 0.4999490233354839 0.49970951341741304 0.49941653709185246 0.4996280558131206 0.4999416819643107 0.500074569149673 0.5001393425991284 0.5006638867297372 0.4997430032613418 0.4998231637165791 0.6001426125999673 0.499968256033475 0.5001436142905876 0.5000720876649549 0.4998370267024537 0.49969737321185165 0.49973304462458784 
0.33912436921053574 0.5000134799941254 0.4998385650672512 0.5001278209644451 0.5000670219693566 0.4998630411561079 0.5000109564489655 0.5000588715360644 0.5000484724407611 0.49993019645810965 0.5000503421484762 0.49963947170761797 0.5003470387203379 0.4999806849714451 0.49970952157413645 0.49942674092667017 0.4997013695748048 0.4999374496113945 0.5000475192878295 0.5000269479866009 0.5006602125315983 0.4995643919680209 0.49987013400104996 0.6000488544335845 0.5000562505533779 0.49963757064518827 0.5000723576263648 0.49988466837518736 0.4996928371544403 0.49983544797906393 
0.34126679437178487 0.500004990162611 0.49983861171226773 0.5001268445267449 0.5000740207654247 0.49981436024724346 0.5000101360872949 0.5000540972060953 0.49997048788378945 0.499929966367119 0.5000397982374911 0.499640055784127 0.5003522984049914 0.5000977958961128 0.4997094486762582 0.49941588926180097 0.4996238074908856 0.4999633149549657 0.5000744836541842 0.5001377278953939 0.5006450012225939 0.5004914020030896 0.49985942674823064 0.6000509327824293 0.5000562505533779 0.4996659501180751 0.5000721505101375 0.4998845137118936 0.49959281403329175 0.49983537958963836 
0.348738755972071 0.5002853833867865 0.4999647691941703 0.5001272506025339 0.5000530764427619 0.5002660834752111 0.5000109829523066 0.5000428385365642 0.5000773112515592 0.499929838047268 0.5000463050255263 0.49963141755225465 0.499901702285493 0.5000859322893648 0.4997120171268642 0.4994251926143438 0.499725299733406 0.4999650413289608 0.4998893477263819 0.49997208276178906 0.5006595088007896 0.5008000518837962 0.4998578961344489 0.6000510316452795 0.4999880024581073 0.4996357281398941 0.5000721081674219 0.4998906554479694 0.4998329842148185 0.49984114754477443 
0.3543840569675032 0.5002773203540588 0.4999647691941703 0.5001272088507603 0.5000671484273755 0.500166288843655 0.5000152319669885 0.5000421938395602 0.5000773112515592 0.49993770447802777 0.5000465903571025 0.49963141755225465 0.499901702285493 0.5000843894680201 0.4997120171268642 0.49938712382796047 0.499725299733406 0.4999664129706925 0.5000356168322523 0.49997208276178906 0.5006595472694718 0.5001745054281542 0.4998699300727812 0.6000519033611521 0.49994442918034016 0.4996357281398941 0.5000791844773983 0.4998912387617169 0.4998329842148185 0.49971050909881315 
0.3605732011630593 0.5000039454811422 0.4998352148821265 0.5001499953920094 0.5000667028345692 0.5002671254052211 0.5000111435349315 0.5000089266304688 0.4999787579434033 0.4999237919802652 0.500050378255346 0.4996404777562784 0.5004083792123671 0.5000043027289085 0.49970951254981655 0.4994167046155527 0.49962038371644707 0.49994173902884664 0.5000719465693424 0.49996984582778065 0.5006439793456806 0.4996574152039205 0.499858055021153 0.6000511080106714 0.49996854736921237 0.49967686326562516 0.5000753384672159 0.4998846799497416 0.4996179379666261 0.49984249112781687 
0.3634738893860577 0.500005108982895 0.49983531448244906 0.5001521926349556 0.5000671934330069 0.5001537404124817 0.5000115635723599 0.50005418208381 0.5000728664230844 0.4999368012502554 0.5000396175389913 0.49963993845402427 0.5004229658910254 0.5000875197260635 0.49970946160216945 0.49942758707501 0.49962044428200914 0.4999388214528252 0.5000374029882834 0.4999700122677463 0.5006440012888105 0.49967836584647823 0.4998701327821351 0.6000490870991965 0.5000611063413728 0.4996252502178491 0.5000722372182766 0.4995742552543501 0.49969938477780046 0.4997116961949548 
0.37970396975217535 0.5000133185489004 0.4998413905612115 0.5001281218268179 0.5000665306034379 0.5002713083704822 0.5000111140895372 0.5000429001711375 0.4999818928252894 0.49992983812829145 0.5000461569028184 0.49962903948243453 0.500351355757014 0.5000838682519594 0.4997095812463871 0.49941637630780705 0.49972569645792386 0.49996507383198785 0.4998871387400272 0.4999704259998701 0.5006591263835903 0.5004922356551201 0.49985949708623323 0.6000510557910563 0.4999875440663709 0.5001649938195385 0.5000721341392055 0.4998906422119458 0.49988909766326334 0.4998361323813327 
0.3821987210556116 0.5000129942420007 0.49983861171226773 0.5001281192094399 0.5000751309388398 0.49984987028088207 0.5000103577179292 0.5000548552567791 0.5001340059851302 0.4999350248207617 0.5000397982374911 0.49963998024868056 0.5003522984049914 0.49996001663332423 0.49970945017804536 0.4994164411537521 0.49962808094689354 0.4999657407556377 0.5000744830484453 0.5001377368099592 0.5006639634744396 0.5004914020030896 0.49982124728746985 0.6000509326138954 0.49998827410022406 0.5001443225184383 0.5000720577017754 0.4998845137118936 0.49969625717200644 0.4997316455300266 
0.40181360983500075 0.5000053796857483 0.49983843178093174 0.5001282718274025 0.5000741881644032 0.5001730376223525 0.5000151405384547 0.500001225995696 0.49998265378787665 0.49992359541427234 0.5000397968049383 0.49964304811832405 0.49989195880041604 0.5000968780591992 0.4997094477168784 0.49941798121986525 0.4997259453913831 0.499966680242644 0.5000746023660992 0.5001373945549216 0.4996237697413403 0.5010127487379349 0.49985957985355806 0.6000509328053164 0.5000586969509379 0.4996564707144724 0.5000791389443684 0.4998851520328007 0.499594566277434 0.4997171481840134 
0.4024816187591616 0.5000035062022212 0.4999647691941703 0.5001272088507603 0.5000742244588078 0.5001651041778832 0.5000151413745622 0.5000440444731314 0.5000747897162835 0.4999242179179091 0.5000463527280147 0.49964316994809493 0.4998915756611558 0.5000843894680201 0.4997120171268642 0.4994251926143438 0.49972529615657 0.4999663461565675 0.4998890835036128 0.49997208276178906 0.5006595088007896 0.5008000518837962 0.49982556196794753 0.6000494880264008 0.49998824927603386 0.49963470268146465 0.5000791894659694 0.4998906554479694 0.49958247932922173 0.49972218215727354 
0.4091139224612548 0.5001706188945739 0.4998951575433797 0.500168723949587 0.5000533915623584 0.5002642194409301 0.5000095847665407 0.5000803694691508 0.500140907479555 0.4999305528369575 0.500056710295928 0.5000561149514091 0.49989141448923335 0.49995974350453276 0.4997094414462402 0.4994281389068126 0.4995471770652916 0.49996792631024417 0.49989233387225607 0.5000128731872112 0.5006632294615943 0.5008129957625717 0.49982343361469256 0.6000492685053641 0.499988156480071 0.500194836091083 0.5000800150011275 0.49989064790472776 0.49969677062532586 0.49980816255860055 
0.41205131610198387 0.5001635245774536 0.49995875960405045 0.5001702158422716 0.5000671493890234 0.49993841832984687 0.500048527200644 0.4999882078782258 0.4999984963837635 0.49993578518228565 0.5000410793296968 0.49964472658491654 0.49990171171126535 0.49996247341192646 0.49971219721335497 0.4994153092364876 0.499721264698408 0.49996672938708736 0.5000393737478753 0.5000194428215726 0.4998948768644911 0.49969866595632917 0.4998597684047146 0.6000504429190231 0.499969878536972 0.5001809566708719 0.5000742368271501 0.4998929084326456 0.4998280743956899 0.4998150764255969 
0.4299892361833037 0.5001636267184182 0.4999560402480272 0.500171401917955 0.5000531596081587 0.4999442534426669 0.5000321679380242 0.5000576602558626 0.4999984963837635 0.4999378053896303 0.5000567772355438 0.49961282637877136 0.4999025940298041 0.4999602373278768 0.49971225588194707 0.4994166403433996 0.4997010022078282 0.49996736911743683 0.5000398075763767 0.5000193128858279 0.4998951837241746 0.4997169078058345 0.499863343858208 0.6000504770457104 0.49997153447427434 0.5001651810235246 0.5000810829841299 0.4998910729934286 0.4998325298844361 0.4998098114521776 
0.4304450400865934 0.5001636267184182 0.4999559810957464 0.500171401917955 0.500053075749643 0.49997058788320675 0.5000321679380242 0.5000566450175944 0.4999984963837635 0.4999378053896303 0.5000567772355438 0.5000595060643342 0.4999025940298041 0.49996023727705385 0.4997122782312423 0.4994163174099085 0.4995574564822647 0.4999652766328125 0.49987951697453464 0.5000193128858279 0.4998951837241746 0.4997169078058345 0.499863343858208 0.6000504768605239 0.4999715344257286 0.5001919613530458 0.5000810829841299 0.4998910729934286 0.49969561845638355 0.4998107031360954 
0.43869321587102283 0.5001670162710784 0.49995875960405045 0.5001425571439433 0.500067234020363 0.49993841832984687 0.500048527200644 0.4999882078782258 0.4999984963837635 0.49993578518228565 0.5000410793296968 0.49964553358012564 0.4999016885156794 0.5000265300822883 0.49971219721335497 0.49941530235748643 0.49971441766119024 0.49996672938708736 0.5000393737478753 0.5000096335238309 0.49989485258312294 0.49966051967804476 0.4998597684047146 0.6000504429190231 0.4999713939330612 0.5001809566708719 0.5000742368271501 0.4998929084326456 0.49983059131913765 0.4997324877365152 
0.4392343603135291 0.5001670332544261 0.4998764429404433 0.500118191573115 0.5000670885819546 0.49993841832984687 0.5000479627720138 0.4999882078782258 0.5000534942006215 0.49993578518228565 0.5000410291779088 0.49964553358012564 0.5003542285235373 0.5000216197713219 0.49971219721335497 0.4994267188135442 0.4997029726328219 0.4999457061781186 0.500039546347961 0.5001315259592055 0.49989485258312294 0.49966051967804476 0.49986965241749765 0.6000504429190231 0.5000522846993012 0.5001822025335012 0.500072263485068 0.49984035521655407 0.49983059131913765 0.4997950804970636 
0.44636232011329013 0.5001705604600685 0.4998893687416612 0.5001092135654035 0.5000539780893258 0.49984981586283656 0.500009584646791 0.4999948199667712 0.4999984963837635 0.49993029528235583 0.5000537664672892 0.49964712886404183 0.49989143476670417 0.4999597494803885 0.49971225425255983 0.4994281418934657 0.4997019819361793 0.4999679105024957 0.5000395394698739 0.5000108241140622 0.49985218039089213 0.5004177342505505 0.49986346552188043 0.6000504316092762 0.49998814893646204 0.5001436283599879 0.50007999766308 0.4998856450131753 0.4998183122545239 0.4998098114521776 
0.447670586795967 0.5001670332544261 0.49988888282610283 0.5001425571439433 0.5000672241477563 0.49993841832984687 0.5000470178003874 0.4999882861509896 0.4999984963837635 0.49993578518228565 0.5000537664672892 0.49964712886404183 0.4999016885156794 0.5000236608051171 0.4997121972117313 0.499427829187091 0.499702556547593 0.49996672938708736 0.5000395394698739 0.5000105635489143 0.49989579116335925 0.5004177342505505 0.49986965241749765 0.6000504429190231 0.4999715343597264 0.5001822025335012 0.5000742380281586 0.49984081588525986 0.4998326138684736 0.4998098114521776 
0.4568762383192909 0.5001636624155493 0.4999562585855072 0.5001687234483795 0.5000528447026675 0.5003217937891822 0.5000338414592456 0.5000803694691508 0.49997966345932726 0.4999250065285044 0.5000550530907246 0.5000565611877397 0.49983677998438497 0.49996024606524136 0.49970947746553573 0.4994281389068126 0.4995471964381235 0.499965304551069 0.49988168655030407 0.5000174007579552 0.4999427996864964 0.4997195004630392 0.4998695760661293 0.6000504433577096 0.4999713941891254 0.5001912396349175 0.5000810697940546 0.49984296354454005 0.4996958191053335 0.49973023794476734 
0.45749438904248185 0.5001636624155493 0.49995598337162905 0.5001687234483795 0.5000530779358364 0.5003357576504598 0.5000335974685756 0.5000803694691508 0.49997966345932726 0.49992421077209515 0.5000569080881416 0.5000565611877397 0.49983681776332745 0.49996024606524136 0.49970958197310544 0.4994281389068126 0.4995471964381235 0.49996529500071674 0.4998808136842347 0.5000174007579552 0.4999427996864964 0.4997195004630392 0.49987214012849995 0.6000504943406744 0.4999713758458494 0.5001912396349175 0.5000810697940546 0.4998906483106135 0.4996941265126689 0.49973023794476734 
0.45882235118885 0.5000238078880794 0.49995689653861813 0.5001042049878722 0.5000682060482662 0.4999432673590486 0.5000328082726997 0.4999881857443522 0.4999984963837635 0.4999378053896303 0.5000538128545866 0.4996453796035945 0.4999016885156794 0.5000259964383768 0.4997121975638639 0.499427829187091 0.4997020481865281 0.49996736911743683 0.5000398075763767 0.4999738894603764 0.49993492715784943 0.5004894364547932 0.49987022319222624 0.6000504770399465 0.4999715344700507 0.5001747006510133 0.5000743033151074 0.4998907376696706 0.4998310959796698 0.4998098114521776 
0.4725589849396308 0.5001577270735384 0.49988618545326136 0.5001683391820914 0.5000681918440018 0.5000246670090417 0.5000470178003874 0.4999882861509896 0.4999984921643105 0.49993578518228565 0.5000537664672892 0.49963850207493044 0.4999009457803718 0.5000259251901167 0.4997121990805112 0.499427829187091 0.499702556547593 0.49996672938708736 0.5000395375254426 0.5000105962691964 0.49989579116335925 0.5004177342505505 0.49986965241749765 0.49862353563228995 0.49997401391728874 0.5001822025335012 0.5000741082274883 0.49984081588525986 0.4998326138684736 0.49971654627356693 
0.48061666268680425 0.50016415811232 0.4999636591283412 0.50016449678005 0.500067222280713 0.4999421879735612 0.5000314578623681 0.5000092934505328 0.5000006417618348 0.4999358119794517 0.5000536717155302 0.5000462032400063 0.4999017975074922 0.4999732456887075 0.4997131169855157 0.49941784008744683 0.4997122749919388 0.49996634923144123 0.5000386464633627 0.5000103621958193 0.4999104972522216 0.5007463798237426 0.4998700396138158 0.6000505351045029 0.49997418277047156 0.5000562201268964 0.500074129128451 0.49989045189240994 0.49985331249813725 0.49982355910740134 
0.48870784939812284 0.5001577270735384 0.49988618545326136 0.5001683391820914 0.5000681867934466 0.500025700139125 0.5000470178003874 0.5000435408057265 0.4999984921643105 0.49993575039256377 0.5000401271762821 0.49962836042021025 0.4999009457803718 0.5000259251901167 0.49971223500208417 0.4994278280988502 0.499702556547593 0.4999668831588303 0.5000395416210139 0.5000377243105694 0.49989579116335925 0.5004209665230933 0.49986965267092254 0.49862353563228995 0.49997401391728874 0.5001822025335012 0.5000722647135065 0.49984081588525986 0.4998326138684736 0.49971644166554074 
0.5090814047748629 0.5001722502715326 0.4999385837667535 0.5001656177881124 0.5000690084893077 0.5000262596497719 0.5000316311665912 0.49999087576296897 0.49999836323516467 0.4999377211946871 0.500055223169097 0.5000506531151055 0.4999008204722564 0.4999605840164725 0.49971180779773794 0.4994270285791209 0.49970204829129766 0.49996641069333897 0.5000398120253516 0.5000254600189973 0.4999351547667326 0.5002075994110995 0.4998583360352143 0.49838054661266823 0.4999714041213887 0.5000526999099452 0.5000741053318808 0.49988787006942986 0.4998193681461926 0.49979530970105535 
0.5173816796215749 0.5001722502715326 0.4999385837667535 0.5001656177881124 0.5000690084893077 0.5000262596497719 0.5000316311665912 0.49999087576296897 0.49999836323516467 0.4999377211946871 0.500055223169097 0.5000506531151055 0.4999008204722564 0.4999605840164725 0.49971180779773794 0.4994270285791209 0.49970204829129766 0.49996641069333897 0.5000398120253516 0.5000254600189973 0.4999351547667326 0.5002075994110995 0.4998583360352143 0.49838054661266823 0.4999714041213887 0.5000526999099452 0.5000741053318808 0.49988787006942986 0.4998193681461926 0.49979530970105535 
0.5198955870418325 0.5000342747642466 0.4999670016937419 0.50016532427171 0.500069049755406 0.5000248467197415 0.5000471027533658 0.4999881387993217 0.5000028101782262 0.49993591373665985 0.5000537498191081 0.4996462187139491 0.4999017204688615 0.4999607965590971 0.4997122072658473 0.49942703601925514 0.4997057596461236 0.499966738511701 0.5007300267421766 0.5000095946071808 0.4999361838230897 0.49934701112298585 0.4998696760504577 0.4983800536828218 0.4999714059751781 0.4994638460245466 0.5000809515109607 0.4998880313211043 0.4998138452299891 0.4997955337909425 
0.5248024181718453 0.5000253383914858 0.49996699901895336 0.5001669534424262 0.5000690497396227 0.49993290020517794 0.5000304347827099 0.4999887296271337 0.5000026928534612 0.4999389760877792 0.5000407263181449 0.5000517828359878 0.49991851245853197 0.49996058362141227 0.4997118559438149 0.49942708986084944 0.4997019831790404 0.4999673601176383 0.5000397895092852 0.5000097371014663 0.4999433407622912 0.4993496586499925 0.499869692011902 0.6000378546073635 0.4999739891300418 0.500185204873543 0.5000810576593556 0.49988797318716033 0.4998368094599782 0.49979637106411723 
0.5353656822144295 0.5000210400943055 0.4999678018321705 0.500108210348687 0.5000690084774396 0.4999333851623363 0.5000316182097544 0.4999881840325138 0.4999986911143066 0.4999388417949074 0.500037812211038 0.5000762490210592 0.49990088715278 0.4999606474920965 0.49971181792114755 0.49942704236932567 0.499705768899123 0.4999663921566906 0.5000398118739797 0.5000171202232121 0.4999351692266894 0.5002550549526069 0.499869668840186 0.6000495426859064 0.4999714044912521 0.5001853468762242 0.5000743775461751 0.49988801120429033 0.4998148210022474 0.49979531463049676 
0.5354483525747384 0.5000210163505813 0.49996780182903505 0.5001015266305923 0.50006900848756 0.4999333856736031 0.5000304823020967 0.4999881840325138 0.4999992594995259 0.4999388417622292 0.5000551367269004 0.500051595919467 0.49990088715278 0.4999605836137627 0.49971182697107475 0.4994281768569199 0.499705768899123 0.499966466163149 0.5000398118739797 0.5000254434065792 0.4999351692019737 0.5002614715287442 0.499869668840186 0.6000496088124129 0.49997140449945476 0.500185411526809 0.5000811025472685 0.49988797869820567 0.49981263280889876 0.4997959068041334 
0.5394029860506144 0.5000213767361404 0.49984355977993156 0.5001046275177699 0.5000663419630038 0.4998209033321807 0.5000290003741273 0.5000577100962368 0.4999998930767838 0.4999310545797745 0.5000398279147038 0.49962790088462394 0.5003260094793507 0.4999580845343617 0.4997124771980314 0.4994270353352336 0.4997054696203795 0.499967361614421 0.5000250156305571 0.5000096177390333 0.500659656518586 0.5003425841235328 0.4998542317775253 0.6000498875668037 0.49996952768263575 0.5001702169302835 0.5000809372292424 0.49989088158682404 0.4998395811498501 0.49980115490908983 
0.5465266020606931 0.5000143506858785 0.4999674882513059 0.5001003064324696 0.5000690139404717 0.4999333202343242 0.5000304036964807 0.4999881840390475 0.4999991739644722 0.4999378439323256 0.5000550520179456 0.5000605362246521 0.49990075177790627 0.4999607291266419 0.4997118256618634 0.49942700503682913 0.4997019394835631 0.49996734216036837 0.5000398118099366 0.5000092394775718 0.4999349806208614 0.5002592544875261 0.49987019633714397 0.6000504702696593 0.4999714045958213 0.5001747321930324 0.5000742373911942 0.499890720272322 0.4998126297406937 0.49980950348547687 
0.5478652095739244 0.5000210160095919 0.4998415425193593 0.5001043032084782 0.50006900848756 0.49993337614108835 0.5000288742421424 0.5000598653272207 0.4999992594995259 0.4999388417609578 0.5000551541863866 0.49962063240564974 0.49990088715278 0.49996063100341065 0.49971182697107475 0.49942816203628654 0.499705768899123 0.49996646623751617 0.500039803793309 0.5000254290180397 0.49993516823313056 0.5002624647717816 0.499869668840186 0.6000496088123681 0.49997140449945476 0.5001854115223607 0.5000811025472685 0.4998881113110875 0.49981262016303646 0.4997959068041334 
0.5540416576045415 0.5000188035778482 0.4999680048454718 0.5001051590189877 0.500068976131244 0.49993254837797263 0.5000110229997891 0.49998796148295344 0.4999986855329333 0.49993872513583765 0.5000375885437831 0.49962853178614486 0.49988507933975557 0.49996397208696985 0.4985686079123558 0.4994274149032256 0.4997057691589627 0.4999664639504894 0.5000410880233337 0.5000172494220387 0.49989536193516476 0.499689295575711 0.49986992355433596 0.600052046132203 0.49997176288333495 0.5001881773979392 0.5000746574150651 0.49988795905397476 0.4998111336563357 0.4997959946192683 
0.5600222971762525 0.5000193258811917 0.49996820682721804 0.5001039623037795 0.5000690175961932 0.49993488813630454 0.5000289905176292 0.49998495556990874 0.49999917484784984 0.49993101930248063 0.5000550524864502 0.49962548378002747 0.4998990930479516 0.4999607280913574 0.4997124657410848 0.49942702749392137 0.499701960827952 0.49996734095373035 0.5000395401436528 0.500025531418038 0.5006198033481795 0.5002628193426636 0.4998534969777689 0.6000496032579923 0.49997241397254344 0.500174903720282 0.5000742294676684 0.4998881128119916 0.49981275180566936 0.49980147197867925 
0.8877571584602058 0.5000270330490506 0.49993046620217607 0.5001482453071007 0.500057532161948 0.49978020863403244 0.5000476280115597 0.5000009016167928 0.49998588056627324 0.4999326403953611 0.5000374766859935 0.49964365666870997 0.49984543005625376 0.5002147463663069 0.49971259498749415 0.49941545961109174 0.499702423250322 0.499966537235771 0.5000309149627276 0.5000277718539661 0.5006262311999857 0.4998341226488616 0.49985750986530536 0.501096376302006 0.5000015623032843 0.5001260013896119 0.5000432904328415 0.4998867597367791 0.4996784154196054 0.4998088616359072 
0.8954918408394883 0.5000266565347412 0.5000240832401095 0.5001482453071007 0.500057532161948 0.49978020863403244 0.5000476280115597 0.5000580441764098 0.49998459911641857 0.4999326403953611 0.5000374766859935 0.4996430719382251 0.5003279629874902 0.5002147463663069 0.49971259498749415 0.4994154403058614 0.499702423250322 0.4999665338690656 0.5000305441494644 0.5000196650520614 0.500627412314984 0.499795471878423 0.49986831198435744 0.6000495830341107 0.5000015623032843 0.5001260013896119 0.5000432904328415 0.4998867597367791 0.4996784154196054 0.4998088616359072 
0.9024781430194307 0.5000193929359407 0.500021719142486 0.5001101436616026 0.5000533430017085 0.4997800224771571 0.5000101548213408 0.500044846959639 0.49999844029013074 0.4999310553446554 0.5000397544336843 0.499624221111921 0.5003281678727858 0.4999597650178842 0.4997094118467428 0.49941673656541125 0.4997006240834493 0.4999672607186195 0.500039626648495 0.5000252945919494 0.5006924948463142 0.5003814495972355 0.4998571177764288 0.6000504463541053 0.49996738905748134 0.5001447361639508 0.5000788917655392 0.4998909835355462 0.4998339326955641 0.4997954001871071 
0.9167468746374833 0.5000148997228387 0.5000100700021761 0.5001470983308338 0.5000559977992939 0.4998234824320424 0.5000327491438659 0.5000597161005023 0.49998604816357856 0.499929973135222 0.5000377318860434 0.499593111060677 0.49978695507546467 0.499959009952336 0.49971305299850266 0.49942837463022777 0.4997023395587228 0.4999673078155753 0.500071526613402 0.500021098421233 0.5006692854771975 0.49979629145842974 0.4998591915369073 0.5005763909682847 0.5000654854831242 0.4994912860290461 0.5000441134781165 0.49989080173189177 0.49981643260918085 0.49980068248359333 
0.9170029588329387 0.5000112730831185 0.5000196439777642 0.5001468379018591 0.500057483332826 0.49980797026633816 0.500044909581218 0.5000460884900392 0.49998584750404373 0.4999311209943808 0.5000376913092734 0.4996451855816806 0.5003185246497917 0.4999570217464901 0.4997130440695214 0.4994163104643918 0.49970241296429607 0.4999673068030418 0.5000249805020072 0.5000211469172989 0.5006595341517118 0.49979693189503943 0.4998542289072877 0.5006828622726138 0.5000668831017777 0.500121273864177 0.5000756468095083 0.4998867099251047 0.49983219997244555 0.4998011082843186 
0.9258135216753064 0.5000157815148983 0.5000100549896456 0.5001495984448097 0.5000574822137713 0.49982879298920996 0.5000469249562084 0.49999420637146924 0.49998565157263103 0.49993267145140435 0.5000397487331272 0.49959222489267846 0.5003303928928007 0.4999582468210767 0.499709430210884 0.49941663171054684 0.49970257668070794 0.49996701018395173 0.49978236748311644 0.5000212822982508 0.5006699944476164 0.5002026931186281 0.49985913705174895 0.6000495304758454 0.5000671762173796 0.5001404540295267 0.5000431240974591 0.4998868433097903 0.49956392851912457 0.4998081660392445 
0.936560649063788 0.5000148958224735 0.49991269936311583 0.5001470525500451 0.500055931001896 0.4998234824320424 0.5000327491438659 0.5000593432565434 0.49998604816357856 0.4999299746853433 0.5000477126783287 0.49959122443771703 0.49978695507546467 0.499959009952336 0.49971305299850266 0.49942837463022777 0.4997023395587228 0.4999408673036208 0.500071526613402 0.5000288322060249 0.5006692854771975 0.49979629145842974 0.4998591915369073 0.5002262489285603 0.5000646051141163 0.4994912860290461 0.5000440861862598 0.49989080173189177 0.49981643260918085 0.49980068248359333 
0.9371180079254428 0.5000146982868509 0.49990747562653465 0.5001518307677353 0.5000538623497621 0.4998159958601301 0.500046910421514 0.5000038603716486 0.49997877998325835 0.49992383544408614 0.5000385068071518 0.4999752543073022 0.499795811964224 0.4999856937780549 0.4997093670835195 0.49941687469297025 0.49970247479126545 0.49994131172895245 0.5000719411395504 0.5000189438311987 0.5006564457609103 0.5001826975244767 0.49986147748641113 0.5002128184539362 0.49995748212804497 0.4994930395765879 0.5000750922561364 0.49988564525229295 0.49985649079575345 0.49974220721301416 
0.953304516273123 0.5000146982868509 0.4999074750925302 0.50013950846006 0.5000538623497621 0.49977544713605204 0.500046910421514 0.5000038606547895 0.49997876396559005 0.49992383544408614 0.5000385068071518 0.4999752543073022 0.49979466418696467 0.4999857022607752 0.4997093670835195 0.49941687469297025 0.49970247479126545 0.4999679841597761 0.5000719411395504 0.5000189438311987 0.5006564457677295 0.5001826975244767 0.49986135580390434 0.5002128184539362 0.49995748650672933 0.4994930395765879 0.5000746657511244 0.49988564525229295 0.49985649079575345 0.4997414920363751 
0.9593924529092128 0.5000148926541141 0.49990644260852624 0.500126665205519 0.5000541333778824 0.4997742043558487 0.5000469105567902 0.49998950572636697 0.4999787705270456 0.49993304112743336 0.5000478783730314 0.4999803249352009 0.4998208260821746 0.4999855082106657 0.49970939059025793 0.4994154085356505 0.4996194260322607 0.49996526012228454 0.500040871398565 0.5000303952587519 0.5006564458222825 0.5005938404964544 0.49985650130468395 0.5002128184539362 0.49997099642538895 0.49953355167867397 0.5000445450283806 0.49988509709865386 0.4998179952412739 0.49981115158920786 
0.9598843231931876 0.5000149761709015 0.4999071548259936 0.5001267992685972 0.500054180633744 0.4998013800214866 0.5000469105080542 0.5000038810155546 0.4999785232605006 0.49993008365130687 0.5000474858637615 0.4999667364756625 0.5003578724711808 0.4999849822458232 0.4997093682765358 0.4994164009912133 0.49961942815037313 0.49996672199894693 0.5000720001844885 0.499978288633597 0.5006564458222825 0.5006715411878605 0.49985911549251627 0.5002128184539362 0.4999346854125559 0.49946630725844765 0.500045443254815 0.49988564582805356 0.499817900716768 0.49981181094422655 
0.9668195620463862 0.5000146837182776 0.4999074753057278 0.500139491729526 0.5000539486139564 0.4997745532388578 0.500046910421514 0.5000036561025576 0.49997876396559005 0.49992383544408614 0.5000407219222925 0.4999753544385641 0.49979426294681323 0.49998548772585766 0.4997093670835195 0.4994169121396638 0.49970247479126545 0.4999679841597761 0.5000719411395504 0.5000189438311987 0.5006564457677295 0.5001973568603949 0.49987220640865604 0.5002128184539362 0.49995850842489703 0.4994930395765879 0.5000733338150372 0.49988564525229295 0.49985649079575345 0.49974130788689397 
0.9726591485739885 0.500014614077266 0.4999070751465335 0.500129051333735 0.5000543773166991 0.4997745532388578 0.5000469105567902 0.5000036473896319 0.49997878342268054 0.49993179549838845 0.5000404694583555 0.4999803249352009 0.5003561388386448 0.49998434694001925 0.4997093669981005 0.4994164111425178 0.4997002124060018 0.49996626416432527 0.500076133948882 0.5000192240517212 0.5006564458159927 0.5006325651124129 0.49986426547250956 0.5002128184539362 0.49997332840146586 0.49946612307791505 0.5000464500955554 0.4998856483894221 0.499818226005441 0.49974130807910466 
0.9734711073388658 0.5000148926541141 0.4999064738071277 0.500126665205519 0.5000582748021506 0.4997742043558487 0.5000469105567902 0.5000038720639552 0.4999787826981812 0.4999297946204284 0.5000474008646747 0.4999803249352009 0.4997910264262996 0.4999861536119194 0.49970937088517436 0.49941540554141906 0.499618458745575 0.4999639514596459 0.500040871398565 0.5000278010367925 0.5006564458222825 0.5005834783112862 0.49985650130468395 0.5002128184539362 0.499973049148389 0.4994438097674692 0.5000445450283806 0.49988564606269487 0.4998179952412739 0.49974130807910466 
0.9822965609941418 0.5000007836914944 0.49992201876160397 0.5001513372629324 0.5000582748021506 0.5002225094137188 0.5000473702641673 0.5000038688902199 0.4999787736877245 0.499923793588816 0.5000853242077007 0.4999803249352009 0.4998545284606288 0.5000554437670485 0.4997093683112523 0.49942853692123684 0.4996200180858605 0.4999411462915379 0.5000720001844885 0.5000189450518218 0.5006564482546462 0.5001573629107915 0.4998591882194811 0.5002128184539362 0.499960125598217 0.49955021395075594 0.5000746908616915 0.49984447365534834 0.4998526553612383 0.49974149028251447 
0.9947237087832113 0.500000845416319 0.49992759497078626 0.5001269626468631 0.5000582748021506 0.4997742043558487 0.5000470405350259 0.5000063139741093 0.4999787757090943 0.499929849688311 0.5000475261632144 0.49997728117742984 0.4998633615701511 0.49995082413236297 0.4997093709899334 0.49941550544535696 0.4996194449854113 0.4999648614378236 0.5000417475314717 0.5000216833673082 0.500656448593215 0.500684671265079 0.49985650932903086 0.5002128184539362 0.5000828937794141 0.49946665835061343 0.5000428721171912 0.499885571525183 0.4998184939260326 0.4997411759853556 
0.9967828420385095 0.5000007836914944 0.5003016865039586 0.5001495587759481 0.5000582748021506 0.5002225094137188 0.5000328814253582 0.5000038688006699 0.49997880085618857 0.4999239250433618 0.5000387110394756 0.4999803249352009 0.5003686863750688 0.49998582595491636 0.4997093683112523 0.4994285787063871 0.49961963068493204 0.4999411462915379 0.5000720001844885 0.5000190570804861 0.5006564482694646 0.500182111007756 0.4998600340220037 0.5002125991431925 0.4999574600721671 0.4994663072530804 0.5000437363336119 0.4998904678727719 0.499856482646403 0.4997414970136372 
