3.8838701220636485E-5 1.008946066433331 
0.010428924461333106 0.9969808278278317 
0.02027473488719144 0.9864331218062752 
0.030360793123658202 0.9760346749984177 
0.040629092558674036 0.9658052894859679 
0.05054286833393557 0.9553449283338553 
0.06055658048287461 0.9450070631065587 
0.07082860859616909 0.9347605176305602 
0.08123783520388315 0.9240493035140274 
0.09111051535389474 0.9132838428146821 
0.10111861533849459 0.9044504403725693 
0.11128428208790156 0.8937767089241886 
0.12049364122658679 0.8813982990375461 
0.13149288546992063 0.8727563972119051 
0.14149362809196284 0.8633578095179121 
0.15170937436247148 0.853918882807595 
0.1634321667544184 0.8535413112668707 
0.17536930246376195 0.8534977775025403 
0.18691947078745064 0.8534249859515315 
0.21466022250874262 0.8530145179718409 
0.24202830925475807 0.8513652261969556 
0.26814971367805274 0.8460182385684217 
0.2826015202977099 0.8433568707488304 
0.2975573948196575 0.8393943259162625 
0.31014477362491905 0.8316677748634879 
0.32243597651858735 0.824808846642643 
0.33684103663191584 0.816042140121323 
0.3471297356376585 0.8026705321025982 
0.3666637145366351 0.7717762088392958 
0.372394803411621 0.748317845887143 
0.37879695514780415 0.7280584601956047 
0.3801107367660588 0.6990049841162008 
0.38227038692191734 0.6446233627182634 
0.3840470944152027 0.6205768759156912 
0.3942611580861446 0.610320630460931 
0.40673671562086217 0.6037110183932145 
0.4140882644031244 0.5890936475564262 
0.42403955672989924 0.5792777657531959 
0.4340518947956276 0.5693107803023731 
0.4442017217423893 0.5590283789506245 
0.4542745366292503 0.5488968652542506 
0.4640432268628918 0.5386846052878078 
0.4748123166797121 0.5291196045022761 
0.4852582101452378 0.5186302181002331 
0.49478375184635126 0.5084657094194912 
0.5046946084410746 0.4984274105716526 
0.5149589900511371 0.48802240642021677 
0.5249107784796252 0.47815553286398327 
0.5355097626051332 0.46823298922839757 
0.5457358980584761 0.4581749572926126 
0.5561467716187445 0.44879267846734194 
0.56622944199891 0.4382539549614215 
0.575149991345801 0.4274440947768655 
0.5887182726931345 0.41905755571164593 
0.6024156421957284 0.4123278137582088 
0.6074302814993711 0.39826095171823656 
0.6169604363612309 0.38777386511263323 
0.6297715681005511 0.38214659339986934 
0.6573218727620032 0.38191718347475256 
0.7432796292136343 0.3766685347126466 
0.7750426562313164 0.3737252193571938 
0.7860768759839349 0.3619388103295007 
0.8020761486837137 0.35329211200051536 
0.8098837108013112 0.3404015416485238 
0.8314197847934868 0.3318291340297954 
0.8314448372141157 0.31627928645222353 
0.84072729757021 0.2878674623704461 
0.8445335827278623 0.2746814036242636 
0.8531215805384208 0.21959344796720273 
0.8531646140698295 0.20660541787718187 
0.8538413269840759 0.1563401215788327 
0.8603578369117372 0.1453634094561843 
0.8667724271491895 0.13510880308473874 
0.8764456342968314 0.1251340546788653 
0.8872665453583328 0.11437241757640565 
0.8974034994460642 0.10394193676341866 
0.9066229148625148 0.09509810171552201 
0.9172999097391593 0.08483533192501783 
0.9269962923039861 0.07480209451745769 
0.9374896176339373 0.06431711327473286 
0.9507443520443405 0.054110290751968035 
0.9609266745992995 0.0442477084916546 
0.9700814631214333 0.03416402071599442 
0.9789927572050359 0.023987144054572872 
0.9907596619314655 0.013655804501129335 
0.9999628716505644 0.0033892113549442962 
