3.8838701220636485E-5 0.786387724172064 0.90614916400232 0.8619968775251787 0.8479963593033933 0.9028306988044235 0.8194257784900878 0.9200032156709017 0.8152510238071552 0.9163662743967035 0.8217303671451207 0.9069615161300724 0.8303795476167477 0.8893287562850557 0.8469438879973034 
0.010428924461333106 0.7849609916290463 0.9058526970568977 0.8643869798165753 0.8504350219315018 0.8962647401721252 0.8213441068897287 0.9030954018626278 0.8152385348888712 0.9161342938364531 0.821307695236806 0.9068695126535653 0.8303499852622603 0.8849501687238805 0.8489741405832201 
0.02027473488719144 0.7877820022155643 0.9073652046725703 0.8637421675409964 0.8502746893323685 0.9039695141066557 0.8189795289026476 0.9040853245777872 0.8210146821690643 0.9005613739166765 0.8223258777790478 0.9069599130696089 0.8305924742261188 0.8903678018461881 0.8469438866715675 
0.030360793123658202 0.786387724172064 0.9061439201834736 0.8619968775251787 0.8479963593033933 0.9028306988044235 0.8194257784900878 0.9192260148393299 0.8152510238071552 0.9163688049005513 0.8217303671451207 0.9069615161300724 0.8303795476167477 0.8892164192837171 0.8469438881843467 
0.040629092558674036 0.7863618609086503 0.9061444577863853 0.8637435648934807 0.848062466748338 0.9039698410924335 0.8190071402565982 0.9190447016709782 0.8152010351641464 0.9160750023531917 0.822309771769386 0.9069625305274747 0.8305924742261188 0.8892073635290052 0.8469439550936977 
0.05054286833393557 0.8020525679226315 0.8921621877908489 0.8619110950454313 0.8502312060310396 0.9029795473314067 0.8130677705782557 0.9200039780766631 0.81567390393787 0.9162569057782574 0.8222997304557769 0.9069603298092705 0.8305957984784981 0.8902944669191925 0.8469438844454721 
0.06055658048287461 0.8221651351610577 0.8856699343292398 0.8615574656825594 0.8479954437454342 0.9030129902407618 0.8191088259848738 0.9034863350582946 0.8248341978696299 0.9163760890504756 0.8163600933793815 0.9068720254619421 0.8236829224182688 0.8902498204130693 0.8469325918724129 
0.07082860859616909 0.8201580802390497 0.8823857467120747 0.8753044625226851 0.848042393592318 0.9035813896128322 0.8130696240839076 0.9040318581572949 0.8257685558045492 0.916074563541887 0.8223115380018017 0.9069608693754525 0.8305955457913334 0.8902796889248416 0.8469432803544378 
0.08123783520388315 0.8356459767845837 0.8824781043900638 0.875282375721338 0.8400109521116992 0.8961309105856735 0.819763013442036 0.9206384335127371 0.8157978246878007 0.9161972526989713 0.8224637625876616 0.9069349538457753 0.8303565839832147 0.8903737285959379 0.8469439585431416 
0.09111051535389474 0.8358997273910561 0.8789930845202979 0.8747645331381315 0.8399977222023579 0.9035709556631363 0.8232690601085818 0.9040318731335014 0.8209145438618299 0.9160646116066982 0.8219035777753629 0.9069381656878821 0.8303565253366328 0.8903760647031469 0.8469438398190545 
0.10111861533849459 0.838410578987086 0.8538424261503161 0.8878047761837162 0.8360593698442776 0.9034022758825844 0.8206842387172623 0.9034723559768003 0.8255336030680163 0.9162404324249142 0.8131170871237804 0.9069052342672271 0.8338237654263296 0.8891488359955021 0.8470165111402375 
0.11128428208790156 0.8739052940643779 0.8507247138713225 0.8882728189824255 0.8357702470056294 0.9034022758825844 0.824514462189802 0.9071724683615745 0.8107748227497681 0.9162404324249142 0.813047365549122 0.9068355916720009 0.8338237654263296 0.889199066847397 0.8470165111402375 
0.12049364122658679 0.8439224371874003 0.8776082146644908 0.8596031922331426 0.8725854758379793 0.8534453158235223 0.8735706164204144 0.8628433423094327 0.8506432320868647 0.8841269337576321 0.8382350380513522 0.8918971927300164 0.836626161484604 0.8892124213657825 0.848985344399915 
0.13149288546992063 0.8738896775724524 0.8538105081143712 0.8872694643677365 0.8326928911548657 0.9023608322791872 0.8224573704007608 0.9040366642378536 0.820310606023962 0.9235087249480363 0.8131548327523822 0.9070015497290054 0.8303593043082691 0.8891448536785626 0.8469379766259237 
0.14149362809196284 0.8739020983855917 0.8452978105038952 0.8882324092150735 0.8328444454475095 0.9077639992466403 0.8198886607233982 0.9010666940522142 0.8109019577865657 0.9175961820152829 0.8082817176894544 0.9084253139643462 0.8302701856022535 0.8891850873818696 0.8489152784087428 
0.15170937436247148 0.8739107298966362 0.8502657820054543 0.8882732138148177 0.8324870750912415 0.90236359251739 0.8051538489036388 0.9262897660397147 0.8107715740665193 0.923241599075242 0.8082796389725153 0.9081671901017276 0.8276630167700378 0.889198956301402 0.8489285522642016 
0.1634321667544184 0.8476951908030365 0.8720354246169255 0.8874112681068105 0.8136706318194232 0.9013945479080535 0.8050032479807331 0.9528555241000045 0.8082279816884129 0.9236304425646719 0.831465336455373 0.9079652385951676 0.8268621076875119 0.889680340582751 0.8224296612300377 
0.17536930246376195 0.8739107243939043 0.9377372273422697 0.8363903208406481 0.8326097032757607 0.90236359251739 0.8049040963143913 0.9528697280720401 0.8107715740665193 0.9232416004786397 0.8082796389725153 0.9079653306877675 0.8276630167700378 0.8896511527101916 0.8419701982476719 
0.18691947078745064 0.8773197648211535 0.843136917114411 0.881487380228031 0.8413379477711305 0.9371614991860882 0.7770575318410269 0.9573321451470165 0.7863871059028785 0.9417586565776864 0.8526060753438874 0.9432098498204007 0.8395839751551393 0.8798831926967109 0.9290136475747498 
0.21466022250874262 0.8443299341866224 0.842453123039269 0.9074942849709993 0.8224270294566677 0.917163993439205 0.8069955528819025 0.9754234277894157 0.6671644404066813 0.9752901415903221 0.7863925504238123 0.9174291313581385 0.8606523457470483 0.8870714519822157 0.9357108103451212 
0.24202830925475807 0.8681738771281491 0.8431421817333257 0.9069733345769079 0.8096853193251549 0.9171643301354926 0.8001839702758912 0.9720429258982849 0.9247405821054777 0.888209107127717 0.8117642634710908 0.9184394847242008 0.8610737106390117 0.8776678941897186 0.9383201209104984 
0.26814971367805274 0.9198827406779179 0.8750247278321095 0.9275160477460864 0.8808939258472945 0.9619476239587417 0.7730084216204031 0.9614153684549641 0.6680840450142282 0.9731882251508724 0.8271622834553192 0.9848234442883177 0.8433189831806395 0.8807341631579891 0.8827441033904416 
0.2826015202977099 0.8632879343109556 0.8071815012805685 0.85775217788389 0.8806947116461596 0.9007930782360163 0.8806558230538774 0.9619136597781 0.7270945587601388 0.9255199416781418 0.8434246547928091 0.9442425479500379 0.8439870103107057 0.7300698394815364 0.9688528285879291 
0.2975573948196575 0.9544521287897035 0.7896048975525586 0.829622537761549 0.8738408706513271 0.8970473271475922 0.7013563253818412 0.9099003687728562 0.793647968652263 0.9601697612699263 0.7357006505540836 0.903955445552533 0.825089506287238 0.7257217272675005 0.9684211297328703 
0.31014477362491905 0.9550049069006298 0.789288409401492 0.8306250686236126 0.8789187583411404 0.9568134134753998 0.6962194348151649 0.9597962247654138 0.7282336812243795 0.9601703905568597 0.8299712653217314 0.941425560170303 0.8226053948270439 0.7066610136781191 0.9534368618088921 
0.32243597651858735 0.8604478851086259 0.8747363994201938 0.8607659437073826 0.87356940754156 0.9012768343570634 0.8907440096488154 0.8821190513140796 0.7272496830225028 0.9604127965876759 0.8282727080642925 0.8707525997733924 0.8226351959674584 0.9576031692266653 0.9713486074228572 
0.33684103663191584 0.9544611464308308 0.8427761764914876 0.7108791365948923 0.8738486762170156 0.8971457159746588 0.7753175408100548 0.9098850550272638 0.7776014040778695 0.9768734524475858 0.7349226254141942 0.9426064877926189 0.8615859763351249 0.7257184341379085 0.9656465425086836 
0.3471297356376585 0.8604478851086259 0.8747363994201938 0.8607659437073826 0.8738114571755117 0.9031086258654673 0.8907440096488154 0.8821190513140796 0.7309338927670287 0.9604127965876759 0.8282727080642925 0.8707525997733924 0.8227427667530844 0.9576031692266653 0.9713486074183284 
0.3666637145366351 0.9691361161896633 0.79050257423916 0.8276346932880065 0.8735262034618311 0.9227353233756036 0.6994217210329502 0.8558430576868402 0.8847788473195918 0.926241611910471 0.8304467018075825 0.8736973292038437 0.8330253487791593 0.9253227021403325 0.9709443131249929 
0.372394803411621 0.8644318176281997 0.7963056894846243 0.9104338890258571 0.8366055229644925 0.9017332359829943 0.7089582448373024 0.9594760709513143 0.7281318597133096 0.8812746771935865 0.8288477518161622 0.8656215152458387 0.8285426302054133 0.917843851683157 0.9369700977701501 
0.37879695514780415 0.7684563766211744 0.9041573358196897 0.8603773762790362 0.8743894460588626 0.8511580579933309 0.8900474813156499 0.8527016049359863 0.8530669661806116 0.9202012145701177 0.8289488536989783 0.8891988849022439 0.8556553879687575 0.9221464482603152 0.8241438132666765 
0.3801107367660588 0.9985800813505692 0.7574766888066463 0.8438677195667581 0.8052876666025164 0.8415385540277863 0.9031949074792177 0.9230582944301385 0.8802141447925986 0.830890315101482 0.8216225216860504 0.8379987021257432 0.9056706151019939 0.8584426301519392 0.8559124122178617 
0.38227038692191734 0.9924133316905692 0.7552569949703598 0.9381969949276531 0.8031984324108423 0.9175967189262842 0.82099778708355 0.9226351741736971 0.8010884238865833 0.9161142093993397 0.8217541224820712 0.9873094586936293 0.8236117677890691 0.9065862359168094 0.8328243189625208 
0.3840470944152027 0.9924490274539133 0.7561775137549942 0.9361493244646565 0.7996052218053733 0.9171875612860505 0.8173442148491934 0.9226353223212629 0.8010881845626111 0.915900725572065 0.8217145542170049 0.9277463855135895 0.8151602100606705 0.9067603813078878 0.8332023659384851 
0.3942611580861446 0.9924958232208061 0.7567731293571262 0.9331455479208457 0.8199580118982945 0.917224011365514 0.8004929548028883 0.9214942514507832 0.8006653528007156 0.9160168958612885 0.8221301413479047 0.9113516773262292 0.8232733380038814 0.9063292941919281 0.8242987635163825 
0.40673671562086217 0.9924155057774715 0.7522565235693506 0.93712651541918 0.8522794794637425 0.9175155345392354 0.8209778971100119 0.922635757199099 0.8010883824835829 0.9159340915238788 0.822137581718021 0.9116396327046917 0.8251672727167474 0.9066523058404848 0.8329154212262267 
0.4140882644031244 0.9978757849468709 0.752372712390463 0.9372906749912643 0.8046670321915186 0.9175943277780897 0.8172417492929929 0.922635440579481 0.8154115107981438 0.9158996523326273 0.8221750963850467 0.911716161400375 0.8238268557009711 0.9054257874180603 0.8238746860678553 
0.42403955672989924 0.9924133365684039 0.7564312868844192 0.9365794309841255 0.8046528128352354 0.9173254529451235 0.8173267622403252 0.9226928164217457 0.8010890456042837 0.9159180333007355 0.821785856845212 0.9117610832169799 0.8251983478251163 0.9068895011624207 0.8330823836773622 
0.4340518947956276 0.9924133365684039 0.7598567764735225 0.9365787727732932 0.8046528128352354 0.9173254529451235 0.8173280647390946 0.9226366853428755 0.8010890456042837 0.9158997594481872 0.8217845986053597 0.911763666108236 0.8252929048914955 0.9068909746191064 0.8330823836773622 
0.4442017217423893 0.9924155297151712 0.7522565235693506 0.9365115667617548 0.8043037702366626 0.9154460122624132 0.8173266890592841 0.9226357764491444 0.8010871732234425 0.9159340915238788 0.822137581718021 0.9117607385550892 0.8252969008322647 0.8994220849458531 0.8329864015064048 
0.4542745366292503 0.9935310732700525 0.7561671230156256 0.9375050020663078 0.8046333630627878 0.9174132181465496 0.8123162430670188 0.9195268723215916 0.8010462736972107 0.9127564991030362 0.8218757978381539 0.9115568748305167 0.8235437741065901 0.9038572949666993 0.8332563456742837 
0.4640432268628918 0.9978254635373561 0.7552731507406207 0.9373159681961167 0.8070216205912795 0.9173265288079782 0.8173354325633128 0.9195066449323522 0.8144128101557951 0.9039160865402738 0.8274094448920463 0.911764335557094 0.8251572199678117 0.906540818524671 0.8332102983578553 
0.4748123166797121 0.9978291385649206 0.7561677877886791 0.9373276682541253 0.7967861434380894 0.905214020242542 0.8172358251070567 0.919512780568092 0.8010651062250664 0.9161841023144195 0.821510779986356 0.9117334269194 0.8250365028934061 0.9061030347179042 0.8332023659384851 
0.4852582101452378 0.9978828813559254 0.75585130172802 0.9367654726843353 0.8048166303795325 0.9111709973112967 0.8282028929286418 0.9217148165568513 0.8010958459626553 0.9159094447166997 0.8327480869268874 0.8953373851939521 0.8250507265791048 0.903960723479164 0.8329566801915075 
0.49478375184635126 0.9996712619568788 0.7464889878741234 0.9367744583257664 0.8053548748229021 0.9110879197849067 0.8120584840550492 0.9195373716149052 0.8140931880172672 0.9006215191892877 0.8277795372270439 0.9121458417542063 0.823553141606626 0.9039353018618179 0.823136299379625 
0.5046946084410746 0.9999322632815603 0.7465099695348849 0.9367744813463258 0.8053548748229021 0.9110879197849067 0.8282058506524371 0.9217615236367067 0.8109031461691674 0.9122951551224523 0.8277796012350775 0.9075721453442488 0.823553141606626 0.9038580456633114 0.8329550558056428 
0.5149589900511371 0.999677538420675 0.7464382835103143 0.9367814452145209 0.7989635661537322 0.930572670837663 0.8119302652410242 0.9185681384991129 0.8108916463406863 0.9125668214480834 0.8277791662444086 0.907732505110102 0.8233454204787808 0.9039350842001613 0.8330877826195294 
0.5249107784796252 0.9996380889215939 0.7577607060403757 0.9367934340659334 0.8048144797462313 0.9110974445642748 0.8172518376790482 0.921717475340968 0.814547093461259 0.9017779208761803 0.8277128945641633 0.9077512945163998 0.823347144647014 0.9031046677005312 0.8244367384470757 
0.5355097626051332 0.9997965005804188 0.7462390054341205 0.935471866178185 0.7919594835442404 0.917854110394466 0.8290154726619337 0.9095948023371155 0.8212558166263679 0.9129271941980286 0.8332058375340727 0.9077530991493399 0.8331006506889653 0.9067472448653474 0.8246324409027704 
0.5457358980584761 0.999642626335225 0.7577634610096106 0.9367934340659334 0.804842783350515 0.9110974445642748 0.8172518376790482 0.9101033693227204 0.814547093461259 0.9002176437709175 0.8098354888241994 0.9077512945163998 0.823347144647014 0.9031046677005312 0.8245373937336319 
0.5561467716187445 0.9866618396137465 0.751556608970314 0.9352895386273202 0.807521560865075 0.9021530873815001 0.8390742179618195 0.9218409490145316 0.8206638325084656 0.9061968876967664 0.8597434427118432 0.8828586264053083 0.8510779870618626 0.8776595319508351 0.8585669642475843 
0.56622944199891 0.9996737060129863 0.7578400936270835 0.9354881415041008 0.792000650940953 0.9180208483518949 0.8170777871685693 0.9096797092223642 0.8212080635471803 0.912931083781583 0.8387849506484896 0.9077116864345152 0.8107420780100307 0.9064204283588869 0.8231892369208365 
0.575149991345801 0.999684742599501 0.7562013906603674 0.9366120472920875 0.8059269030381752 0.9179852156265256 0.8186659453482464 0.9094542859971951 0.8208778840649058 0.9127915875167896 0.8230388575479702 0.9116338916121857 0.8330542026083776 0.8893607037713472 0.8331221677829287 
0.5887182726931345 0.9999603897597893 0.7466055814650013 0.9361987599155185 0.8163997785682462 0.9029927555256718 0.8180123808192423 0.9467132300088871 0.8000435038654222 0.9136176649680706 0.8322071120146852 0.9068405894684298 0.8302776908592613 0.86537041803512 0.8570897750674882 
0.6024156421957284 0.9998508932327159 0.7849376706115956 0.9373371329440741 0.8612468334017425 0.9025247709427491 0.8224025596797494 0.9251402211625459 0.8201156161497103 0.9066804936133839 0.8218288454720533 0.907970957640699 0.851440244101755 0.8828232479654159 0.8476131440295784 
0.6074302814993711 0.9999360626879366 0.7578600177135111 0.9355320217291154 0.7944923516839534 0.9028303815351468 0.8428802301376572 0.9096172466064703 0.8223642201852633 0.9064742100593057 0.8393427907222679 0.9079482683513714 0.8085182044506901 0.9058339439576111 0.8469422554068673 
0.6169604363612309 0.9977575538072438 0.7571098350310914 0.9355300002094498 0.800146042837332 0.9304166843889613 0.8170796604917832 0.9096727079662555 0.8213107138730928 0.9097999755396506 0.838854185838639 0.9116334294067474 0.8108344867498379 0.9062688350500216 0.8229013671726267 
0.6297715681005511 0.9945095838528755 0.7576461512910766 0.9158977427793586 0.8163247593146729 0.902525565520199 0.8186058048655663 0.9476120319487501 0.7968672367910036 0.889552347548789 0.8321277459859104 0.9067256199625495 0.7975021226199022 0.900809956705281 0.846956365692458 
0.6573218727620032 0.9381863505408733 0.8161854769800373 0.8587947382691027 0.8306322502117616 0.8796746332678553 0.8186092770406332 0.9474643835841785 0.826344224665407 0.8608658087303867 0.8575167567234943 0.9379045339107432 0.8329382504738508 0.8925720509376613 0.7821795402355419 
0.7432796292136343 0.8586518317966303 0.8834925412760335 0.86312532965747 0.8500274608933066 0.9177851223017421 0.874184303501066 0.9964364001731192 0.8578363572225796 0.9356327528134188 0.8065031492067872 0.9085308533867996 0.7639280390242063 0.8857973446306824 0.7600181980871222 
0.7750426562313164 0.9359639299304907 0.8859236839339419 0.8017123480960299 0.7794965121155174 0.9161966138198258 0.817371398733433 0.997034488502486 0.8578394067102914 0.9355954207506284 0.8060940031832651 0.9269929041738185 0.7868611702803459 0.997355079215257 0.8822886559172367 
0.7860768759839349 0.8737557068628251 0.934559725297992 0.8895102747992478 0.7855684515559173 0.8328240336080108 0.8900067224273618 0.9679441889318897 0.7981625442430585 0.9883792769686207 0.8435640829353289 0.8960575410632213 0.7445747126660699 0.8361801990269813 0.8557836718818543 
0.8020761486837137 0.8754833574335904 0.934559725297992 0.8705618847904947 0.7737097905253156 0.8291596663427081 0.8900544671497833 0.9677811731245552 0.7981625442430585 0.9896014832748031 0.8437490079026648 0.8960575410632213 0.7445747126660699 0.8334990228961634 0.8552465028968198 
0.8098837108013112 0.8586518317966303 0.8853083969469587 0.8899918273452907 0.8331929203888839 0.8359509938349727 0.9153499819394224 0.9961589842530065 0.8578394067102914 0.9356445629759951 0.8064497011129506 0.916246680669626 0.7649213744041382 0.9980078842994032 0.8771893567817738 
0.8314197847934868 0.730677807442391 0.9222384268425756 0.8606394642674724 0.7489622335270211 0.8351125433352786 0.8781035458788288 0.9006856507400697 0.7994653785611895 0.9280158441364418 0.80227155650887 0.933678048498843 0.8133074337469925 0.8913508523573076 0.6919661376251826 
0.8314448372141157 0.8578805879867729 0.9152764218724365 0.8866928760535886 0.7476994640681035 0.8351125464195405 0.8772723665829201 0.9005673060553345 0.7134869275652623 0.8961499366816071 0.8022916161494612 0.8940480432116172 0.8523694421292772 0.9117590157546783 0.6831353291460954 
0.84072729757021 0.8754798229117489 0.934559725297992 0.8702373166851074 0.7855684515559173 0.8291596663427081 0.8900544666091367 0.9677811731245552 0.7981625442430585 0.9896014832748031 0.8343310260035269 0.8960575410632213 0.7445747126660699 0.8700547193059907 0.8552670378062877 
0.8445335827278623 0.8566700850444389 0.9152764218724365 0.8867311102810936 0.8111014483399661 0.8351120395173235 0.8248942034582482 0.9568165431736995 0.8570485315696621 0.9360518192122164 0.8022916161494612 0.8943412118592582 0.8565926924101014 0.8756076169561225 0.6831353291460954 
0.8531215805384208 0.8649643801152095 0.9553417173147589 0.8602677667036064 0.8017408010686632 0.834361666858625 0.8781158505278615 0.9578474184069581 0.8012068668453406 0.923771991855013 0.8012064456216603 0.8937809391067971 0.8595517124664093 0.8913508523573076 0.8886472697854703 
0.8531646140698295 0.8733723519450256 0.9314389442714737 0.8602681995689928 0.8012920722835516 0.8291417911543021 0.8781158505278615 0.9569400095899294 0.7995303691706115 0.9278155305017879 0.8007390170508972 0.933678048498843 0.814849563510859 0.8913508523573076 0.8545285825620499 
0.8538413269840759 0.8618157757485198 0.8764323554431497 0.8650973533025862 0.8665803792925406 0.8533724345293809 0.8848420378897563 0.859051011908 0.8777863069360474 0.8439238665539688 0.8242463182315947 0.8712049430193889 0.8541016866343516 0.8938591974673374 0.8470112787975123 
0.8603578369117372 0.8562377427248409 0.8778532595654079 0.8600064458647582 0.8748216397790155 0.8577491306941696 0.873658739003777 0.9034863350582946 0.8529736748141695 0.8928951241078423 0.8394355130211221 0.8917808118853445 0.8363149911305449 0.8890702443994339 0.8469823674558538 
0.8667724271491895 0.8630176895091414 0.87623438533918 0.861534115143674 0.8733068340243852 0.8534344896492512 0.8788795041535875 0.8617105908219711 0.8568648170217744 0.891369290737874 0.8399231802102933 0.8974191373653487 0.8370574003859881 0.8891440558772203 0.8479292578134979 
0.8764456342968314 0.8634986148325192 0.8690887096137189 0.8595686629024778 0.8748147709352833 0.8532616845823684 0.8730644072820508 0.8630345644070563 0.8516693272711555 0.8843744021352985 0.839065285164308 0.892254266488775 0.836303454801007 0.8860453025550329 0.8469218820708742 
0.8872665453583328 0.855991232154275 0.8774360145915956 0.8598602319621864 0.874502712786779 0.8534118615134257 0.8733486342128246 0.8628508542099236 0.8529165998467821 0.8913685585370571 0.8390347352553074 0.8918974659842723 0.8369146202376538 0.889181067403524 0.8478150937063477 
0.8974034994460642 0.8443419463336046 0.8774354586950507 0.859809001657332 0.874502703326321 0.8534120682288954 0.8733479223961264 0.8629014506701795 0.8568550316628136 0.8836767306330106 0.8390652741964222 0.8918971993393713 0.847000560546437 0.8891492339978105 0.8469710763390501 
0.9066229148625148 0.8432772503680804 0.8774360145915956 0.8598602319621864 0.874502712786779 0.8534134200001656 0.8733486342128246 0.8628508542099236 0.8528443158170778 0.8913685585370571 0.8393633512638544 0.8918974659842723 0.8472967683180029 0.889181067403524 0.848614253368274 
0.9172999097391593 0.8430072550573069 0.8774709850929905 0.8598223066114214 0.8744657236411346 0.8534123705502887 0.873348627969465 0.8628508542099236 0.8570561958908667 0.8914060120900245 0.8393393925253329 0.8918891472989965 0.8469522072043378 0.889142063008433 0.8486153596956606 
0.9269962923039861 0.8307551550015299 0.8945942438367148 0.8420238472138755 0.8851022401909499 0.8534523267544482 0.8626724919919514 0.8759582446967012 0.8470272547856663 0.8922434755808399 0.8392402987470224 0.8921622986872412 0.8369434202704639 0.8892733257650257 0.8482316202010703 
0.9374896176339373 0.8128461730122621 0.894597920491427 0.8420516415128307 0.8853147030730467 0.8534523031904817 0.8662317962241202 0.8756706200933572 0.8588902538871332 0.8922493603393802 0.8393662437382287 0.891883991086054 0.8367019833132446 0.8892897628398789 0.848231672947692 
0.9507443520443405 0.7684565594883979 0.9048271900506099 0.8384001958193653 0.8744973607178539 0.8607832887708612 0.866272930280399 0.8593347810840066 0.8596952463782758 0.8896623462754275 0.8517515506180158 0.8920414111448426 0.8526069696302319 0.8862022478838519 0.8483107941445218 
0.9609266745992995 0.8121746572930563 0.9048260002526475 0.8598856099359987 0.8742227080880247 0.8536340999065017 0.8586268253862137 0.8613681496648407 0.8529191391127517 0.8965344423954831 0.8292370944763394 0.8918990845843106 0.8374594577630488 0.8892817597210121 0.8482371506355607 
0.9700814631214333 0.7684565552546607 0.9048276542742989 0.8585234564040805 0.874315442287695 0.8534284780963683 0.8662425807024746 0.8636177368111343 0.8594805620160539 0.889602841744363 0.8294198295189275 0.892048915688322 0.8481011047494191 0.8862022478838519 0.8481120318986715 
0.9789927572050359 0.7684565552546607 0.9048276542742989 0.8420761283084489 0.8832908156455522 0.8533878421301156 0.8662425807024746 0.8742555270660568 0.8595103149104885 0.889602841744363 0.8295657822511063 0.8918814976835522 0.8480614068944784 0.8862022478838519 0.8482317205547035 
0.9907596619314655 0.7684565545625397 0.8943311005838296 0.838743152512377 0.8790263952519786 0.8533694130939528 0.8662026190514496 0.8756697434120116 0.8491888458086458 0.8923692180674266 0.829534855259989 0.8913527225965302 0.8340112971025953 0.8892201180782516 0.8483129846892006 
0.9999628716505644 0.7684565587361741 0.9050826601455079 0.8435660614755751 0.8744120161311799 0.8605477185328809 0.8733924589146259 0.8628508164431672 0.8594838821064557 0.8921391223114278 0.8394742765493782 0.8912894934725805 0.8479536144998073 0.8861429998835816 0.8485607859259217 
