0.2724429726276801 3.561697825064305 
0.6546567928872893 3.1333654279122087 
0.8953189043890524 2.2823617136293537 
0.9273071919049396 2.2506170094154485 
1.206229216400442 2.1252296426401323 
1.2305484607936739 1.9897896475111385 
1.2411788096897203 1.9239559397226926 
1.2595283654675682 1.7968382008184947 
1.2683018577019995 1.7361414465590992 
1.2757719121151927 1.6767311659217234 
1.2970679748655762 1.5095595802114958 
1.3316900251672386 1.2203631254031821 
1.4134443496634295 1.1946353695273315 
1.4184719255951863 1.151789457774052 
1.4233855102593067 1.1099514850484689 
1.42815491209754 1.0694209129100498 
1.4328063541927343 1.0300054270359487 
1.43733047802146 0.9918111546748962 
1.4417631208449173 0.9545572299023434 
1.4461003675471942 0.9182965371526496 
1.4503379795530453 0.8830786433500604 
1.454500246920106 0.8487149657187576 
1.458574147172388 0.8153232118736968 
1.462579808298725 0.7827465750250375 
1.4665037630286633 0.7511008858107148 
1.4703762605662485 0.7201474173722063 
1.4741849508357276 0.689990638975387 
1.477934063002273 0.66059967758517 
1.4816354248147945 0.6318846360060077 
1.4852857562145418 0.6038736700602801 
1.4888826363327925 0.5765854627887581 
1.4924545933055204 0.5498062239100109 
1.4959793759868059 0.5237050175455641 
1.4994736559349655 0.4981589838770849 
1.5029248379578601 0.4732701475539103 
1.5063526566888885 0.4488666233470208 
1.5097658991095806 0.42491943604005267 
1.5131412127081574 0.401583270970447 
1.5164914884976843 0.37876748194680787 
1.5198393456388504 0.3563215412080018 
1.5231524068127256 0.33446378350841227 
1.5264648415254332 0.3129698413351169 
1.5297618822072132 0.29193924274881594 
1.533052121473324 0.2713194329076236 
1.536334661449617 0.25111914450017864 
1.5396312176716687 0.23121095189678545 
1.5429110868806541 0.21178462555047642 
1.5462053080325473 0.1926951015944294 
1.5495017964299174 0.17391529099642683 
1.5528016203003228 0.1555482982127179 
1.5561233663279044 0.13746296827418175 
1.559459615238763 0.11971158184886553 
1.5628263601150691 0.10221610227527987 
1.5662003940128102 0.08511008267191944 
1.5696089491830252 0.0682640976528511 
1.573059086679797 0.05165934974252823 
1.576586878825625 0.03533978423181263 
1.580073936949123 0.019288447155837475 
