0.25863626674408036 0.9844281800406571 1.048734376008165 1.11520857768832 1.184522764431493 1.2497800812814306 1.3318817062881898 0.4673703588400263 0.5339696302075606 1.4999998756488537 0.6668641080178347 0.7335145952154765 1.7859000558560916E-8 0.8669785305358234 0.9336360394278548 
0.6044569372097396 1.0694941061281984 1.089549993129491 1.4900629327851629 1.1458491580868997 1.312405028274898 1.3334353302385618 0.5043798895147864 0.5750218376523539 1.4964055167282972 0.6979830839656044 1.4215401605482265 1.4722340122672668 0.8695135436017192 0.9246685622815163 
0.8499217400888156 0.9827174992287291 1.036557170072665 1.0179981160642892 1.1838460922405731 1.2482788148752582 1.3176936965361827 0.46751486191908004 0.533992956529439 1.4999523025717 0.6667597868989235 0.7336259660492577 2.712718511554537E-7 0.8672977314417822 0.9338110061217373 
0.8803137327314987 0.9827134770606729 1.0484743195547663 1.1164586919790889 1.1839006778645782 1.2479041180564494 1.3176945785358463 0.46568363249895467 0.5339923621237406 1.499954298840598 0.6668122638965631 0.7337154400947051 3.9448988705503517E-8 0.8672820704887817 0.9338778878744571 
1.0574719055704591 0.9933852555079007 1.0482334785539587 1.1131255051816271 1.1918085965689 1.2512276267313953 1.1412925559119187 0.4713041619871531 0.6008569973428324 1.494369438669155 0.666999623580151 0.7313111727264869 4.676720953598212E-5 1.4666010121161244 0.933527240962789 
1.075863937157254 0.9930936638832053 1.4177770793720152 1.1131290823239277 1.182017504322006 1.2289614422061443 1.1346981931946667 0.47408623395012306 0.5999562394389767 1.4882400184372384 0.6666106375133966 0.7312038890003366 2.4768446364396705E-4 1.4564578375992319 0.9335324639021385 
1.0849530726085561 1.0296140459974286 0.9246535809757802 1.1213184640907004 1.2842699993168103 1.3896764268434354 1.0691238493506416 0.48762421211604934 0.5848519642026138 1.4998546170947147 0.6602523513739514 0.774363834783362 1.4422405159427725 1.457509867223955 0.8843436412023463 
1.1030869330169206 1.1482091292902685 1.0562668386734502 1.2814849214795803 1.2894932163677748 1.4303667437566132 1.3660136139061752 0.5015032352805895 0.5845783833102669 1.2333570237100433 0.660256576065002 0.7730171472673162 1.4580032608994749 1.4754949611550727 0.882982770812677 
1.1123405940911772 1.064375175249827 1.217319399192755 1.1061440282735278 1.0077442415445215 1.2519284126951107 1.3314754592254017 0.5014071303365016 0.564538276866313 1.499636548649661 0.66804556690048 0.7742030926234789 1.3693787785841836 1.4697993857087985 0.9336823508799742 
1.1216886894834908 0.9772824897071173 1.0683552741010558 1.1061439605702497 1.0171950374434235 1.2519284969693996 1.3314760907963448 0.50150197011415 0.5271560843573608 1.4996305864899775 0.6602470664404502 0.7742030403651963 1.3693787785842375 1.469799386152219 0.933682350798865 
1.1519051659340906 1.0044725170175983 1.0544516551575767 1.1094456169648022 0.8953691218693263 1.3674679867512562 1.2939569306862415 0.46946324248035864 0.5365442254381092 1.4923346420920478 0.6048524302223057 0.7327358595858053 1.4021154314898898 0.867164632652955 0.9336857999289175 
1.2615150682462073 0.9828868456355657 1.0479199536266945 1.1133162959009488 1.1846768685084683 1.25112572527059 1.314451896056161 0.4671734327192686 0.5339123289465714 1.4999901554267507 0.6669071205484005 0.7340883035293587 1.4859257003084285 0.867362266989886 0.9335949941685703 
1.341814748027306 0.9851496585405545 1.0493251400339338 1.1138452138402368 1.1843768747427237 1.24742906987038 1.3142349804578501 0.4660109960533408 0.5335804965930513 1.4999976764976177 0.6664116970715864 0.7336700610638275 2.568090968800437E-7 0.8660143073973502 0.9335900820454309 
1.3465874168706702 0.9848939051953252 1.0480622473361512 1.1138680394144853 1.1845199038201566 1.2474695274706002 1.3145976137729227 0.46717344178043213 0.5335555338452284 1.4999963913885879 0.6668151382993046 0.7341308110356314 4.2247912774686175E-5 0.8673388517975278 0.9335864623362806 
1.351252109724101 0.9828835044418678 1.048053617549795 1.1169018654282141 1.1844720199221868 1.2448523548686297 1.3146065487461036 0.4661021030363757 0.5335927825313259 1.4999903017403884 0.6669227873520719 0.7336949409156209 1.7902438164687581E-7 0.8659723079556849 0.9335864139130333 
1.355779803028257 0.9851126798989482 1.0483558868706824 1.1138157405531859 1.1844720319537512 1.2447611238046 1.3145605248455383 0.4660214739371468 0.5335845478773376 1.499998191780405 0.6664149966008036 0.733994652786139 2.5827873503555217E-7 0.8660144317432615 0.9335858479257708 
1.3601955429171175 0.985139435837347 1.0481084987933025 1.116676817554825 1.1843803750341222 1.247427117017673 1.3174683840281343 0.46612031224032896 0.5335835342851508 1.4999980034862872 0.6668476519320065 0.7325657061200962 7.239049114601817E-8 0.8660300521567479 0.9335932846961111 
1.3644903869492357 0.9826534639998636 1.050448052603249 1.1133140646918502 1.184242541946112 1.2471986886372202 1.3147686342344722 0.46648636795664755 0.5339003650548966 1.4998641624599727 0.6667548401716481 0.7340804336897612 2.289363782542843E-9 0.8674100872443237 0.9335937947765137 
1.3686984093793602 0.9827856423219212 1.0482976544451263 1.116905466140047 1.184192473438177 1.2511839398286473 1.3179009080111554 0.4661107392029075 0.533584481211785 1.4999779047615387 0.6668383723091121 0.7339968867167792 9.504979755816287E-8 0.8660513387368308 0.9335862523288837 
1.3728158342515846 0.9821044443983314 1.0549399680342508 1.1166757820336366 1.1842505344478256 1.2471005075095705 1.318892744401783 0.4661066266231861 0.5337429303136964 1.4999932385460362 0.6668379764856744 0.7341443932840908 1.4419639388807802E-7 0.8660881915031965 0.9335868630862595 
1.3768387145796326 0.9826740409001251 1.0482023995639544 1.1166771120462076 1.1843727853393513 1.247221902554103 1.3174725917794325 0.4661165558464002 0.5335552439775271 1.4999963325397998 0.6665231020931823 0.7340149034328407 7.72797779648398E-8 0.8660300300321134 0.9335862114550739 
1.3807900503488362 0.9827857151957329 1.0505728223935609 1.1166581131664775 1.1841919503957266 1.251073149714295 1.317859283427025 0.4661194778119571 0.5335835329784447 1.4998618282079244 0.6667439424170081 0.7327738341308258 3.740950596188908E-8 0.8661730635221588 0.9335862524341767 
1.3846574981153537 0.9852257355949336 1.048203339006658 1.1166813897577124 1.184037218366367 1.250914735845824 1.3163940910647467 0.46609346401405766 0.533729678183266 1.499996109273823 0.6668215388711681 0.7327604892641799 8.282429573930317E-8 0.866237710169061 0.9335867185608726 
1.3884601660213791 0.9822346733761231 1.0497500615792736 1.1165926198997889 1.1840405536363743 1.2511895985409303 1.3163029493192755 0.46609324573881994 0.5337399930512284 1.4999778309611707 0.6668260273942858 0.7327807390417944 8.282362175843723E-8 0.8662354463098024 0.9335868107655615 
1.3921852507690027 0.9851634298755397 1.0474614632068528 1.1166768697294283 1.1842090237760254 1.2465379426053167 1.3179061598249975 0.4661202617325943 0.5335836718869025 1.4999884904230754 0.6670306616871886 0.7340264782334424 1.3828028935723835E-7 0.8660296212051876 0.9335744702797095 
1.3958615081666799 0.9828143305555433 1.050546429164621 1.1166623430977396 1.1812924831242635 1.2468531271823706 1.3174742263426695 0.46614142858083696 0.5335719793244993 1.4999944736574813 0.6665256083956307 0.7337062703380481 1.3460801097997304E-7 0.8660287620156006 0.9335735725192434 
1.3994771804082904 0.9840861633044513 1.0482481523132483 1.1165924599971342 1.1844588625265282 1.2536242444263825 1.317545478375802 0.46608325167864917 0.533583620197724 1.499997338139762 0.6670352821543174 0.7336986228893685 9.434650747631381E-8 0.8660646092862516 0.9335869658397045 
1.4030362944748134 0.9838635781172003 1.0505153090265584 1.11659142601816 1.1844702800436246 1.2494133321632934 1.3136459009094585 0.4658544195211846 0.5339764772397484 1.4999653077974195 0.6668154359918737 0.7344229239365873 2.4330452790271464E-7 0.8660423065675614 0.9335751594252966 
1.4065500903015922 0.9841134256504603 1.0505279838619368 1.1165881543435998 1.1814282217866454 1.2494964402608477 1.317533227083984 0.46609659155166133 0.5339774641227815 1.499989960287933 0.6667965606415761 0.7337146471941954 9.961642877184117E-7 0.8660641995951641 0.933596528212107 
1.4100154253549084 0.9827801417607652 1.0505188417991618 1.1166626151881656 1.184421279432743 1.2468486235007132 1.3179007808578542 0.4661396513292361 0.5335624534370618 1.4999656558514867 0.666815900820176 0.733787530354571 1.5659365609816483E-6 0.8660174011133661 0.9335999390465142 
1.4134300293551285 0.9813127366636945 1.0504999218271762 1.116635625532353 1.1848344859654358 1.2510745463050268 1.3178766883878348 0.46653864629974634 0.5336265341037315 1.4999996138250036 0.6668140681600736 0.7336965155690437 1.4070078735434431E-6 0.8673058407379007 0.9335749055145705 
1.4168209722041292 0.9813269618378611 1.0505144956109844 1.1171633855719836 1.1844719704702746 1.2494328779483186 1.3179073598705953 0.4658512902823446 0.5339146017054837 1.499993008232468 0.6668152309709462 0.7337107098903413 5.306865702634013E-8 0.8672933307222688 0.9332890920288229 
1.420167133034437 0.9828528920300204 1.0505461467825292 1.1166264136270099 1.1844168162502988 1.2511112954089123 1.3168709248915238 0.46617454489506444 0.5335649203238153 1.4999960565199897 0.6668383287684777 0.7337855201807354 6.808059190173818E-8 0.8660430801151778 0.9335891480657877 
1.4234843292701054 0.984085697077606 1.0505459271038824 1.1169192716130014 1.184836880007797 1.2492086616715103 1.3169093866223276 0.46588324708235673 0.5338993707834232 1.4999929963853251 0.6668383401383339 0.7327009113966777 5.407271141069917E-10 0.8662161631650154 0.9339862605044633 
1.4267593547491715 0.9824621285281495 1.1306781135466695 1.1166566872332844 1.184461719304803 1.2510961916940742 1.3178381556267602 0.4664934370462201 0.5338943098384924 1.4999995248416633 0.6668143502384363 0.732529633822127 1.0190066059047722E-7 0.8672960448890885 0.9335752297880383 
1.4300147227282796 0.9839068130665446 1.050505125235799 1.1166337120916032 1.1848740147096903 1.251088830216644 1.3166410490623601 0.4664859454313617 0.5336183797523643 1.4999927845387584 0.6668039700511948 0.7336695749564697 4.0778777898953594E-8 0.8672958143486315 0.9335817490231221 
1.433254987956422 0.9824631971353919 1.0505912138215705 1.113930028633974 1.1845153771637136 1.2496052502270512 1.3160807593344614 0.4664878316459891 0.5338983216462122 1.499983180263662 0.6668181622228121 0.7335082087540529 1.0155924504228609E-7 0.8661891526882722 0.9332828484137257 
1.4364592476139066 0.9826107720913437 1.0505918943049304 1.1165689442040343 1.1844981312924432 1.250999973188391 1.3147706928455412 0.4664887015683507 0.5339017328715949 1.4999127132457264 0.666743359165197 0.7325426434306189 3.796421789759163E-8 0.8661664635208657 0.933593785992378 
1.4396397451630585 0.9824599274155994 1.0505912511618478 1.1165562826883342 1.1844375660078479 1.2495623979710173 1.316620293719889 0.4664877508040416 0.5338984130076317 1.4999832008151088 0.6668470909274107 0.732523083257141 2.2034040218959597E-7 0.8662398053256983 0.93328757688638 
1.44281794164696 0.9824601731257738 1.0505912405516284 1.1165999514109988 1.1819745506169195 1.2510798477330678 1.3161638952164272 0.4664711326517841 0.5337366801158637 1.4999950866207439 0.6668488576231026 0.7325238886927213 2.1753051594556348E-7 0.866223600211697 0.9333007087751939 
1.44596310549097 0.9824153874701703 1.0505931276768399 1.1166863537036062 1.1850446747024972 1.249658988963164 1.3161175620341814 0.46647044637389407 0.5339103633004822 1.4999834428915724 0.6667473090425259 0.7326140575648062 1.0369842867617057E-7 0.8662392536574309 0.933269085115264 
1.4491076748881684 0.9825561047450453 1.0505721685604321 1.116591038471772 1.1848135959339539 1.2510744772688533 1.3166493524980238 0.466458754105405 0.533750774284662 1.4999983161575186 0.6667477875074419 0.7325228721319293 4.242672065957781E-8 0.8662375855238116 0.9333015736914082 
1.452237631340457 0.9824214588013472 1.0505913087449665 1.1166871143802124 1.1837809944733535 1.2512460233435458 1.3162003214262625 0.4664923587322606 0.53374771203188 1.4999949498527534 0.6667473580767846 0.7325231696737602 5.094429582543225E-8 0.8662394643347754 0.9332652671973705 
1.4553611308003462 0.9826734541605557 1.0506044421744898 1.116692475225249 1.1843198106007984 1.2496492087094944 1.316568062983982 0.46645458628315056 0.5337328500577438 1.4999834958331453 0.6668351758255492 0.7325403642601921 4.182885343163834E-8 0.8662394310357395 0.9335673524292504 
1.458477317590003 0.9824152700402419 1.0505912615337023 1.1166865813328843 1.1818800871605586 1.2483096390171835 1.3161400387806725 0.4664711290282939 0.53391039268466 1.4999533878670506 0.6667472960239825 0.7326134074970784 4.463554479946791E-8 0.8662395502322181 0.9332688439333819 
1.4616068128023927 0.9828298789996339 1.0506156643324613 1.1167304713729946 1.184319930930119 1.2511999299384107 1.3164866874499734 0.4657613091471299 0.5338913407203474 1.4999852577846973 0.6668483040315651 0.7335216096552285 1.9527303931589158E-7 0.8662170292470802 0.9335650131937372 
1.464720464370091 0.9826724641601026 1.0505930562815222 1.1167291714620793 1.1850211121307213 1.2512586982404756 1.316649938126462 0.4657612759374833 0.5337442261570172 1.4999852310450816 0.6667471001343734 0.7326188562436837 1.9381690828445802E-7 0.8661276063969612 0.9335654097392 
1.4678421189539923 0.982716560278549 1.0505175076530548 1.113814271737804 1.18751035609835 1.2490853741251051 1.3145149664596263 0.4664833349558241 0.5337351928492357 1.461105896275759 0.6668315782909093 0.7335174486871945 5.5182751817522076E-8 0.8662418032318039 0.9338700056726804 
1.4709771613734055 0.9804232336603629 1.0505894371225606 1.11660785858038 1.1793234054366886 1.2482386169994393 1.314567061521465 0.4664836973651933 0.5339063585904625 1.4999995590462731 0.6666984537863573 0.7326184939301036 4.280157560880228E-8 0.8662402142245508 0.9337838491163895 
1.4741097107490526 0.9828137469679623 1.0497539799368243 1.1137977942941275 1.181616967449414 1.2490854601317851 1.3163232832508538 0.46647764576148465 0.5337575886726444 1.4983359962902127 0.6668441653668562 0.7335164657161624 1.4196779400049734E-8 0.8662519016843873 0.9337860224257865 
1.4772631808810308 0.9826740952858801 1.0497241293964086 1.1169863270397276 1.186345196399908 1.2492822406441542 1.316338991640283 0.4665024210367947 0.533739962911048 1.4999855457236406 0.6668449901473403 0.7326263523907949 1.9105036523493375E-7 0.8662332432429415 0.9336318781429321 
1.4804301440992793 1.0039098325594191 1.0497225972265787 1.1169842488251802 1.1857562830850945 1.2492899477732708 1.3161738795401292 0.4664274587834288 0.5337585767239881 1.4999683293695476 0.6667625575972637 0.7326263339674683 7.189482995386586E-9 0.8662332733596615 0.9337859856662217 
1.4836264835638828 0.9829203941803342 1.0496990693273804 1.1168333308375102 1.1860932958644457 1.2490304789993945 1.3144694808025434 0.466504274208904 0.5337398440130735 1.4999983375940376 0.6668443808888243 0.7326284974923276 1.6686881957141554E-8 0.8662342982681566 0.9338934317727274 
1.4868295290890283 0.9826710203332775 1.0497242866827508 1.1169748953389345 1.1794540983471893 1.2490314808401946 1.3163390569928883 0.4664789227893512 0.5337371854455799 1.4999986205504543 0.6667721637285842 0.7326262508467067 1.0771166946137831E-7 0.8668624721485908 0.9336365786892584 
1.4900653466017135 0.9829217355710357 1.0496820713154091 1.1168367247746218 1.185939159356098 1.2492900880107467 1.3143430986015476 0.46573082024432955 0.5337427795636878 1.4999986816029776 0.6668435775758436 0.7326250138106246 2.338123860657996E-8 0.8662000649151198 0.9336366291803984 
1.493340648254706 0.9827142652962536 1.0497312280671034 1.1165536716897118 1.1845094112119452 1.2490021209417015 1.3145667659493994 0.4665939553699206 0.5337424266318278 1.4999986896411917 0.6667610915164774 0.7327693951381636 8.438599602877964E-8 0.8668999679153828 0.9338949008411804 
1.4966501492050754 0.9843421824978998 1.049772019742069 1.1170167072385428 1.1867338394695042 1.2490343266386337 1.3161700542071357 0.46656508172522454 0.5337400927467678 1.4999983649406743 0.6765126195997753 0.7327699093056378 1.861167253186756E-8 0.8662086120414069 0.9339799190960516 
1.4999999932381738 0.982720405488207 1.049728744990355 1.1165763248439344 1.1794657469337901 1.2490174770693097 1.3143432434752516 0.46579301436008663 0.5337427808304684 1.4999986816025075 0.6668404920327196 0.7327693631997655 9.261136226933285E-9 0.8668911732896505 0.9336495219057656 
