0.254343496329527 0.9649502596934456 
0.23806804683473048 1.0937645419398823 
0.2398811405208713 1.080446369913757 
0.24607313236458075 1.0345178883867117 
0.25186395583433396 0.985477835537788 
0.258987996912801 0.9619387944480179 
0.2728144910190314 0.9547807782380697 
0.2866642294135498 0.9472375848358855 
0.3005746041228162 0.9392854495445807 
0.3145168535623387 0.9309370624564299 
0.32846602004239617 0.9222057844963588 
0.34238029275278675 0.9131189280727631 
0.3563386629408007 0.9036245320792925 
0.3702765604448256 0.8937655566478541 
0.37207718898209446 0.8924642926169085 
0.5373687015435172 0.8449522773417998 
0.5408706151905719 0.8320991304379605 
0.55209254678053 0.7813267360193185 
0.5522402075407982 0.7810629217588941 
0.5580611507442104 0.7544330285056915 
0.5669597139596748 0.7143143815824289 
0.5693465062686253 0.7116741437320162 
0.5816115052094253 0.697931917177899 
0.5937418769919058 0.6840524522272938 
0.6056727475014145 0.670121796165139 
0.6174807340281382 0.6560617489337778 
0.6291106397414443 0.6419483859272177 
0.6405914834831478 0.6277576237620534 
0.6518970495347194 0.6135327285110453 
0.6630348640881514 0.5992755610874324 
0.6740130757891353 0.5849863325761988 
0.6848141736934099 0.5706986313811307 
0.6954907832760053 0.556352377136317 
0.7059713235473981 0.5420537227016011 
0.7162703792217393 0.527794334169368 
0.7264290516159753 0.5135269983602735 
0.7364124745024864 0.49931003401004326 
0.7462815358527288 0.4850651979902577 
0.7559614685769126 0.4709091325628455 
0.7654651716998602 0.45683330090088853 
0.7748675721041928 0.44273446222382035 
0.7840672684120511 0.42877297695645294 
0.7931162530397974 0.4148794612748655 
0.8020406956025738 0.4010210111064157 
0.8108097723107439 0.3872527818958319 
0.8194224821310329 0.3735843288521703 
0.8279189616269913 0.3599588205263222 
0.8362577908439365 0.34644946408380345 
0.8444564809992066 0.3330351522842908 
0.8525308441551386 0.3196963423866313 
0.8604614591697047 0.3064714444462275 
0.8682676589875618 0.29333442877668997 
0.8733058050807146 0.28479275947861665 
