0.9110979084787462 0.9822152760413891 0.9519758726936307 0.19000084871156467 0.9819880406565313 0.34293414245330833 0.4040129724782274 0.4519971291445299 0.5271701291123705 0.6066134066376185 0.6681867306591519 0.7320594830752282 0.7978666903848852 0.8670174670154756 0.0825941604504812 
0.900675794540864 0.9830144054414776 0.999998204379903 0.19980304584608596 0.9999999997758098 0.332406560161434 0.4002001162475183 0.38598433813661476 0.532663074509485 0.600047171205753 0.6666004044118187 0.7335425695197073 0.8010697568484108 0.8665249208314251 0.016767211007439213 
0.9017668982524648 0.9830336699410142 0.9999974444366028 0.19950993416190263 0.9999939308199778 0.3352423756715955 0.40033589285171883 0.38964294395283255 0.5326371621648398 0.6000457878713736 0.6668837985451153 0.7335400716181701 0.8392013058110239 0.8657671936784669 0.01592991479496132 
0.9055395153868987 0.9855442920157609 0.9999931495679317 0.19976186689700548 0.9999999545636055 0.33518359373111006 0.3999517181748108 0.46650382196727286 0.5331881728556955 0.6687933120494257 0.6664194126645847 0.7326674603483152 0.8000757822670741 0.8663746763723663 0.01678177378989255 
0.9094365182895665 0.9830026580240644 0.9999370785067724 0.1997139003408282 0.9999999989229579 0.28273550844921647 0.40023129422115755 0.4667162661165656 0.5326633484260511 0.5999105044328892 0.6666025006063795 0.733513352859901 0.7996254502789426 0.8664056457823498 0.0161305461775882 
0.9122362285853247 0.9829856939067246 0.999999918667616 0.19980237818026375 0.9999999997807719 0.33233492486842536 0.4002231853280944 0.46653523652911766 0.5331078594601106 0.6004285459877953 0.6666003627214905 0.7327168602672298 0.8000924042344005 0.8663816985164854 0.016811328782769967 
0.9154047657582903 0.9837046097169895 0.9999999185176034 0.19949750101111804 0.9999999997525176 0.3336096716959672 0.40022277621905566 0.4659375956875311 0.5331068886641381 0.6004244851022333 0.6664176445530027 0.7331217678619262 0.8002136863381903 0.866360509562509 0.01674904780414539 
0.9184317886390896 0.9837242613167525 0.9999999548498998 0.1998749326751386 0.9999999998966655 0.33365012030747604 0.39994288190749555 0.46594490567155294 0.5331891945693411 0.6000735864083476 0.6665857198119958 0.7327476786103706 0.8001631848000453 0.8663627727244366 0.017119621742521747 
0.9213376648078193 0.9836723016245535 0.9999999540789873 0.19971394512355953 0.9999999992889025 0.33364562005985515 0.40023513386063 0.4663171228345621 0.5331905014225368 0.6000278822342647 0.6665864060168908 0.7335906729786233 0.799616537741943 0.8665352966928085 0.01712183072868783 
0.9241268776269834 0.9837098406245466 0.9999999497191507 0.19979842204600123 0.9999999992625973 0.33374865800740644 0.3999584503543859 0.46594492003985194 0.5331637775151891 0.6004144011282516 0.6665861198586622 0.7327567462896744 0.7996071834284981 0.8665188274419058 0.016761499499580283 
0.9268042927720365 0.9836595389996575 0.9999998823473173 0.19971548177697768 0.9999999992656359 0.3337558745969833 0.40023617113645826 0.4663329377186652 0.5331644067768327 0.6000434493812539 0.6665862039092821 0.7327567452398382 0.8001877211912678 0.866528834322172 0.016992014797086008 
0.9293713011680893 0.983708193804043 0.9999999129550373 0.1998133866488147 0.999999999989351 0.3337542104619011 0.4001307103283645 0.46631628079997145 0.5332048124514599 0.600073606463425 0.6665848448849403 0.733570245872614 0.8001519838920189 0.8664334186711938 0.017117981803761975 
0.9318504155542472 0.9830698616643042 0.9999999964511486 0.19971496766157715 0.9999999992614729 0.3338682724567602 0.4001361059320182 0.46632803834922004 0.533163661278078 0.6000455302055606 0.6665858570772293 0.7335867610088969 0.8001858669331646 0.8665219411355256 0.017008869507405173 
0.9342370534484169 0.9837456185377557 0.9999998959144554 0.199717857272981 0.9999999848550758 0.3337486801650047 0.40023627325384303 0.4659618511321919 0.5331897513747494 0.6000455944143229 0.6665602275511464 0.7326979361245751 0.7996183853453142 0.8664277810517663 0.017004424397875015 
0.9345392435223349 0.9837455671229954 0.9999999942450232 0.19971886689883525 0.9999999996599198 0.3337567408915403 0.39996593359889454 0.46596249488310676 0.5331909476660303 0.600047737681431 0.6666377026117724 0.7330824484594207 0.79961678218373 0.866525228551877 0.016988344270358315 
0.9530161537329912 0.8875905394690194 0.9999997332190422 0.19953962501402028 0.9999999888861947 0.40617287012996206 0.4190304637505834 0.46598464268178946 0.5331837788319487 0.6009840630412511 0.6665154043956383 0.7327251447937942 0.7995970036295911 0.8663887074629626 0.016592788682751384 
0.9538677362107874 0.9860441177127545 0.9999999862908259 0.19972267199567634 0.99999998898812 0.40438111285781625 0.4001461347182354 0.4659483671665521 0.5331909136175571 0.6009843061665917 0.6665167183926511 0.7327239318370753 0.7996170172347676 0.8665781986690737 0.01700698984033282 
0.9570250567850754 0.9873669430853599 0.9999985795467042 0.19934329373514023 0.9972394750414421 0.33265753707474827 0.4194733710313617 0.4681005979564969 0.5328513989482797 0.6009981691637292 0.727645131482828 0.7331897580466537 0.7995640725944658 0.8656461213789136 0.017012287471347743 
0.9570473534126255 0.9915348979347604 0.9999997994520721 0.1997222513391993 0.9999999877151182 0.3326752376316878 0.41903424457348926 0.4659838757136833 0.5331917432226629 0.6009844690730749 0.727645131482828 0.7331897578834796 0.7995949430052814 0.8656675784238503 0.01700703482560342 
0.958687902827174 0.9832444994641791 0.9999998582303687 0.16127002437026047 0.9999999502109429 0.3327523197012813 0.449277445045073 0.4660866560424612 0.5325853573613748 0.6009978357511376 0.665520366138561 0.733190028529339 0.7995641596886043 0.8667053259436144 0.017004265265982713 
0.9611521750236213 0.9830308968141213 0.9999880314768986 0.19971558735263192 0.9999999848653993 0.333546273593244 0.40021890170774077 0.4680376096049942 0.5327071935557459 0.6005413578907863 0.6665732470107985 0.7330690924233197 0.8010117713216279 0.8667221900641295 0.017056360861600766 
0.9614213985253875 0.9830331104130177 0.9999987328705375 0.19971567675491078 0.9999999966331347 0.33356778184302344 0.39995164277635 0.46612127008694026 0.5332026318669251 0.6005392126164213 0.6665839987933541 0.733061652073728 0.8009299394504636 0.8666495873864347 0.017059037275424408 
0.9627884522418483 0.9830330420036919 0.9999994722044498 0.19970487605209722 0.9999999464025379 0.3335677608673397 0.39995848771312653 0.4660971641307551 0.5326124490955388 0.6005391959770963 0.6665839840047201 0.7330617486206926 0.7993835057348935 0.8666926543719444 0.0170570302743593 
0.9641142874935835 0.9830290786306229 0.999998763586833 0.1998030179468484 0.9999999966776421 0.3336712704358602 0.3999500286767325 0.4661053021945098 0.5326270048532559 0.6005434035280341 0.6665840627950957 0.7330845307405239 0.7996391788040524 0.8666439255539932 0.017030776415998688 
0.9653938821391982 0.9830298160985229 0.999998763586833 0.1997155568908093 0.9999999964791649 0.333633829360727 0.3999500286767325 0.4661053021945098 0.5326270876901091 0.6005376444867615 0.6665840627950957 0.7330845364902314 0.7995283426927305 0.866692768502532 0.017031094111057115 
0.9666373401954056 0.9830307571795988 0.9999981485444167 0.19971555718824574 0.9999999848653993 0.33355858159995644 0.4002201722092743 0.4661076511471635 0.5327071949214958 0.6005413181507117 0.6665734159858947 0.7330690422483946 0.8010137474337088 0.8666871647155541 0.01705019761083741 
0.9678405384229674 0.9830204636458122 0.9999953718491091 0.1997151543218492 0.9999999968384624 0.3335123084161812 0.39991798519878113 0.4661035499185635 0.5326176492212549 0.6005406699605161 0.6665976381129457 0.7330637018000157 0.7997310302966868 0.8667056361185446 0.017397930203499085 
0.969008122477393 0.9830065643449372 0.9999979429589886 0.1997989472445405 0.9999999994117018 0.33358478226530386 0.39996019088994966 0.4661076676979268 0.532703489848137 0.600116455838396 0.6665970065206714 0.7332283425862353 0.8009069361667899 0.8666495826639017 0.016917005234063292 
0.9701389493247954 0.9824428384564784 0.9999999536662582 0.1997751563087213 0.9999999986139643 0.3336426672938791 0.39991893226445907 0.466115999076069 0.532750835652467 0.6005562472248221 0.6665976335574822 0.7338504509891753 0.7995952480911533 0.8666818321183629 0.019051406500486614 
0.971235238160338 0.9829971572513612 0.9999999523393349 0.1997162293825275 0.9999999993693044 0.33355489986987136 0.39994654050021383 0.4661164389851964 0.5327040718874851 0.600083302444403 0.6665981780458256 0.7337092306828733 0.7988369024866256 0.8666887116262101 0.01697720356280968 
0.972299124820075 0.9833142913605267 0.9999999630412215 0.1998062693980372 0.9999999997583208 0.3336443190114931 0.3999138933232012 0.46566588773795603 0.5327509337640515 0.6005564436354209 0.6665976363440622 0.7332719629920438 0.7995352426947091 0.8666692529958655 0.017420419574830568 
0.9733301794265493 0.9824318853534839 0.9999979418257684 0.19980380119909613 0.9999999947594678 0.3335847025374838 0.39995256155242104 0.46612539825918653 0.5326930522730561 0.6001087172225038 0.6666002417027412 0.7332241746114477 0.8001671655836485 0.866647664462248 0.016917003619937268 
0.9743345405251443 0.9824120742338591 0.9999999906718057 0.19972277946960634 0.9999999996918549 0.3336423472429581 0.39994519391224015 0.46594398633946194 0.5331717981817996 0.5999930355605552 0.6666355985499088 0.7332448027405677 0.7996334135823433 0.8666684415470497 0.01660015103742615 
0.9753065574064667 0.983366457908275 0.9999999903396413 0.19980379790422606 0.9999999999436214 0.33364769198905525 0.3999517281165155 0.46612429249203624 0.5331895243626893 0.6000772692060334 0.6665963165716795 0.7332398442218289 0.8001672888934055 0.8667854468092843 0.017155983679558957 
0.9762487097684764 0.9833266020038354 0.9999999984342467 0.1998033223316597 0.9999999997526173 0.3336442921599812 0.39994533118723924 0.4661243183680702 0.5327575540638244 0.6000757678014025 0.6665976376222237 0.7332711762546567 0.8001670732043957 0.8666691715542567 0.01659706976004285 
0.9771657140198737 0.9828627650491909 0.9999980866078021 0.19979869197408184 0.9999999970886464 0.333643398006957 0.39994711269113153 0.46612435037687044 0.5331700646716176 0.6006396756631818 0.666635745365631 0.7332713863758856 0.7997099333592385 0.8667939777112842 0.01748867891380611 
0.9780553114434174 0.9829197105247204 0.999999954645442 0.19987828261138552 0.9999999997881533 0.33364971348146344 0.39994262930272584 0.46594483163024825 0.5331890051876054 0.5999940423126818 0.6665634449525047 0.7332358960411026 0.8001693187379604 0.866647937583107 0.017103311695764678 
0.9789237230007741 0.9833256259991724 0.9999999902854207 0.19980997449803606 0.9999999996521387 0.3336462452442579 0.39995284165471606 0.4660973818781424 0.5331824188170763 0.6000905065214817 0.6664168670285969 0.7330681601102862 0.8000598468761742 0.8667592160444283 0.015356802530842569 
0.9797651419333676 0.9854171882583992 0.9999999383204118 0.19987175643616886 0.9999999999605392 0.3338668532342918 0.39996939989507246 0.46622169119611206 0.5332328025068901 0.6000919427444723 0.6666697146780725 0.733233962075233 0.7996381372130721 0.8667914161943023 0.01660271929127649 
0.9805815158985254 0.9828433499820217 0.9999978560750967 0.19946538548094858 0.999999998897253 0.33385248766798964 0.40024230626140755 0.466243180565297 0.5331725735175771 0.6000870968275421 0.6665711769425999 0.7332417033697091 0.799640247841478 0.8667856474038934 0.017449093848604737 
0.9813799309923966 0.9831018880317206 0.9999973224137068 0.19979063794572305 0.9999999956281252 0.3335579241531519 0.4000991720461845 0.46584314190024884 0.533235916107298 0.6005466223645325 0.6665213369495359 0.7330251127329771 0.7998128328111292 0.866764765960641 0.01663343115295719 
0.9821524290561963 0.9829309922610708 0.9999999442550108 0.19950534269515194 0.9999999955449568 0.3338623940297064 0.3999467550136338 0.4662079796625161 0.5332325785730553 0.6000119694448085 0.6665213776213563 0.7328222140229977 0.7996739841523809 0.8667777805194291 0.01667073724280608 
0.9829040625495756 0.9829192864602042 0.9999999961818765 0.19981304672401645 0.9999999926883909 0.3338613170448454 0.3999467489141665 0.46594171683794644 0.5331890410093717 0.6000118159582442 0.6665622863245116 0.7328310599443449 0.7996577073265461 0.8666684832287319 0.016638535952251107 
0.9836375523936802 0.9830383585293146 0.9999997002508527 0.19979420397723194 0.9999999923463349 0.33386148668513754 0.4000971322949035 0.46637000158197817 0.5331015115723899 0.6000695303167569 0.6665631530552619 0.733735965094636 0.799708412906954 0.8666582071927845 0.016633550862952567 
0.9843508903257824 0.9829341672661146 0.9999999950819665 0.19987091325283463 0.9999999998475302 0.3337737139355937 0.3999704413541909 0.466213870952581 0.5332315590379082 0.600109987929345 0.666900970564732 0.733644180541301 0.7996606556146085 0.8667736224146168 0.01664814930121972 
0.9850445333064318 0.9830983464275203 0.999999663900854 0.19987698932039305 0.9999999997205936 0.33355752149245554 0.40020005563487476 0.46620863996949874 0.5332375761336704 0.6005855254891025 0.6664474115316916 0.7328333735303122 0.7997116184067757 0.8665920821743689 0.017562641550751074 
0.9857221797470405 0.9829190117782667 0.9999999987784399 0.19981435683873636 0.9999999954633555 0.33386148655463177 0.4000976560855896 0.4658905485127727 0.533200684152235 0.6000704601889656 0.6665623216409945 0.7336697275922788 0.7996633102110117 0.8665267475891356 0.01663432998895876 
0.9863809707168597 0.9830629511500356 0.9999999992704593 0.199880466223949 0.9999999997184776 0.3337723742556971 0.40021358861381756 0.4659439660383104 0.5331920477373779 0.6000858223151544 0.6664491256386785 0.7335993695295583 0.7997193854031187 0.8665240699253616 0.01699960754283726 
0.9870227395812907 0.9829218216936362 0.999999998711534 0.1995448876380398 0.9999999952519616 0.333700014496297 0.40009012224920465 0.46589519929516765 0.5331033286736594 0.6000610083854984 0.6665617659998966 0.7326108980366494 0.7996217354318946 0.8665468681060734 0.016780709061240483 
0.9876491178830227 0.9827197762838972 0.9999999985496248 0.1998128461495728 0.999999999893645 0.33376291366277067 0.4002174498473013 0.4663463155689255 0.5330992037384308 0.6000576481171962 0.666519621817527 0.7335657061558606 0.7996258657795628 0.8665271609674015 0.016752156649140988 
0.988258977650676 0.9827365253994718 0.9999999962717644 0.1998005101247316 0.9999999997849605 0.3336814754151678 0.40024571303789136 0.4658996560909228 0.533101809310855 0.6000687708038953 0.6665231914549478 0.7335818819459619 0.7996354908757993 0.866742110483065 0.016697623147747285 
0.9888541680596236 0.983038386636068 0.9999999992814009 0.19980450722795742 0.9999999994708358 0.3337723915626798 0.40021757924116136 0.4659429567120192 0.5331033076414664 0.6004807146978446 0.6664486426503867 0.7335992336098558 0.7997131244084259 0.8665266534452273 0.017008630886003195 
0.9892356596725043 0.9830635462375775 0.9999999999779582 0.1998084165016462 0.9999999999994539 0.33324657877286595 0.40021859493257145 0.46633355996118936 0.5332045211175046 0.6000455323912735 0.6665195835138242 0.7335736796249851 0.7998149368108646 0.8665272257963551 0.016765298940830606 
