1.092925085918739E-6 1.0623191460951327 
0.010093217645352261 1.0522298685714004 
0.020211737640547046 1.0421086042919452 
0.030278881559707715 1.040788989859188 
0.09278393766042421 0.969536415955276 
0.10097025636280954 0.9613499280000753 
0.1110068435962237 0.9513135760887355 
0.12108117992361622 0.9412391776996625 
0.13115551551646018 0.9311648434845415 
0.1412889048824418 0.9210314421384463 
0.210731251423144 0.8517710405577439 
0.21195136035684414 0.8505098774071358 
0.22201535491502955 0.8403417971097187 
0.23214943446820585 0.830369904589016 
0.242239965164594 0.8202712184315776 
0.25233645911476255 0.8101812417184768 
0.26243504592537165 0.800098787361883 
0.3287197683682216 0.7340147837044585 
0.3331691707718513 0.7296175895750241 
0.34318904710894 0.7193668892555601 
0.35341647380884744 0.7095181009396652 
0.3633466221418226 0.6991319707557494 
0.3734852295091724 0.689112141841862 
0.3814236397068498 0.684059397487605 
0.44718384283338136 0.6165723880782296 
0.4545362394710805 0.6087295716036698 
0.46423708783203305 0.5981844227385741 
0.474613882271014 0.5883773054384922 
0.4845669895550179 0.5781229091246824 
0.4946206052393573 0.5679865099789025 
0.4983070606238903 0.5644137521645413 
0.5642487001107833 0.49819290384496295 
0.5651778588203679 0.4972483700430022 
0.5755149786896224 0.48733698896349187 
0.5853569130030849 0.47705952265447144 
0.5967863944547684 0.4678573399457162 
0.6055058703262668 0.45685143020262836 
0.6156477040531202 0.4467909208663995 
0.6159965520947771 0.4463296834449776 
0.6851071968659919 0.38244421306906795 
0.6863100581359557 0.37627565574173766 
0.6963387194605235 0.3660089633255234 
0.7069896485909091 0.35617231266462496 
0.7175201690245472 0.3462580252373699 
0.7266311825899808 0.33576158560193947 
0.8081029434784348 0.2552016157159318 
0.8179470403154864 0.24503855789217951 
0.8284638703172671 0.2350195529543946 
0.8377312186236754 0.2247627781762969 
0.8477066146948908 0.21467024204742474 
0.8516784561541796 0.21064262691717955 
0.9187053710182893 0.1440397347558264 
0.9284852180025944 0.13391806293804276 
0.9385773304945861 0.1238251239779244 
0.9486767227603106 0.11373392660483805 
0.9587669269351358 0.10364200997968709 
0.9689402440031107 0.09355232733828162 
0.9695654899852163 0.09279812964559891 
