1.092925085918739E-6 0.9840324827912537 0.9999976026721455 0.19895064733766216 0.9999999526183796 0.3344275801837675 0.9999998426120332 0.46612265803408354 0.5345513710471155 0.6017686510722318 0.6657849606323529 0.7329918663543842 5.175896560300346E-7 0.8673208317104419 0.010723901348590534 
0.010093217645352261 0.9840427662257304 0.9999780874877936 0.19877806578733592 0.9999999209843959 0.33439647956028634 0.9999994790549621 0.4660732384485493 0.5387775983918383 0.602061292435264 0.6650605668477556 0.7337792725150897 6.1593916554652885E-6 0.8675729813816689 0.010946942185531853 
0.020211737640547046 0.9913086590483643 0.9999794321095042 0.19877904724548054 0.9999999225493962 0.33442682550407266 0.9999998042332386 0.46602500131509883 0.5345139609436299 0.6021176239923379 0.6655346209035086 0.7332960986248841 6.335332264554284E-6 0.8675584523359533 0.010821846223021535 
0.030278881559707715 0.9842004928081148 0.9997960614602812 0.17825590759804805 0.9635968360968914 0.3344262819548132 0.9883293073250314 0.46842852682248864 0.5343384529917558 0.602128776376047 0.6657904529482743 0.7322340491435536 4.06054116581942E-6 0.8676769437452245 0.008149491886008952 
0.09278393766042421 0.9840037696972043 0.9999782520821523 0.198808032764373 0.999999922963784 0.33444598256850006 0.9999996605212128 0.4659673996668748 0.5345107071422063 0.6017384262378387 0.6657672280753546 0.733282390550794 6.3433146787052845E-6 0.8675584034960594 0.010676068634693314 
0.10097025636280954 0.9796163089421035 0.9999786137948323 0.19878805191554816 0.9999999207657164 0.3344267181292138 0.9999999770269882 0.4660243103688611 0.5342567189954843 0.6016885530206746 0.6657543771431397 0.7343545330859604 4.098399008244629E-6 0.8674030372141046 0.010737745117246462 
0.1110068435962237 0.9799949190710808 0.999999512577028 0.19880707126038732 0.9999999721594192 0.3344961555685309 0.9999995177934817 0.46602429597147926 0.5342573458958272 0.601689088513551 0.665752782371386 0.7343545343319386 3.862002232483881E-6 0.8674022546963709 0.010626344721226607 
0.12108117992361622 0.9777485481594779 0.9999968444148171 0.19878850958168254 0.9999999729561512 0.3331029091729334 0.9999999888897496 0.4659648072050732 0.5344154870506773 0.6016909019349381 0.6694260805227226 0.7344849614969555 6.183468288322914E-6 0.8674030935161858 0.0107528473447676 
0.13115551551646018 0.9829704125950096 0.9999783100079918 0.1988092202297428 0.9999999836988546 0.33444587597882236 0.9999998721149632 0.46596357090996215 0.5346629867451645 0.6000229316996474 0.6693519024895569 0.7329434820607929 6.131855332445402E-6 0.8674026377486276 0.01276101692669659 
0.1412889048824418 0.9829931516675474 0.9999782955736042 0.1988094180377376 0.9999999687199339 0.33444712763187406 0.9999999904073892 0.4659650434947105 0.5346288869532689 0.6019583902388832 0.6693556542195442 0.7345066394644199 6.190090202755165E-6 0.86740277083742 0.012627013017621395 
0.210731251423144 0.9999808144473272 0.9421431867915084 0.1898155299815504 0.9992395965643328 0.33325700838827677 0.9998847232040023 0.47480936400027784 0.529418555678777 0.5960160421342323 0.6749097677321477 0.7344759775399412 0.0030103903944291768 0.8685668324764855 0.032683599557388386 
0.21195136035684414 0.9991713436094761 0.9978250275124986 0.20437901103801978 0.9992003091634057 0.33600758287089055 0.9999212675820712 0.47468557712993953 0.5245109245933177 0.5960943147643422 0.6755047043062441 0.7317699632693262 0.009678706779558854 0.8613783623168628 0.08150235844179173 
0.22201535491502955 0.9708600137160099 0.9997112118513101 0.1985278329746351 0.9992193536110204 0.33321495133167595 0.9999982337224936 0.46823432432587 0.5313407911209256 0.5960263140614565 0.674846431586282 0.7339377295398273 0.0030100568447408655 0.8627779982590185 0.03306904823127091 
0.23214943446820585 0.9995118212565881 0.9439619792928214 0.2039605216367222 0.9992019671986817 0.33334997930206944 0.9998835824661783 0.4741057046869459 0.5289841050102634 0.5960448204334491 0.6753350901824074 0.7317737171636403 0.01275907526885427 0.8615352485143883 0.10478146044544305 
0.242239965164594 0.9991729433476605 0.9533709929938596 0.2039611256622825 0.9992019957674052 0.3333038599576914 0.9998835870559488 0.4748909940389269 0.5292811957572153 0.5960425875740042 0.6753350965633204 0.7317730045769392 0.012758949039905551 0.8613831310950897 0.10486035271270139 
0.25233645911476255 0.9991268006653504 0.9978390259719472 0.20452301786944813 0.9992392857523986 0.33600598699124407 0.9998851369258862 0.47469260601170427 0.5245374375445746 0.5960954281674504 0.675511117836298 0.731761469835618 0.012663395385027403 0.8768597900424893 0.07777201059598605 
0.26243504592537165 0.877267974437221 0.9535028971659681 0.20397080480176547 0.9976257581850679 0.3331807534446209 0.9999960031942247 0.460303083542794 0.5244978540794957 0.5915717862034392 0.6614563113219869 0.7344000296809016 0.017976309394602437 0.870328402713052 0.07828620160045435 
0.3287197683682216 0.9252990538698062 0.9850423183967537 0.1903569304110557 0.9963330719819544 0.33912841478378497 0.9999469028102009 0.4682207526424821 0.5215210246734032 0.5990563220755692 0.6567105291877415 0.7184068545628427 0.007778782346725017 0.8764591368977689 0.038298668418804555 
0.3331691707718513 0.9390071496291023 0.9975844003545263 0.1990756482113228 0.9963212670817508 0.3398024152744898 0.9999174069294914 0.4686244640144592 0.5213221062158133 0.5990649290173827 0.6650881919728948 0.7386279193919608 0.04029364089047355 0.8700235552162067 0.1460078808550817 
0.34318904710894 0.9538528313293982 0.9846472100784532 0.1960387440863266 0.9962311927662495 0.3365463012343363 0.9999402340357639 0.4643976495940344 0.5212707769952076 0.600276677589074 0.6651212621851965 0.7385877602909796 0.018587074252373978 0.8689087548170322 0.0781988161626895 
0.35341647380884744 0.9275308730855408 0.9394290029382656 0.1955427051875127 0.9963261543285657 0.3384420521984178 0.9999168413162964 0.46359621320507366 0.5212707772210496 0.5946296535598389 0.6651212621851965 0.7391379166933023 0.007374476950391196 0.8483818302442302 0.11651493103657236 
0.3633466221418226 0.9998444397438654 0.9418482972476288 0.1989766022176844 0.9963296672365695 0.32580147848518787 0.9999411914295891 0.4643976495940344 0.536291998508783 0.6000858982084799 0.6651213418931119 0.7385877602909796 0.0024936129351192573 0.8685884433448616 0.0038769715592796156 
0.3734852295091724 0.9538528313293982 0.9846472100784532 0.1960387440863266 0.9975315096634229 0.3365463012343363 0.9999706409208702 0.48030654452147703 0.5223657206621697 0.600276677589074 0.6651212621851965 0.7385877602909796 0.018587074252373978 0.8689090945757365 0.0781988161626895 
0.3814236397068498 0.9262584077563512 0.815865257382278 0.22088630192435305 0.997451426506979 0.3384507734908631 0.9999879850907862 0.46372526765277755 0.536413474890516 0.602387976855934 0.6683245699411542 0.7384382642182987 0.002390167901236721 0.870830815417382 0.006816966698293715 
0.44718384283338136 0.924546502760112 0.9235953417722855 0.21280847882654935 0.99490423098752 0.33834255319950546 0.9999811610189407 0.46391323535768775 0.5220482554980376 0.587324414050268 0.6427166827247738 0.7385215628192504 0.004194411724071676 0.8709579320898058 0.12931779671682525 
0.4545362394710805 0.912684885723601 0.9220202932368571 0.2126445319256007 0.9984368601183081 0.3260227009628444 0.9999815079086004 0.46321573950917316 0.522028978021158 0.621355723810967 0.664683575283793 0.7357601046106147 0.0041671792829441265 0.8709411143094683 0.12930453848617332 
0.46423708783203305 0.913456244068102 0.9836424911963331 0.19793265578586677 0.999280990164771 0.33846034685483495 0.9999816652174135 0.4746582251335575 0.5444871683728322 0.6060987344867336 0.6676817519789767 0.7357569453068504 2.785094337423087E-4 0.8711028271817545 0.02159781159303706 
0.474613882271014 0.9459324114259124 0.9949357238092931 0.1989230533317634 0.9784916330942004 0.33445268181811777 0.9999246774012449 0.45994366281771015 0.5448861531792998 0.5971668004322805 0.6650505110388741 0.7356751055722365 4.964548110756098E-6 0.8680440054394167 0.12704633646649582 
0.4845669895550179 0.9249387601910309 0.9841304391440516 0.19871475986720555 0.9976494483248013 0.334452396354769 0.999987068754128 0.4598149364316482 0.5404144956309771 0.587324414050268 0.6655221709299054 0.7480815037967855 0.010392713838398253 0.8709354857795175 0.12901440077986331 
0.4946206052393573 0.913449995323603 0.9851491224199217 0.19793264676516345 0.9976488284076439 0.33761019884539767 0.9999819202781176 0.4755329398975819 0.5453195854248633 0.5867125257854486 0.6646953102161084 0.7357545663265199 0.002228740734522959 0.8707716350219488 0.12425640888404005 
0.4983070606238903 0.9249789511979537 0.9851366563017377 0.19892628841575277 0.9976488109842687 0.3365901261525477 0.9999810338134244 0.46625874798261285 0.5449208099367521 0.5867914768987176 0.6650522756667672 0.7480179423230733 0.003461167960995294 0.8711120019147428 0.12728381621923143 
0.5642487001107833 0.9933690570589309 0.984304560402622 0.19793264683404127 0.997647834909788 0.33658446735895575 0.9999819071131667 0.47443918487427394 0.544512120631738 0.6052874775865549 0.6646956555910707 0.7348933803139384 9.450279638033874E-4 0.8711123095914012 0.05942784187743913 
0.5651778588203679 0.993371506574907 0.9843045601849663 0.1979326468340436 0.997647834909788 0.3365266784177206 0.9999875258583553 0.4688553657139776 0.544512120631738 0.6052874775865549 0.6647087018900057 0.7348933803139384 9.44962298900074E-4 0.8710168287266308 0.03940378998474609 
0.5755149786896224 0.9202105190088933 0.9400893956288486 0.19793265572360205 0.997689092564238 0.3384633978919819 0.9999816228895921 0.47465822246994577 0.5449232557971457 0.6058324839504451 0.6646994591103489 0.7504104044772659 0.0011075604936780286 0.8711055922819968 0.14798796053555838 
0.5853569130030849 0.9234465811549172 0.9850472865479539 0.19793265572714375 0.9992496638555943 0.33846034685483495 0.9999878502537629 0.4746582251335575 0.5444871683728322 0.6058266726487368 0.6676817519789767 0.7357569453068504 9.717182030766279E-4 0.8710279342893691 0.04598952724230229 
0.5967863944547684 0.9956976617240879 0.996766394735749 0.19443610267874994 0.9519709954386639 0.3341902755836991 0.9999894667390248 0.4503671996300782 0.532960242544961 0.605350974251676 0.6647282522345298 0.7506607827171238 9.226865372371511E-4 0.8710259583596612 0.13245497965952802 
0.6055058703262668 0.9853551320447989 0.9918801401817058 0.19457581382349937 0.9999976973154805 0.32983868357089546 0.9999886728829133 0.46891687884240174 0.5330279784949512 0.5971146260718672 0.6651019145595466 0.7331675368325604 0.0025168070960987763 0.8683871987380769 0.1052008578631008 
0.6156477040531202 0.9856541902449124 0.984646927836409 0.19472578514026295 0.9999996048981172 0.3341849256615607 0.9997934445417518 0.469274016382983 0.5330280497305432 0.5971146260718672 0.665095196397436 0.7333265799889833 0.001457212552735665 0.8683733145995286 0.029304629285531528 
0.6159965520947771 0.9853582485164275 0.9998801841269624 0.19457581382349937 0.9999998624584595 0.3341902199185435 0.9999993083969962 0.46854403002560346 0.5329639077730549 0.5971146260718672 0.6668369597627889 0.7331675368416938 0.0012615667923240655 0.8684941841149088 0.014627857578612041 
0.6851071968659919 0.9231011229121754 0.9327372896240705 0.2215232723271434 0.9999956612996493 0.3257683103978018 0.9996260023296285 0.46194874465272795 0.5453973980987571 0.5799793118696744 0.6650893900582573 0.7664771172004515 0.019962408291090143 0.8710795750996189 0.16586593650860343 
0.6863100581359557 0.960254656768725 0.9749300112416861 0.19019795284391008 0.9984774956492989 0.3396529992593167 0.9999802504518585 0.46923213156730387 0.5336908752941117 0.5971878188653096 0.6655788076556187 0.7354989814891888 0.0013300866094624261 0.8710842395614223 0.16449477617982766 
0.6963387194605235 0.960254656768725 0.9632961107119862 0.1987820102459594 0.9999956174968757 0.3398148415173452 0.9999996546782524 0.4692313534432958 0.5299129173243887 0.597156570018685 0.6658678363147226 0.7342392688456176 0.0019401231077081416 0.8706873384350234 0.006190530516550968 
0.7069896485909091 0.9590755689433378 0.9394176822251732 0.19863848771907686 0.9999998825704458 0.33431087791996345 0.9999962860193612 0.4684453084486776 0.5300737185060205 0.59708672865653 0.6654115809389545 0.7474307627243074 8.70771467264617E-4 0.8885383206971814 0.031001538012999496 
0.7175201690245472 0.8905739847766997 0.8944590707771818 0.1946211094039615 0.9999560090136487 0.33308944869919876 0.9999917633321622 0.47094020899597827 0.5340482108552325 0.5757778202051478 0.6755071964431211 0.7181187139132278 9.451979196716948E-4 0.8702728169985705 0.01927154609084058 
0.7266311825899808 0.960254656768725 0.9749300112416861 0.19019795284391008 0.9984774956492989 0.3396529992593167 0.9999998244989411 0.46923213156730387 0.5336908752941117 0.5971878188653096 0.6655979315679965 0.7342392688456176 0.0011970411506278238 0.8707347573497165 0.04628270781322168 
0.8081029434784348 0.9991228694325099 0.9754696502073609 0.19839499875795943 0.9985772444602307 0.3444926161980923 0.9999993516992753 0.46534319959422105 0.5524686336612251 0.601515233426282 0.6469278682345455 0.7421118294354841 1.212002201965547E-4 0.8602740417662592 0.12115411286943689 
0.8179470403154864 0.9986847188045237 0.9366675064949792 0.19746172433255466 0.9995173730765115 0.33423541247481525 0.9999690756910551 0.4680100636769204 0.5454752326447425 0.580056265434939 0.6720697198389546 0.7409868769902747 0.003613264186319751 0.8698990349670664 0.12013412207862598 
0.8284638703172671 0.9857576657406585 0.999709799985448 0.19854194471646394 0.9626434780850718 0.3345060080126943 0.9999998287186218 0.46637815079081857 0.5311708318155799 0.6010414325795417 0.6630456243803571 0.7341994245406862 2.2774395604230726E-4 0.8660665827311093 0.016721737432461706 
0.8377312186236754 0.9780439886616088 0.9491060084689826 0.1974628435226756 0.999763954619537 0.3344864238546008 0.9999973996396536 0.4584903051918978 0.5374072140692183 0.5867101198601895 0.6717427193454788 0.7399942801933803 0.008771487767148756 0.8699217376189319 0.041151972512593935 
0.8477066146948908 0.9854036404722271 0.9997318033578004 0.19845906523831963 0.9999844622076596 0.33450640274958054 0.999999321613484 0.46841690021491245 0.5307230447719237 0.6000039970476899 0.6723363234669583 0.7343303904572387 0.003590665495214731 0.8659220966236467 0.1247347424214395 
0.8516784561541796 0.985764186768362 0.9997780211302362 0.1985410140174831 0.99999906783564 0.3345056591353363 0.9999998808279812 0.46807027382073285 0.5307116957711421 0.6000039970476899 0.6631664317004885 0.7342247281060211 1.1155898851555684E-4 0.8660665827311093 0.01671263904205698 
0.9187053710182893 0.9858103220420347 0.9974752922171539 0.1984459681368216 0.9999901281958469 0.33273362750412844 0.9993193941651637 0.470396543527496 0.5304628561661984 0.5954984478035384 0.663600749927015 0.7343131710813822 2.594933244756917E-4 0.8582787416312081 0.1267296331636447 
0.9284852180025944 0.9857593774986815 0.9953121898331608 0.19736457293733134 0.9999696721224877 0.332733685840213 0.999999854496144 0.47033234451250255 0.5304584134267366 0.5949748607439272 0.6631611201289555 0.7343079462612389 0.011283990933904803 0.8662279071339393 0.12661937531436052 
0.9385773304945861 0.9838419313717146 0.9994745387894713 0.1974296981061013 0.9999932475313759 0.3368249010105548 0.9999995312180038 0.4660083345965937 0.5257467365988654 0.6107118200723615 0.6708053896623544 0.7344449663783471 0.0039106940490661254 0.8660960821598629 0.10752382472518063 
0.9486767227603106 0.9686666736447329 0.9996446872501309 0.19725341624291737 0.9998879887986875 0.33273771472957964 0.9999995161776284 0.4708257496464853 0.5285137498260052 0.6101861871650917 0.670764894534782 0.7347871869367357 0.0010406762471245209 0.8679368564028801 0.12816650898989304 
0.9587669269351358 0.948532837139826 0.9950495278796663 0.19464497429772157 0.9998922890641343 0.3344570275082777 0.9999995356999609 0.4706847688783198 0.5258048414234181 0.6111619377018457 0.6707535524884005 0.7348030207146466 0.0011864563048399014 0.8688258214429155 0.10757327944233536 
0.9689402440031107 0.9879491781029701 0.999919745530808 0.18926147039849792 0.9976401401804503 0.3327322747581882 0.9999995406511938 0.4671288160647589 0.5286249538347756 0.6107192320824723 0.6636996144362763 0.7346392850479545 1.067744347375363E-5 0.8619093891423425 0.1266526860653931 
0.9695654899852163 0.9886245886943056 0.9975404989005567 0.20460340539469907 0.9999886173075186 0.3327281493649414 0.9999995298576257 0.470412997058623 0.528509992073391 0.6103207320135221 0.6637127382255217 0.7343174289235533 1.4200382455926974E-5 0.8657292281985839 0.07634709897157407 
