4.1815837079813185E-5 1.0083177319621361 
0.010067426817726504 0.9965130793972378 
0.02014056206102868 0.9859014211267846 
0.03030427027175281 0.9753177572017242 
0.04031748204518682 0.965333117765049 
0.05016403581484298 0.9556457320367777 
0.06054964580445485 0.9458939693068226 
0.07048829736500282 0.9352247234565462 
0.0805264355493946 0.9241983205783839 
0.09063705704973574 0.914082744801859 
0.10053942776232558 0.9032814391388978 
0.11058926655914934 0.8929302117326617 
0.12056744175382353 0.8824826959178748 
0.1307321278289399 0.8726995907077684 
0.14084738903940558 0.862641459794192 
0.1498561558152059 0.8535618671150409 
0.19905492359274876 0.8533578691499999 
0.284057098357128 0.8494616654665289 
0.2963886909273269 0.8440233559871663 
0.2988183381706575 0.8409003382070738 
0.33068745859457055 0.8188243778546932 
0.3538453213690325 0.7930639438857432 
0.3728046339557558 0.7874822520692347 
0.3730359125762456 0.7639452580855325 
0.3785080098783184 0.7321484099551491 
0.3822490595075363 0.7074810418505757 
0.38227885806222595 0.6489574808045226 
0.382411797001598 0.6221003986940142 
0.39139551939854256 0.6113210480242011 
0.40136985202725395 0.6006688226567651 
0.4112172426160406 0.5902415047907534 
0.42159163550205253 0.5806612365218854 
0.4316256435054091 0.5707040377878887 
0.4417272301622989 0.5604867398285086 
0.45148130169418943 0.5503997647470109 
0.46032394611960514 0.5410921551962826 
0.4792775862157425 0.5388944376351983 
0.48221270399420857 0.5209804503655939 
0.5001333940194359 0.518498681254834 
0.5014061655077221 0.5001637156049538 
0.511631909552126 0.49001385957785454 
0.5213563310910794 0.4796462255024209 
0.5328131131722206 0.47103760152295043 
0.5503269781582474 0.45055478439115104 
0.563576056409046 0.44132980278267137 
0.5698514095433337 0.43087313280000095 
0.5825396429414007 0.420314640363933 
0.5938563240930157 0.4110692308503016 
0.6013277406749661 0.3998320219888834 
0.6131234369180852 0.39056071306942675 
0.6209306978103104 0.3822405012606276 
0.7326181646715707 0.3759788593845902 
0.7438193548625283 0.37586176603676513 
0.789835009395902 0.36867763595043235 
0.790157108480694 0.3563412366836188 
0.8261849038012976 0.33371095177952625 
0.8261931315907969 0.3197542928965507 
0.8334792539743916 0.30674480532120735 
0.8437192842279391 0.2784912517630053 
0.8535520407203068 0.21138552873323113 
0.8536235105061913 0.16093291701335868 
0.854488934616576 0.14939812687078666 
0.8639266523232236 0.13947564651430275 
0.874188226717277 0.12957407580594132 
0.8845306187913009 0.11984452859527385 
0.8959855824344138 0.10928363763789824 
0.9113196554775115 0.09986204089679042 
0.9156248831137278 0.08967233127401915 
0.9287601700526193 0.07932156333099762 
0.9364482673658954 0.0689988002058337 
0.9481442151686807 0.059032731212940816 
0.9557305443729764 0.049831792311617384 
0.9658728216350899 0.04013648241510394 
0.9964097853053807 0.029237522261370913 
0.9985253124424224 0.018860272145528503 
0.9998222819233372 0.008628275562513714 
