4.1815837079813185E-5 0.7844508357036323 0.8976925087490676 0.8650181136593221 0.8388439205054797 0.9092696305829657 0.8240267376979306 0.9074502850395617 0.8188841668214583 0.9063341567908015 0.8332379562630846 0.8899542541543984 0.8576717089483623 0.8748926051026835 0.8554681658415664 
0.010067426817726504 0.7705986290294813 0.898410807053035 0.8655876355041867 0.8444959593197944 0.9053294240275511 0.8244646604432527 0.9076674795083572 0.8188927529065904 0.9063347123978028 0.8287958085124689 0.8882702560469316 0.8577227678094081 0.8750885743078843 0.8554203050434985 
0.02014056206102868 0.7834232916166134 0.8972767361314418 0.8660310839109349 0.8442572009691065 0.905024361869287 0.8244745759523643 0.9076674821568459 0.8188815747470596 0.9064758513623902 0.8287957787789515 0.8884359168303728 0.8576674173841621 0.8750788886202348 0.8552730067445645 
0.03030427027175281 0.7831957299318916 0.8972852362145767 0.8644930549751831 0.8445225382797706 0.9052201173803276 0.8240527348206531 0.9074504912708201 0.8188404987152468 0.9063347123978028 0.8332375685998905 0.8897519987627287 0.8576807146222182 0.8748934660808972 0.8552649499962383 
0.04031748204518682 0.7832242978151644 0.8976073487619769 0.8648424300074631 0.8445121204361091 0.905220506602812 0.8244729345079486 0.9076954819404566 0.8188404987152468 0.9063339184178264 0.8332387563715046 0.8899456688091413 0.8576341063713184 0.87489366773386 0.8554694005078727 
0.05016403581484298 0.8117945086481194 0.8831414268895234 0.8768493061453054 0.8390682929886281 0.9132070899299717 0.8244746096548464 0.9074643613586765 0.8316546684644985 0.9064758094783669 0.8288120445777405 0.8884584609054157 0.8576677178807323 0.875078980718934 0.8552775738007606 
0.06054964580445485 0.8378224885577453 0.8583435089531132 0.881082931525486 0.8386994943560475 0.9053823551188425 0.8246535944865084 0.9074556390032399 0.8196411781693784 0.9067766508641812 0.8254976059818463 0.8884703012097029 0.8559375355344507 0.8759074955671353 0.8547698044578934 
0.07048829736500282 0.8388216363960472 0.8583645877412542 0.8812492855668612 0.844011048962225 0.9053778688179536 0.8304584310413469 0.9074837095302435 0.825649103816584 0.9063389633716884 0.824525182848201 0.8882134533089961 0.8577026977938058 0.8758547998017322 0.8508984478590851 
0.0805264355493946 0.8388226826717659 0.858340391398673 0.880706000305971 0.8389061577216496 0.9053821271053826 0.8246540100078188 0.9076870616905719 0.8278073455586031 0.9067755224441426 0.8414392897141781 0.888220619345074 0.8559774330718005 0.8759051674282845 0.8547672288759943 
0.09063705704973574 0.8575203652109334 0.8575233612293668 0.881254321269195 0.8284872856686775 0.905331983537422 0.8246401932481481 0.9074823776691416 0.8258855255503729 0.9063511307665149 0.8334882791874054 0.8882179160563638 0.8555561438427511 0.8758532878710358 0.8547697997483854 
0.10053942776232558 0.855755998205467 0.8583179494347492 0.881085770779965 0.8389067157471737 0.9053418851685515 0.8246415560167708 0.9074553648196908 0.8188546713879434 0.9067320374821495 0.8315648987100872 0.8882242975954012 0.857578654428407 0.8758672367683148 0.8547786085261552 
0.11058926655914934 0.8576009750655077 0.8575307267185049 0.8821244059657304 0.8448269425766177 0.9053348397150942 0.8243339610635904 0.9074829197520842 0.827527685907373 0.9063504834554373 0.8418733249470937 0.8882175345237341 0.8575918443654506 0.8758566606179479 0.8546914404000304 
0.12056744175382353 0.8574167871321247 0.8575314554782445 0.8812038783994957 0.8446946313159232 0.9019864528779323 0.8250684333851044 0.9074818802689909 0.8263837248351199 0.9027914952147279 0.8312764178856854 0.8917399591352803 0.8574595601545831 0.8758675231485685 0.8541904261933962 
0.1307321278289399 0.8782498833800323 0.8575780106140867 0.8808803194184184 0.8304699386286031 0.900793549115414 0.8398586258126657 0.9074187176558384 0.8264758340439344 0.902791665441663 0.8313030701250029 0.8916462039079793 0.8438997354593022 0.8798701538587828 0.8541766880335183 
0.14084738903940558 0.8741463605434855 0.8576263028372824 0.9008100146555024 0.8324762128180957 0.9003070634330199 0.8243638219440186 0.9074330771539255 0.8258629350155449 0.9063086587930678 0.8309051615745996 0.8882403639894466 0.8563837223410362 0.8799145257821194 0.8546319545941206 
0.1498561558152059 0.8670573746355172 0.8574129716496655 0.8966733422623709 0.8324299736771184 0.9090853001177182 0.8257009417576128 0.9074829250501814 0.8263876408036234 0.902322510749007 0.8313051130834509 0.8914066841716937 0.8439368473347336 0.8861941906004638 0.8542349175715738 
0.19905492359274876 0.8757403131562448 0.9509459389722935 0.9015472533677086 0.8108181026921072 0.9002077110164151 0.8250635848701926 0.8906955622108893 0.8481901143798904 0.9021519183570722 0.8784278038721355 0.8912579507231772 0.845030069638664 0.88364439926569 0.8874440291999045 
0.284057098357128 0.9920130184854015 0.7367458839251154 0.7637161421825033 0.7804547791874051 0.9094403275506913 0.8280073967811467 0.8821869181647307 0.7994370731585422 0.8976608695340635 0.8565167956493903 0.9140007390227789 0.8145123075363426 0.9259595903282489 0.8795144500665261 
0.2963886909273269 0.9949414959576087 0.7365878171955696 0.7625687304475396 0.8420679246948859 0.9103278077214538 0.9227183859140659 0.8823590553740575 0.7993710469354103 0.8943513358183607 0.7918594465233548 0.9090206670338156 0.814525872057595 0.9257435547267135 0.9079713202047847 
0.2988183381706575 0.9931928239247373 0.7340309318268486 0.7634179748296879 0.8624189689391982 0.9096715290003683 0.7495951853714159 0.8816372445882688 0.788077286394161 0.861495895426223 0.8561979751763683 0.9090673706040968 0.8145258055608445 0.9287158481081105 0.9101579145736405 
0.33068745859457055 0.9501048570016909 0.7367339247854476 0.7625687304475396 0.8420679246948859 0.9103278077214538 0.9227183859140659 0.8823603237558152 0.7993710469354103 0.8943513358183607 0.796289886296743 0.8784089359604961 0.8145131058858291 0.9257435547267135 0.9079041484005901 
0.3538453213690325 0.9866581317813038 0.662598174008694 0.783399442308251 0.8622413193391864 0.9098191282924167 0.7446443358992711 0.8786305177387664 0.7794490962507548 0.8680088543955288 0.850458661477958 0.9087073578367657 0.8145797297914332 0.9150942805471971 0.8169545551991086 
0.3728046339557558 0.8899029164420511 0.7537995345530198 0.7859690550716593 0.8547991584259799 0.8942401443543204 0.7443822297120989 0.8784977120511879 0.7790430388487442 0.8975421237188045 0.7959001297714988 0.9087086271878332 0.8708791955166357 0.9360279407229988 0.7314140852647081 
0.3730359125762456 0.8921358027642227 0.7522561046418303 0.808081216755216 0.8547991584259799 0.8942735762519127 0.742671387606395 0.8785834138619785 0.7846317089063617 0.8635995907495065 0.8487226950228793 0.8673679372634593 0.8708791955166357 0.9400810375640588 0.8588442366965362 
0.3785080098783184 0.9990629144229565 0.6781760565849352 0.7911413580345741 0.9084680836698564 0.8942589791203784 0.8550672329736728 0.9427626297343116 0.7915130099380029 0.9367954964006924 0.8504306197616884 0.9085930942205448 0.7769259834945343 0.9444325446858491 0.7482948802899191 
0.3822490595075363 0.9918271264341333 0.740802860707514 0.7939103469352577 0.8268671536863935 0.8952409862631913 0.8241859060903982 0.925359081512299 0.7930875522123977 0.9432799931190564 0.8480424591303845 0.909396801759115 0.8592957916924163 0.9431039331626224 0.7455341394409671 
0.38227885806222595 0.9962331145370275 0.6788207394600878 0.9275436463268266 0.778578639581824 0.8934354518531697 0.7899859393683342 0.9034825686370761 0.8588542249194582 0.8970667226942781 0.866640203275058 0.8674688579116162 0.8671227162415238 0.8941049157306113 0.8572711936804065 
0.382411797001598 0.9992181221485288 0.7457120016997615 0.9273625081619996 0.8067227836862382 0.8933670153580909 0.8233725979586454 0.9194101267408884 0.8317227636364852 0.8822218693402903 0.8664197679196979 0.8673465969470466 0.8667796530159304 0.8825497844613713 0.8572646753760925 
0.39139551939854256 0.9992181221485288 0.7463501383761473 0.9361386650657919 0.8067227836862382 0.9159306534439359 0.8233725979586454 0.919238667705711 0.8317227636364852 0.8822218693402903 0.8484126136335648 0.8673449605439691 0.8510613559208372 0.8825497844613713 0.8575694381640994 
0.40136985202725395 0.997168471704343 0.7473079792631031 0.9274449024766848 0.8011666462244224 0.916384435679545 0.8240647463142078 0.9025639610577887 0.8426659311536333 0.8992266049833749 0.8310562346017585 0.8870306785135139 0.8510764694605856 0.8818725608084741 0.8570094967752282 
0.4112172426160406 0.9971699460202085 0.7486648669379622 0.9362273474346382 0.8097585468323528 0.9163811946209754 0.8216929402733572 0.9045271643588506 0.8426558771443368 0.8827546655583505 0.8480455949154954 0.8674577177667612 0.85106669334459 0.8825492105102342 0.8576053143065887 
0.42159163550205253 0.9933623565863858 0.7771465785249237 0.9361427335946488 0.8103698109876935 0.9015149513351288 0.8233281555172607 0.9026567072172108 0.8350380615762885 0.8830051031623133 0.8486299026362609 0.8726178546465622 0.850986100588402 0.8826527892661217 0.8575996828005025 
0.4316256435054091 0.9973492755848038 0.7480766414002007 0.9274691856675013 0.8219870222129265 0.9166805538313033 0.8225875126545094 0.8937625971856868 0.8437281325561199 0.8837562813250665 0.8713371887357533 0.8668304934078611 0.8613125444657764 0.8824539246701579 0.8556764508256407 
0.4417272301622989 0.998383420294522 0.7630350629319397 0.9361428203135933 0.8067616265585955 0.9014746785839957 0.8219102582189093 0.902418603886628 0.8392697627941457 0.8838154440068562 0.8306825494933849 0.892640916478875 0.8507701766490491 0.8818328976803462 0.8616217920535999 
0.45148130169418943 0.993148614641076 0.7636918100323493 0.9360417504824236 0.8067679384217986 0.9011182903944533 0.8240699011790716 0.9026578857172932 0.8398680609155051 0.8831274497643251 0.8485183772811037 0.8676625737734128 0.8508828849772864 0.8878575854379319 0.8575306203236117 
0.46032394611960514 0.998383420294522 0.7475524775814696 0.9361428203135933 0.8067611759968021 0.9014746785839957 0.8225930566580821 0.9026559473239292 0.8392697627941457 0.8838154440068562 0.8510645168205241 0.8933769144138988 0.8507701766490491 0.8818344438419744 0.857599603781561 
0.4792775862157425 0.9984003903917188 0.6850692829066337 0.9359849293451769 0.8066268187978737 0.9350125714931922 0.8226262257359671 0.8871046879868265 0.8489968031010025 0.8460081387592832 0.850432692727174 0.9034973773807201 0.8455918483552319 0.881831364063374 0.8570993815744842 
0.48221270399420857 0.9983842117808981 0.761261351920514 0.9370398135830107 0.8066156412521559 0.917410947728385 0.821940510710849 0.8864792751030487 0.8541354046341827 0.8855939654050964 0.8504253310721429 0.8936826877499198 0.8216380159100329 0.8817899494060594 0.8616753279207192 
0.5001333940194359 0.9990598627549259 0.6895291683364666 0.9378798649130426 0.8064647434705383 0.9019152848714075 0.849148312062473 0.9007032935196297 0.8495150999395503 0.8950329844982176 0.8388393311500407 0.8908342507067888 0.8331386719306487 0.8887060613972907 0.908551283688454 
0.5014061655077221 0.998377600865925 0.7502491386518152 0.9359779575569835 0.8066339625207628 0.9098819758527292 0.8318842633461834 0.8872459832763385 0.8495357245331208 0.8955099874487664 0.8388430283398726 0.9035698576747546 0.845074999012128 0.8818073579119021 0.857111362848171 
0.511631909552126 0.9982958090714225 0.7528905971592484 0.9373491721450858 0.8064233744604343 0.9018494360650696 0.8313438884454242 0.9027749649534649 0.8338554163792119 0.883948842957587 0.8398843199621734 0.8812047269137044 0.8525925916771178 0.8888799163185854 0.8628274959658367 
0.5213563310910794 0.9988555793605025 0.7502491386518152 0.9359779575569835 0.8066336532446455 0.9112449758938757 0.8318842633461834 0.8872459832763385 0.8495357245331208 0.8953341598543038 0.8388430283398726 0.8918358491376158 0.845074999012128 0.8818640648570497 0.8627870260893036 
0.5328131131722206 0.998350315767792 0.7495547178911547 0.9359779575569835 0.8066216935840884 0.9340954713408818 0.8318842633461834 0.8872459832763385 0.8495357245331208 0.8955065802368257 0.8388430283398726 0.8944856953718954 0.8325003238426335 0.8818428872107223 0.8629065928128062 
0.5503269781582474 0.9965739555066552 0.7528696476227192 0.9377971341923435 0.8064233935257645 0.9019088148273045 0.8315395544600975 0.9027796495156719 0.8338235021871613 0.8956192434335031 0.8389253679746945 0.8928025312044732 0.8528948929900109 0.8739619001726955 0.8574572316762894 
0.563576056409046 0.9987486246529578 0.7630721269810739 0.9373716468094282 0.8268509646763057 0.9116101799910489 0.828310969103136 0.902741856560291 0.8348241382794037 0.8852340576612777 0.8485337955769854 0.9065244536552315 0.8533941312394143 0.8872878426629192 0.8369256483873398 
0.5698514095433337 0.992685290722882 0.7508195738624226 0.9378129415284283 0.806423393636313 0.9019088148273045 0.8315395525112483 0.9027870305450534 0.8338235021871613 0.8847443791420154 0.8502542537324232 0.883735389066296 0.8528948929900109 0.8739689487755187 0.8574572316762894 
0.5825396429414007 0.9927114593416371 0.752918366406539 0.9359776207630981 0.8061752606352854 0.9114187173992662 0.8296311568201334 0.9126311210635928 0.8268207695883546 0.9184019534971797 0.8274456887988695 0.8927821833306228 0.8329431359184314 0.8797370334619788 0.8525141968806345 
0.5938563240930157 0.9928272079687316 0.7776025076638987 0.938022608567657 0.8079030934697323 0.9095809446566309 0.824715971056011 0.9019524290316339 0.8038520490204841 0.9046152920853834 0.8306559683391351 0.9074776129616683 0.8332744630199845 0.8772661672559061 0.8525350590698336 
0.6013277406749661 0.9964900171327167 0.7528339302124243 0.9359921523625163 0.8064179781090909 0.9113489488568246 0.8245837088258448 0.9027481891891582 0.8336895698503367 0.9042123475376458 0.8382648064208348 0.8926083374868288 0.8532669103573536 0.8797704805860485 0.8575048548386358 
0.6131234369180852 0.9928207522911611 0.7625672669062942 0.9379966374767353 0.7939963036723754 0.9279651310163476 0.8290252241894092 0.9018844607343827 0.8156171020570409 0.9133833782997777 0.8276071116035811 0.9073146397142283 0.8337563621937267 0.8772715970320801 0.8516332793792679 
0.6209306978103104 0.9928272079687316 0.7776025076638987 0.938022608567657 0.8061270736322175 0.9094956971756485 0.824715971056011 0.9019524290316339 0.8355843437917485 0.9044454130745139 0.8275408941296275 0.9074776129616683 0.8333752327817284 0.8772971180540137 0.8525271253158097 
0.7326181646715707 0.8197373678728703 0.7820379797467661 0.930274657659962 0.7693104666197587 0.910653273293591 0.8538289294955663 0.8075284857757448 0.8175892820925522 0.9277097439989437 0.8312838463725987 0.8250417420658068 0.9289608141752511 0.8733243342729737 0.8665042937098433 
0.7438193548625283 0.9836985868032078 0.77758697254289 0.930190286258344 0.7693104666197587 0.9095275539115423 0.8541975248398568 0.8075284857757448 0.8175892820925522 0.9277097439989437 0.6851998177691836 0.8250417420658068 0.9301017077505066 0.8733243342729737 0.8665042937098433 
0.789835009395902 0.7733717812539231 0.7821049117954523 0.9366939942185216 0.8345360932379641 0.9378248280836718 0.8521091121547153 0.9191445643401913 0.8179555163503107 0.7983272908317135 0.8431065566303322 0.9074650554471293 0.9296032710485088 0.8947712461036258 0.8648004682005254 
0.790157108480694 0.8050191454535575 0.7820565435276815 0.9607072646137585 0.7642777854315604 0.9381485394089988 0.8515690017390325 0.8000911920441914 0.8216215225680346 0.809135800755197 0.8347842375824029 0.8894765092001735 0.7893306041680067 0.9600554473483497 0.88697303519204 
0.8261849038012976 0.7692251553398474 0.7505586263890732 0.939829531840732 0.8348795621835534 0.8301836819403252 0.7931043653093678 0.9054998380158503 0.7393037737161073 0.935154662200768 0.8526601112227193 0.8780630275882803 0.8110194623701553 0.9095148391322572 0.9105222656797426 
0.8261931315907969 0.7662953600493482 0.7501655778500094 0.9230937666009913 0.8350640439624792 0.821170075805818 0.8621201596809208 0.8931493621416572 0.73961851853194 0.9351653309555692 0.860553668768374 0.9041632878053492 0.7867168276517522 0.9104527739184032 0.8573546548093424 
0.8334792539743916 0.7692251553398474 0.7505586263890732 0.9381229512879237 0.8347735046209955 0.8310908903524731 0.8621202117640849 0.906238942791263 0.7887684026606927 0.9371457045381643 0.849872516808092 0.9073550001560567 0.7289147499103772 0.9095146433627217 0.8593904953096504 
0.8437192842279391 0.7662953600493482 0.7501655778500094 0.9230937666009913 0.8697278384433821 0.8210674220570114 0.8621201596809208 0.8931493621416572 0.7888341784339504 0.9309592134379954 0.860553668768374 0.9041632878053492 0.7896516416636792 0.9104527739184032 0.8562957753504041 
0.8535520407203068 0.9256180661606276 0.8460298125043076 0.8882659059348328 0.820041656531315 0.9108383628127366 0.7954492660483709 0.9105105678660913 0.8448195240297939 0.9125352556177527 0.6887787794025159 0.8895293335414334 0.8402522200769069 0.8761753967440522 0.8563319589028788 
0.8536235105061913 0.8653938176927563 0.8458533476688701 0.8884554766153046 0.819964026420372 0.8962963659876515 0.814361471951296 0.8965233396034984 0.8362266442053454 0.8909759328823279 0.8310270521333402 0.8895672680987691 0.8003421085705114 0.8729970066008729 0.8286400321889326 
0.854488934616576 0.8658227914310745 0.8458625631009665 0.8877501544878926 0.834869779452956 0.8962963928400643 0.8216679377884882 0.8975479568809914 0.8224705717578711 0.8910085160505108 0.8314490650991643 0.8897496288636315 0.8509852577149641 0.8776590670699965 0.8585427923329494 
0.8639266523232236 0.8677509606004289 0.8611503031752763 0.8877662706432666 0.8278228828791347 0.894779909021432 0.8209391356708214 0.8971012497596275 0.8362266442053454 0.8971122301140919 0.8307841923171939 0.8895672680987691 0.8509596801601773 0.8729970066008729 0.867304180097883 
0.874188226717277 0.8677529822408478 0.8456744169480777 0.8868522224332748 0.8278240998131252 0.9094334120445888 0.8216629541628901 0.9120911759369554 0.8358308406977312 0.8907692745577864 0.8499496406357676 0.8897484500017694 0.8535970168488818 0.8735139715421074 0.8546725994112327 
0.8845306187913009 0.8659137450753438 0.8456744169480777 0.8868601248800255 0.8278240998131252 0.9097237760971254 0.8216629541628901 0.9118950874093831 0.8182038754903886 0.892293575458384 0.8508339674189186 0.8897484500017694 0.8509591701954186 0.8776998156863663 0.8547060747317761 
0.8959855824344138 0.8658103681743243 0.8455121225444626 0.8868601248800255 0.8278240998131252 0.894819265958269 0.8216629541628901 0.9118950874093831 0.8188739236080504 0.892293575458384 0.8312603844618819 0.8897477582996468 0.8509862203534008 0.8776998156863663 0.8547043663826774 
0.9113196554775115 0.8297829327759196 0.8623494416648712 0.8614336524192749 0.8479715641087802 0.9146995538024116 0.8298240248325515 0.9094491996765616 0.8186084142817597 0.8974300700785296 0.8365705240156556 0.8546673824272478 0.8382178092680646 0.8905657823893548 0.8552517114361209 
0.9156248831137278 0.8383699703361407 0.8623310845010708 0.8880881334427192 0.83456258145605 0.9046257130613148 0.8299148894494538 0.9094538992552815 0.8186084142817597 0.9060122193603378 0.8361394524641549 0.8983615294404805 0.849363745754666 0.8906074346382978 0.8593877814759984 
0.9287601700526193 0.8379764883095568 0.8622505360368017 0.8880328978018721 0.8474507884043713 0.9133861841648785 0.8299147056146396 0.9093462633363734 0.8186084914025051 0.9060122193603378 0.836127881259909 0.8682515541121336 0.8578459505978673 0.8914710405461402 0.8575758176525863 
0.9364482673658954 0.8174479563424761 0.8698866741568977 0.8643013456940861 0.8463086976618712 0.9056846733994269 0.829851457542923 0.9094495611796587 0.830748847611796 0.8974266740425978 0.8290291583168069 0.8954845328732814 0.8383518519502506 0.8906639659527217 0.8545657014621242 
0.9481442151686807 0.8255202474790754 0.85914989665858 0.8809994907598271 0.8463071154999439 0.9053319778096638 0.830096877309813 0.9075178978117131 0.8186062690106736 0.9067317695608836 0.8292102901830659 0.8967043126551256 0.8566625870844695 0.875126952673155 0.8574505711686226 
0.9557305443729764 0.7981817652782212 0.8821019611308635 0.8664546159494807 0.8463090540586811 0.9042316146930884 0.830910336354685 0.9091646597883644 0.8186039526127487 0.9046724484868114 0.8293492647010698 0.8954762300994813 0.838362879081904 0.8906473969636013 0.8551308689220108 
0.9658728216350899 0.7981817652782212 0.8819140877602846 0.866430064632066 0.8463303442660329 0.9042316146930884 0.8309187378726531 0.9091646597883644 0.8186083874610053 0.9046724484868114 0.8367441732093105 0.8955699143650516 0.838362879081904 0.890660688842425 0.855249343547504 
0.9964097853053807 0.7776710580981355 0.8816663968292137 0.7985988095304472 0.8474666806031387 0.899807687525399 0.8648370229973085 0.9119317500605074 0.819893013368474 0.9062051776336049 0.8358556551099166 0.8915654932973752 0.8379063088213569 0.8906500122163168 0.8551324330115098 
0.9985253124424224 0.8258736619322777 0.881643297007378 0.8664546063183276 0.8463090508609273 0.9131696952129761 0.8309089309600588 0.9093480985097157 0.8185947200380679 0.8845220230909614 0.8293835190001035 0.8962857681883125 0.8386299961696474 0.8906252515653027 0.8550540842265739 
0.9998222819233372 0.7767977528753073 0.8816663968292137 0.8664504347553338 0.8471040430728957 0.8997303053940728 0.8309077298621026 0.9120132675839904 0.8198255934464743 0.8968056798425823 0.8359077647279137 0.8915654932973752 0.8386299032029317 0.8906252890466172 0.8551324330115098 
