0.7511628456880235 1.4369172249459339 
0.7536580521099583 1.4356580050852812 
0.7582053159446648 1.4344443307378856 
0.7642399756023729 1.4321133535544484 
0.7643460451005306 1.430675599034121 
0.7711292295664793 1.4267360510040588 
0.7802649867633917 1.422229157245191 
0.7805680672136214 1.4213691318361548 
0.7814995607973394 1.4207906742112542 
0.7963826699264491 1.4126267230402347 
0.7975887331670217 1.4117077731815626 
0.803573709654824 1.4086826900277756 
0.8169215077022439 1.4012186884162576 
0.8179257676769016 1.3989345344798645 
0.8324600732751066 1.391541268113102 
0.8349077186469975 1.3880495983601195 
0.84063898713989 1.3847973999521739 
0.842863055971817 1.383772576179246 
0.8460586586316525 1.382540966551399 
0.8479429025535379 1.379431114714369 
0.8537840544485247 1.3761454197877234 
0.8544911343007479 1.374415536462516 
0.8604916642209486 1.3738839717083187 
0.8611335912754268 1.3698774042263584 
0.8698866124897204 1.3691758587863718 
0.8700088142523201 1.3637353748468273 
0.8726703675841032 1.3621910329436016 
0.8743143497058038 1.3607812515569762 
0.882425562841239 1.3539582491069586 
0.8849590483852913 1.3533870204259038 
0.8877195674919738 1.3499671038969407 
0.9012374090516897 1.3406361052284153 
0.9027284754864882 1.339011622117352 
0.908771532795263 1.3353411822843118 
0.9124825797677829 1.331544993026249 
0.916900937281555 1.3265242134186463 
0.9233699513949456 1.321032334015277 
0.9243707295415966 1.319916859436899 
0.9305129013174557 1.3147114120511345 
0.9378038548975929 1.3086046028004223 
0.9393214121925133 1.3069970995404327 
0.9427696981904816 1.3039549961375811 
