0.251162845687997 0.47819739517832294 0.5857608642596374 0.46267728178027373 0.3487251260945561 0.548258463345014 0.259702445081959 0.31405407226200605 0.5426902476883025 0.5466025265520301 0.363089098120105 0.5820416662327811 0.5302704984633929 0.5130941217132284 0.47079792924772834 0.4388874433949716 0.4999515825291222 0.5879796255267266 0.44435827971318625 0.4319621672486156 0.56654643764287 0.49626201649806556 0.31238075669114984 0.4958554066531425 0.544246106573222 0.5074962923142393 0.41136435875610894 0.4538430872592108 0.532991811665299 0.6379800073538875 
0.2536577784543042 0.39153988025716474 0.5857608642596374 0.46664825459050513 0.39423440233635987 0.5482581785313348 0.25971683306796856 0.31425744061865307 0.5365588703826809 0.5502087295193275 0.3675243815088724 0.5821359230231732 0.5302704984633929 0.5130941217132284 0.4712995667601226 0.45241308308578776 0.4999515825291222 0.5879796255267266 0.4444892787901418 0.4343350732265593 0.5667942504462634 0.4962674853302643 0.30114849364389834 0.4958554066531425 0.544246106573222 0.5074962923142393 0.4114245685565422 0.5502284019732832 0.532991811665299 0.6453329448417646 
0.25747012165944827 0.39151066035181803 0.5857608302104294 0.46664825459050513 0.3942504072361506 0.5482497876396526 0.25971683306796856 0.31425744061865307 0.5365588703826809 0.5502087295193275 0.3679505265524362 0.5821359230231732 0.5302704984633929 0.5138680724794792 0.44490754623970236 0.43921259087662207 0.4999515825291222 0.5879796255267266 0.5749852797520364 0.4343350732265593 0.5667942504462634 0.4962674853302643 0.28159980361270726 0.4958554066531425 0.544246106573222 0.5088431126764204 0.409961960382043 0.5502284019732832 0.532991811665299 0.6453367067530393 
0.2629722288838071 0.39153988025716474 0.5857608642596374 0.5999395326453086 0.3824549376193157 0.5483624944493297 0.25984516167630406 0.31425744061865307 0.6572714164993124 0.5753569726766103 0.4443000648531376 0.5777283956190172 0.5332512721005455 0.5574502202432176 0.47160854023601667 0.45241291541866663 0.6077509632215955 0.587980862182401 0.44699619163897886 0.4343350732265593 0.5667942504462634 0.4962676466974195 0.30168227621283933 0.31747860186500365 0.5473391159697292 0.4501271412348531 0.41650104952581846 0.5864838831795959 0.4533936946508046 0.4763760824898541 
0.26398327603842847 0.47794144011858175 0.5847440016679863 0.466632751285454 0.37996294461626073 0.5482586437756591 0.26164326451475695 0.31235176049108854 0.5438897967791462 0.546594578516729 0.3745543999204722 0.5796602698476889 0.5302704984633929 0.5274920061965215 0.4880464047040332 0.45148941247892155 0.4999515825291222 0.5879796255267266 0.49703371691532755 0.4344132780177736 0.6384749171323054 0.5635337756339114 0.49501781342537776 0.4958554066531425 0.5433065228877187 0.5139692109817623 0.5853170339973985 0.449687674965896 0.5284178883675981 0.6448495111502851 
0.2709689867708172 0.4091401442493474 0.6177022472486762 0.42941014165694985 0.39390444530266844 0.5454653934267443 0.28938015706109044 0.31413919711262683 0.5861609612043739 0.5502087131133471 0.3676016973596694 0.582135744404296 0.5302883928940383 0.601507526698887 0.4714944759566763 0.4522474052200101 0.6377808846149813 0.5880714648396483 0.4444894600415555 0.43815524980031395 0.5666125086083448 0.4962971533006828 0.5535520912538678 0.4960201286877988 0.5442449634788832 0.507516764423494 0.5979493911668375 0.5053195859520766 0.5390742979139934 0.6495750519809299 
0.27976652244001904 0.39065356569240534 0.5857651885486606 0.5764742431273865 0.4375674126344037 0.5454556879363209 0.2584171948790846 0.34824327396291715 0.5357908110159497 0.5958032544596943 0.44085943697609137 0.7112355530344106 0.533246507730085 0.6787187119731402 0.4594060252200875 0.4384531022705271 0.6055640642732759 0.5879387286394377 0.4984438661462229 0.45460009390371053 0.6036472103129381 0.4949184069356087 0.30305622845561037 0.31919759479923276 0.6190290259146664 0.521232453223848 0.41715644802295404 0.4533763017433 0.5812327640895278 0.4757443271712066 
0.2805119700411177 0.47696492266966656 0.6134909977255985 0.5764742431273865 0.43489650674727315 0.5454577048952758 0.18549407221914893 0.34824327396291715 0.5357908110159497 0.5955829381290878 0.3727854458608309 0.7112355530344106 0.4692457187583154 0.6787187119731402 0.4594060252200875 0.4390620027276004 0.6318230999984388 0.4235972687268725 0.49856567932546136 0.45460009390371053 0.6049774527390841 0.4950209437481034 0.3372594980147576 0.5048747445858317 0.6190290259146664 0.5084184250786744 0.4276400297553974 0.44176900884239434 0.5812327640895278 0.48745723432381394 
0.2814786539542108 0.47696492266966656 0.6134909977255985 0.5815436367428748 0.43489650674727315 0.5454577048952758 0.18549407221914893 0.3483024449056723 0.5417680181684185 0.5955829381290878 0.34640047926563994 0.7112355530344106 0.4692457187583154 0.6787187119731402 0.45948313451024936 0.4390620027276004 0.6318214648400835 0.4235972687268725 0.4390930853757926 0.4541255825498633 0.6049774527390841 0.4950156848158998 0.3372594980147576 0.5048747445858317 0.6246219583184437 0.508428132580529 0.42981034074612084 0.4139925600062686 0.5873570194998943 0.48745723432381394 
0.2960879014821255 0.47678469225725156 0.512647754614843 0.43742357240700436 0.40385526033556207 0.5443263830399183 0.2598419746777063 0.2807294649511143 0.7126732022865958 0.4900916610764048 0.5161901797726903 0.5796529792308491 0.5779692098940726 0.6767686547114825 0.4455979529618451 0.4390351698642886 0.6073958286709389 0.7215094051475521 0.49877429295038944 0.16889642084514622 0.5846234759966993 0.48636868410941947 0.47960178387676344 0.5085553442931173 0.6191546396210198 0.508407329476448 0.413414357275627 0.4522789454250681 0.5811208897196546 0.4875365560996308 
0.29742144439779095 0.47677951262589296 0.512647754614843 0.5996567018224102 0.40272228344433963 0.5444453134856816 0.2598452557053209 0.34762075657861513 0.7137939991471102 0.6118679972594246 0.42089813017532474 0.7100798322603623 0.5714964342601405 0.6767655890607231 0.4453704666708367 0.43903901694720815 0.632120150201701 0.721592132438705 0.49586335902603307 0.46933007464009746 0.5833138773551902 0.48636868410941947 0.4796100541768982 0.5085553442931173 0.6191417599208324 0.5452308731449611 0.5705530554103303 0.44233750750603473 0.42623117240352937 0.4764720434916188 
0.3030510691276418 0.47687596961340556 0.6141746288042202 0.4348119242201556 0.40802186235724575 0.5471711360596746 0.2586141893940941 0.35067046292892096 0.811330071996773 0.554066563356195 0.4527812133940538 0.7112405860539555 0.47912037141949637 0.6766573821034945 0.4646786311047107 0.43192102721199566 0.6316502159612998 0.5833193376940835 0.49856624857064025 0.4537600935662093 0.6047733227948686 0.4958510556573776 0.33620193306725327 0.27281475368042235 0.6257422528051392 0.5084369612980272 0.4298828691693852 0.4520854537980243 0.5811032886871812 0.4845217367203535 
0.31590613386956856 0.47496305094510816 0.614254661928258 0.580765564493645 0.43728013721330933 0.5455384318520514 0.25892405921486766 0.34823948096899404 0.8807701295542087 0.5967536560689625 0.4527812133940538 0.7112355114251413 0.47956808311594357 0.6793427182409155 0.46460592096660397 0.43230720832005415 0.6318271564242578 0.5960980473684054 0.49864218411340117 0.45452074588127384 0.6047582129130159 0.49502084304120736 0.4791588306058717 0.31951943966161606 0.6247806416641066 0.5527012144761155 0.4299536721760717 0.5128677715770223 0.581209906965997 0.4845789707562556 
0.31791884267147014 0.4768754668758682 0.6144772322861739 0.43767881652244084 0.37905828400275376 0.5471713726029126 0.18549521995666443 0.37652899529702866 0.8112832266646967 0.6127993366701939 0.4542895690056415 0.7112404096775473 0.47912037141949637 0.678640843385581 0.4645607990554206 0.4356202136669736 0.49922531081519417 0.5960980473684054 0.49864218411340117 0.44831235826565013 0.632662696259473 0.4950167644346432 0.4790494230459923 0.2746835914194915 0.6247868975033728 0.5479012676406017 0.4299536721760717 0.6332635929366284 0.5807835450362555 0.4788404525357287 
0.3312152580180447 0.51877515878043 0.6123791661002501 0.43483193941221804 0.28769070333454433 0.5433697990372423 0.17343749442201672 0.36170771758578707 0.7128644242313086 0.6135141224401464 0.44237113587751636 0.7110140609563856 0.5872329587553469 0.6786393312297545 0.4266012517614283 0.5016906967330135 0.5272605344308818 0.5961846130925724 0.49843723940927964 0.18938885460190374 0.6092491534426816 0.507284094629031 0.5411612468790881 0.5267409119143602 0.655733712532049 0.5482872806576666 0.5091435550412061 0.5397199058656789 0.5869632228787518 0.5266556213519377 
0.3347802826414134 0.5770089026457015 0.6138155895843815 0.4209715849415474 0.28901738868373983 0.5276751712844648 0.25811487174082576 0.35886364951737343 0.6662982394760296 0.613514437565196 0.4404205651312686 0.7353842323755387 0.5802276629204031 0.6793403049764912 0.46392385104524875 0.5012963718955976 0.6395859436800108 0.49012383774843066 0.4908245186316433 0.1893755173259019 0.609578109084056 0.7580850326982778 0.5125542139612834 0.5317386310060955 0.6248265835191872 0.48160880482358803 0.4903733493940091 0.529952353715633 0.5353896061948583 0.4926603625544569 
0.3401437895906368 0.577109771509328 0.5785590918189091 0.44076213629948496 0.28901766222304487 0.5392616443167316 0.33174109538689056 0.35963042628070546 0.7098736740011642 0.6135516583575393 0.4404711988803091 0.7353869469735785 0.5780480390507178 0.6793484603380798 0.4275591553706668 0.5012963718955976 0.6394512420859749 0.42559546916552593 0.4908245186316433 0.1703694788633139 0.6124514156357594 0.766851285709829 0.4794411129848035 0.5280830650479694 0.6184989917301862 0.5101270085630625 0.5597325745089018 0.4490056490289581 0.5128000202172215 0.4958333455497 
0.34207510341570546 0.577090712086255 0.5819070242018871 0.5303697403202731 0.28872891186776756 0.5391322817059448 0.2572287419413555 0.3590467502894898 0.7096295339402475 0.6334074307567551 0.4404321324865135 0.7353800911036746 0.5802565486342078 0.679347931155171 0.5122914890544963 0.5593180796345749 0.6394322027785724 0.71105426116087 0.4909663950025907 0.17112230889424293 0.5686417214398898 0.5073612905561835 0.4979685331668423 0.6306341940499388 0.624775728325217 0.4614627564624918 0.5529507232976416 0.5426490090599404 0.5309602250706685 0.5287350345253776 
0.3446997644608726 0.5770938439564435 0.5821476247237529 0.5487302732146547 0.29289898191921643 0.5391952801641645 0.2569425039930353 0.3582190789713501 0.7120861757322877 0.610076681058898 0.4387243038120683 0.7353199098469008 0.580256284176834 0.6793480067293237 0.5122860244393649 0.5573990943416293 0.6579644531738483 0.7108322570346045 0.49084415740032217 0.17119540020233695 0.6110897923211206 0.6302007578018185 0.5442441148641658 0.5098544135662724 0.6190943540644464 0.5078730110474247 0.5108659121302607 0.5013304878065479 0.5309577732256032 0.5751257360867441 
0.34765074638035265 0.5770904576661822 0.5821416924553785 0.4488396303400304 0.2887463073694176 0.539136697385824 0.2572549061648723 0.35905840695914915 0.7120861757322877 0.6101347849836298 0.44283905847158606 0.7353218574838625 0.5801840079489156 0.6793810001921118 0.5465905671976109 0.5564948116396333 0.6579812082043665 0.7108322570346045 0.47537158831587006 0.17082621513721521 0.598629339083986 0.5052261097035473 0.5072630512614713 0.592006174593277 0.6190782554170333 0.45249901625660716 0.5545068860246605 0.5810157157826507 0.528104609332631 0.5256577642130306 
0.3530173706676795 0.5213063707317523 0.5775152786017904 0.4405972081424602 0.28901738868373983 0.5279732324961424 0.24322183651001408 0.3581743778402424 0.6988846229851015 0.6137075200067161 0.44207294189760615 0.6365140360117357 0.5780618806027289 0.7172536979451253 0.5431168871691066 0.49972808185493306 0.6591070970945299 0.7212760569937011 0.47464850617806603 0.15909202911640255 0.6109247876567195 0.4886468266796672 0.4569267875626883 0.5272565769145297 0.6246248526874716 0.5084580624520985 0.4306888871273813 0.502464778507325 0.5313396140298756 0.5796971543998444 
0.354444613675007 0.5771795729843622 0.5513629157405119 0.4497401746923298 0.2889908814249726 0.539159619156315 0.2412070224550317 0.35952935405984643 0.6671972265201622 0.6101347849836298 0.4421213969888063 0.7353195737451005 0.5801856508361019 0.7166699401120054 0.5466689041856464 0.5972293648905114 0.6584203033684958 0.7105348408355233 0.47513257283178506 0.17082462539678714 0.5986355574386313 0.5052261097035473 0.538859252022708 0.5219302935763132 0.6193476179591282 0.4577169763751016 0.5545068860246605 0.5421917687993371 0.5337829874230325 0.5789683967628602 
0.3582585231226253 0.5751054411851688 0.5821814031804251 0.4497401746923298 0.2887355425560033 0.5089114369969432 0.2568329978786313 0.3595676446553654 0.6671473223152189 0.610134784687421 0.4428855510705273 0.7352740825386676 0.5802560456894398 0.6776656321196787 0.6100557856609381 0.499752481870506 0.6584055485468874 0.7111078228274926 0.4745352183735784 0.1516521932240582 0.5985032623435904 0.5052261097035473 0.507621880274159 0.628112323271802 0.5273412533976993 0.4536823296827795 0.5545068860246605 0.5434308868700426 0.498263231153613 0.5771273671325561 
0.36096236099440976 0.5773539196618382 0.6138312793707591 0.43466312391790674 0.2887653304088595 0.539208139914766 0.257322526230009 0.36170771758578707 0.7098010635293224 0.6135141224401464 0.44237113587751636 0.7353201984595956 0.5802684347438124 0.6793804192231421 0.4266012517614283 0.5019670550245949 0.5332288385441933 0.7216098085190874 0.49843723940927964 0.18910313097505618 0.6092491534426816 0.507284094629031 0.5409704986732754 0.6257378403562179 0.6563445615754689 0.4722659218314496 0.5187218796275163 0.5419333840425891 0.5869632228787518 0.5279862171995263 
0.36643566045226267 0.5770906238276431 0.5821814031804251 0.4497401746923298 0.2887563623316791 0.5391607717016433 0.24118098429021928 0.3595676446553654 0.6671473223152189 0.6101347849836298 0.43764624071619784 0.7353195737451005 0.5802560456894398 0.6776656321196787 0.6100557856609381 0.5972293648905114 0.6584055485468874 0.7111078228274926 0.4751273295241141 0.17082619689127637 0.5986315551993334 0.5052261097035473 0.5076963486553417 0.5229765043693766 0.6193476049901498 0.4577169763751016 0.5545068860246605 0.5434308868700426 0.498263231153613 0.524377239563062 
0.36963983315249127 0.5770141036675743 0.6139209474563226 0.43773120088536455 0.2887514681328064 0.5412329103503197 0.2610776388638481 0.3589425709632672 0.6656983217693629 0.61351481923787 0.4425407846433645 0.7345802112637262 0.6293588124292379 0.6793381104832209 0.46490950500107464 0.5770493990678 0.6400431050723936 0.7216098085190874 0.49843723940927964 0.17084246426204003 0.5847770123236828 0.5190456310200483 0.5423066985228766 0.6257378403562179 0.6248343901312621 0.5479098996116812 0.49017891852932427 0.5425459901241022 0.5355990038978125 0.5714887663715748 
0.3720546626447803 0.5770907120312766 0.582144174691114 0.4468678349458613 0.28872920810884134 0.5391324665289898 0.25723823927628264 0.3590474465777714 0.7097434954035048 0.6333460705599415 0.440514299395839 0.7353800758171058 0.5802565566020498 0.6793479498213881 0.5122915405025341 0.5593180796345749 0.6393275189735451 0.7108322570346045 0.49096652517517186 0.171122156752198 0.5682937609093823 0.5073613225422782 0.5056051367615385 0.6246828035068775 0.6247341800149071 0.5565885933842586 0.5544789453203299 0.581702804571674 0.5311499527265786 0.5287396582370666 
0.37380380987314743 0.5770895401942627 0.5811127565862574 0.44978656248994164 0.2887463313420481 0.5391369871843064 0.24119069989708675 0.3590474428838212 0.6672393124497696 0.6101347849836298 0.43775403657589734 0.7353219592550616 0.5802562847518329 0.6818859717311022 0.547105739372655 0.5592190872840136 0.6583814452131886 0.7108322570346045 0.47430132749580667 0.17082621513721521 0.5989769161252598 0.5052261097035473 0.507679975922268 0.508783947886493 0.6193499642324972 0.5500281223324298 0.5657255368636811 0.5418446291834311 0.5310067145753629 0.5636666550258315 
0.3823079472238026 0.39153619603392814 0.6781807884005525 0.5744566297928022 0.3938799188780348 0.42521639872226935 0.2551949540764209 0.3110648224411424 0.700055607999073 0.5500733306353524 0.44270330514059003 0.7376794445993151 0.5265912770060696 0.5169987190869092 0.4701676901646088 0.4371713104087929 0.6529064692743513 0.5926654974192777 0.4024456032276981 0.4352561517557283 0.7805117027825876 0.4962195548358464 0.5064265840027798 0.3882645690573607 0.5462447789027657 0.4407752155859657 0.584303379432695 0.5879151526013572 0.556512036848737 0.5954720881654103 
0.3840656242380356 0.39153619603392814 0.6795240871915085 0.5744566297928022 0.3938799188780348 0.5450072062141252 0.25521901773236694 0.3110820330687498 0.7004524569233387 0.5500720784329372 0.44270347232514917 0.7341331858632639 0.5266039214249674 0.5169987190869092 0.4701255642747451 0.4371713104087929 0.6529064692743513 0.6608479152146397 0.40179392977847145 0.4352561517557283 0.7805117027825876 0.49621953810635394 0.5095286304167871 0.3882645690573607 0.6500482605363102 0.4407752155859657 0.5854060628456249 0.5878706395491557 0.545960197070649 0.5954720881654103 
0.38755420318706907 0.3946323045628988 0.6794623503840913 0.43382477215426923 0.33114343253022377 0.5484715313770446 0.2557337803613323 0.361153020176907 0.698497091671298 0.5525487206900285 0.4418945308863165 0.7337474538367338 0.583534813381201 0.6752716798791271 0.5258427253341736 0.4376722576773886 0.6247309884754773 0.5895841268247582 0.4909785712463482 0.424501845396288 0.6113098026151512 0.49639041601977874 0.31366729442378305 0.45859831372901805 0.5306899047622535 0.4401995255416401 0.5594141248418901 0.5462414536883917 0.5469627789041549 0.4926490656367876 
0.40033399570563505 0.39753726421282415 0.6797177085916027 0.5812961458830705 0.33203581818957895 0.5482171964958567 0.25586375953992435 0.3142710735805701 0.6271681693040165 0.5893002894764041 0.49754527364235057 0.5923429825416175 0.556699988210563 0.675356115923513 0.5037270703576379 0.4359717991066869 0.500642812919894 0.5892543125740193 0.5312588298324064 0.47569335331144075 0.5533780985929561 0.4962655542765717 0.4826887433744594 0.4593827129502053 0.8384008246319258 0.4402550999107282 0.5590215925994088 0.5425094091759916 0.5299295821897507 0.6425682361935977 
0.4020625551308159 0.4113152700738203 0.6222078455472447 0.5773024578656557 0.38016054598417887 0.5484715313770446 0.25822442178288646 0.3113462424254918 0.7002469945582175 0.5554399322788223 0.4438174619923766 0.5897432613456277 0.5835161007370531 0.6753495120943424 0.49647156346013854 0.49871187347456386 0.5011535484826896 0.6602864274976867 0.4995013299062634 0.47649983705667465 0.647212027278067 0.4963844748866199 0.3187593055210578 0.45859831372901805 0.7344698757980064 0.5074959760248632 0.5594064247426662 0.6237310124096478 0.528790474701691 0.6465472084102352 
0.4074306312390779 0.39241483715714265 0.6160143716501997 0.5778934538746627 0.28884857123800317 0.540623784144038 0.2714242291726637 0.40041062864880644 0.7085384898650869 0.6140898349538418 0.44272241041477495 0.5959070958695815 0.5549733844979936 0.6799202078442795 0.5465319125998669 0.4344635207909679 0.657836888731265 0.4786672733182368 0.47603814959868523 0.4161199966277626 0.6328569243212019 0.771579133904952 0.4867531049826692 0.5897020249701046 0.6225471604719844 0.45297225390332174 0.5403050713481017 0.6320130861092743 0.5306791117132849 0.6409002256854027 
0.4115577802539639 0.4113152700738203 0.6222221496568678 0.5773024578656557 0.38016054598417887 0.5484715313770446 0.3774313479836787 0.31134074057176175 0.7002469945582175 0.5516494359172888 0.4438174619923766 0.5897034021688419 0.5835161007370531 0.6753495120943424 0.49647156346013854 0.4992140759573315 0.5011535484826896 0.663390868412895 0.4995013299062634 0.44886854687232275 0.647212027278067 0.4963844748866199 0.32332060402938945 0.45859831372901805 0.7296205792612828 0.4393598754878671 0.5588827015935341 0.6236977854374275 0.5287925094876593 0.5826027540637101 
0.4167206356698363 0.4125173332292959 0.5851084791492718 0.5744081466344416 0.3806676867725646 0.4275845662976559 0.3395054368383056 0.31461998617714987 0.7005147525921744 0.5726999167018105 0.4440657343463244 0.588624655840192 0.5229980301102276 0.6786195510940983 0.4327464765288437 0.4372199561381202 0.6293334028394005 0.5880722593754867 0.4987997923209203 0.4478950302937075 0.6499139858459314 0.49625903593139076 0.5077939576358537 0.4957544000301309 0.49383206119464435 0.5074969554694868 0.5877951065412551 0.5862350236017747 0.5468179697896755 0.6466931108887487 
0.42322132632412085 0.3884286676562039 0.6237622496747273 0.5743825953796544 0.3940060352582608 0.5483232023310424 0.34305004580805104 0.3110902139788749 0.7004511246378774 0.5520901858334126 0.4427037553655958 0.5879528250280259 0.5563540503958871 0.6633873799304452 0.4701106035233602 0.5965451548524205 0.62630266480671 0.7227750416809707 0.49882745977430065 0.4482915751860483 0.65372810587345 0.4962199996698773 0.481533304304658 0.49617505095805753 0.5287886414084847 0.43836728954434256 0.5850202012665403 0.5853367935472206 0.528690655480984 0.5831315503350536 
0.4243667400467725 0.39269963621242326 0.6219158740029185 0.5772998786417542 0.38016054598417887 0.5498522147532053 0.5880660920716265 0.31134670539749 0.700429992514271 0.5548135875110063 0.4438174619923766 0.590531475711718 0.49728809293661236 0.6753495120943424 0.49647156346013854 0.49870296818743653 0.5011528120623518 0.6617566702517066 0.4986813235821593 0.4766504758542963 0.647212027278067 0.49622627952320786 0.48321473379574276 0.45859831372901805 0.8561811555044283 0.5074959760248632 0.5590863549741214 0.6243748394150377 0.5465400404112181 0.49680906952058057 
0.43048454542046055 0.41101686556411443 0.587076318170559 0.5848921407829322 0.3806604941958963 0.5453658054704716 0.3391962424199958 0.3766688999452697 0.661791048019317 0.5739322110654846 0.4443818029685918 0.6320786038355979 0.522508623247885 0.6786227481572821 0.5146719585579044 0.43723098261907467 0.49827397553520003 0.587989500695602 0.49882761922837465 0.44789603938887373 0.647179694695202 0.49625903593139076 0.556031920745292 0.5187245682408111 0.5014338498567797 0.5074968906213773 0.5877415822348894 0.5862333124340007 0.5282223841277223 0.645973542097547 
0.4376562547635304 0.5789742714056996 0.6810383369968758 0.5781481502639292 0.3944097048168988 0.5499172203793969 0.37470981649450363 0.37666889992710606 0.7004344022225742 0.6125757448358641 0.4428698292573654 0.6341299382268512 0.5556659552327219 0.6786233108821502 0.46897865221131707 0.45314544848795835 0.4980506907064366 0.5700039359117823 0.4986902114586814 0.4484390421564033 0.6326101607934221 0.4962135763240691 0.4858068873083642 0.5969110194077148 0.5301364468792144 0.4529382403096866 0.5841948225050176 0.5496996700573046 0.5331581357244153 0.6469859259052531 
0.43932119780833256 0.5787936087473061 0.6473698593640623 0.5743998944496289 0.3795822015836363 0.5499168555223861 0.37470981649450363 0.37666889992710606 0.7004344025050477 0.6140346046741703 0.4428698292573654 0.6341299586232156 0.5556659552327219 0.6786233108821502 0.5469050520757973 0.4356016380277831 0.498050682243105 0.7199046552019819 0.49882745968733055 0.44830346819983335 0.6326101607934221 0.4962135763240691 0.4858068873083642 0.5969110194077148 0.5301364468792144 0.45294262296056587 0.5861307665610642 0.6327820008778207 0.5283763024201472 0.646984783494831 
0.44276969725002324 0.5677491024985192 0.6473698593555819 0.5743998944496289 0.3795822015836363 0.5499168555223861 0.37470981649450363 0.37666889992710606 0.7006024328081779 0.6132955842883612 0.4428698292573654 0.6341299586232156 0.5446965602495305 0.6786233108821502 0.4890942090915155 0.5934521685764647 0.498050682243105 0.7199046552025673 0.49882745968733055 0.44830346819983335 0.6327090418389497 0.4962135763240691 0.4858068873083642 0.599290626508999 0.5301364468792144 0.45294262296056587 0.5861307665610642 0.632782000877829 0.5283763024201472 0.6469847835707171 
