0.24511476043510244 0.5070527682965572 
0.24592038870941718 0.5055306872766916 
0.24593175281617163 0.5055135810876705 
0.24634328130409897 0.504770041449567 
0.24635745802669384 0.5047199419179657 
0.24757285318405112 0.5028369223467568 
0.24755424178916174 0.5028451576795965 
0.2478634577958994 0.5026392170160162 
0.24817992900177172 0.5023518220617867 
0.24867540707185717 0.5018328512755788 
0.24866743089573168 0.5019071279044464 
0.24886529851466685 0.5016415036261249 
0.24901684992883147 0.5015450757181953 
0.2492445772265886 0.5013002588294777 
0.2500866745431247 0.5004687484261113 
0.25091305245680373 0.4998656389565545 
0.25189837662064285 0.4988292401012657 
0.25228899157898454 0.49829253205643137 
0.25248536062610627 0.49824008703430234 
0.253076411354854 0.4973811044002135 
0.2531715828316502 0.4972623123063485 
0.2534413526319719 0.49724854594164775 
0.2541699358338236 0.49614622389975854 
0.254206807047461 0.4961105429060487 
0.2549662923000876 0.495677913282559 
0.2552717080589662 0.4954642141211057 
0.2554006867458204 0.4951785019296519 
0.25628894548909587 0.4943974975883568 
0.25679265106197247 0.4938536851129893 
0.2573365339208675 0.4936562130723862 
0.2575787908061165 0.4929930216079716 
0.2581715975170095 0.4922864539885445 
0.2586719678569312 0.4920696799431508 
0.25911720612667477 0.49165093944210575 
0.2597893624473239 0.49094390425961393 
0.2603752462394082 0.4907776924921026 
0.2605948223702257 0.4900499401285036 
0.26113315871025916 0.48966875256583914 
0.2611832977677871 0.48962094164141295 
0.2618016492525508 0.4888663338821315 
0.2623400412091889 0.48865864666086406 
0.2625569750578213 0.48805845508986734 
0.26274493854822295 0.4880355696552348 
0.2632896916124148 0.48737488260067463 
0.26361283318860046 0.48720626513079573 
0.2639787481212875 0.4868613111152337 
0.2640021688471319 0.4868428130168351 
0.2643823786383524 0.4866267093429754 
0.26483948126770496 0.4862299329693593 
0.2654421618686494 0.4859298999038127 
0.26591260124053356 0.48540363988710533 
0.26613761253235274 0.48515234465983725 
0.2664974054593168 0.484983739403588 
0.26667763463823047 0.4848200938715907 
0.26672155983884294 0.4841926444979219 
0.26681930824512134 0.48412305649887427 
0.26716735021317783 0.4837320613466731 
0.2675153771019336 0.4831438090968188 
0.2675272014826758 0.48309801211842723 
0.2678021216810835 0.4827857404492463 
0.2680235377494522 0.4826593186089384 
0.26850428798737114 0.4821249907176575 
0.26859341051489605 0.4819244102131994 
0.26861474613434216 0.481901708008447 
0.26895743458856786 0.4816811230049832 
0.26901644386644186 0.4816001378581453 
0.26945145752057825 0.4810155500373005 
0.2696362883798435 0.48083679898277315 
0.2701356113106994 0.4804464488063772 
0.27027363227263523 0.48026509448892823 
0.2705188949566517 0.4801296769815535 
0.2706460639786971 0.4800180040836026 
0.27111138329541556 0.479770849201771 
0.2716208951726253 0.47944173817371205 
0.27165442655848204 0.4792603278719514 
0.2718244047627852 0.4790781348014598 
0.2720100071344761 0.47901333188747314 
0.27224533170323306 0.47876141492244334 
0.272551184331932 0.4784070894678607 
0.27268864629137834 0.47812586146342373 
0.2731169161050034 0.4776360994016141 
0.27330441374378334 0.4774794689315953 
0.2735197263119845 0.47729795214655363 
0.2737233815816341 0.47700483582000897 
0.27408829589798306 0.4769031095758707 
0.2742490678328379 0.4765106225555261 
0.2744550397023084 0.476282874261958 
0.2747092479858433 0.4760784575662463 
0.2751926649691236 0.47572103812862476 
0.2752039023796173 0.475713890611122 
0.27553786093748506 0.4755179080365305 
0.2762688536006469 0.4752391148056702 
0.2764602123048055 0.4749197595558398 
0.2768154242404662 0.47474744972824584 
0.2771958625745116 0.47446651273695306 
0.2774265759418259 0.4740482939038411 
0.2782193435867116 0.47394079520039367 
0.27831744767640165 0.4734228714168822 
0.27840687488153215 0.4729860791522417 
0.2784991434115283 0.47291975563007005 
0.27901111523214817 0.4725162084853784 
0.2791754936237254 0.4722754717098505 
0.27959410748681446 0.47185972115982183 
0.2798977365856112 0.4713360852678206 
0.2804322709068758 0.47090863234260527 
0.28037278244281155 0.4709249212349056 
0.28112868522119905 0.4704417758232898 
0.2813436922659588 0.4702679265568431 
0.2816271496520535 0.47013727176327935 
0.28171714216310295 0.4700201253143246 
0.28173137683582766 0.46966179926331175 
0.28206705055917664 0.46962444675800585 
0.2830329475219052 0.4688716326794252 
0.2833683282516802 0.46837025856871684 
0.2834840492310338 0.4681081017706402 
0.2843114723384331 0.4679734797464506 
0.28437407938970544 0.4678275822251625 
0.28439433133248343 0.4676567908286567 
0.2844456282209768 0.46718725287501783 
0.28507216761742993 0.4668500527309189 
0.2851699924255227 0.4667037669984944 
0.285599635043406 0.46643909010339035 
0.28571299706501635 0.46618444030759276 
0.285923116645777 0.46600937204498966 
0.28610422207683645 0.46567916034888884 
0.2866060145257251 0.46537482568673755 
0.28661479110660376 0.4650682440014527 
0.28667919321684754 0.46491536261971933 
0.28705469203330664 0.46461156851239344 
0.2870993025106569 0.4644811217147463 
0.287971919223702 0.46376273099547466 
0.288176052848249 0.4635916846076658 
0.2887069164111161 0.4634879605748072 
0.2888568284962648 0.4633172964991236 
0.2888585857433629 0.4631275928305302 
0.2889254428751539 0.46289810463621295 
0.290402011270335 0.4615239323674088 
0.2909863152674262 0.46142646226139833 
0.2909953273515312 0.4612179321536822 
0.29111494187699016 0.4610481159328746 
0.29114121357970646 0.46086775609611247 
0.2916110724496077 0.4605317909350553 
0.2917604722706677 0.46034093808984616 
0.29194574623822733 0.46017148352759185 
0.29214511064913146 0.4599974115464239 
0.29220720787456406 0.4598238716855836 
0.29261242002607835 0.45966447277647426 
0.29269263537119244 0.4595153131038982 
0.29281852295527205 0.4593206533152081 
0.2931887891771759 0.45915485483806173 
0.29328168958721496 0.4589608590166772 
0.29348920539800005 0.4587807357431551 
0.29354349742333213 0.4587194289106745 
0.2944603885182413 0.4581220775106239 
0.2945864960347843 0.45790235912140803 
0.2947758304503248 0.4577521218357502 
0.29500465017631977 0.45761791514491706 
0.29536607110705587 0.45738533414172095 
0.2955712194974367 0.45725873793528604 
0.2956578466260569 0.4571818951433227 
0.2964791768226535 0.45669123560305896 
0.2967430802624635 0.456535042715517 
0.29677612952662774 0.4564020714214612 
0.2988216412665958 0.45584622869622854 
0.2988638725649451 0.4556637942671589 
0.2991942255411598 0.45530133210345014 
