0.24404891770816067 0.3742543661287451 0.3794180272288922 0.3768469903336213 0.3800959985090825 0.3725059327510544 0.3814810357398061 0.3774349280570374 0.38344461352120773 0.3805368938306458 0.3806073316175804 0.3795084918309467 0.38428812314905464 0.37707588077765364 0.38001691130707643 0.376021285751054 0.38844989469163665 0.37881325682353006 0.3811694578276863 0.37587498417504506 0.3702164499112872 0.3776848303046839 0.37734577688119236 0.3778329549847065 0.3780656197680541 0.38037255754804133 0.3809470275983388 0.3793367167775826 0.3798496753436927 0.38172613535547895 
0.24520645125579182 0.3801302705738602 0.3794163998820902 0.3761509492475075 0.3800959985090825 0.38051326203682373 0.3817610602083139 0.37743488977069584 0.38344466446291986 0.38053689383580813 0.3801081784277216 0.37951035121888166 0.3842881231459846 0.3770759014732359 0.3799454001961701 0.3761815124221018 0.3887524276167331 0.3788152833385467 0.38116945784795003 0.37583087406977517 0.38019464671386266 0.3776854590603992 0.381191698356206 0.3778329549847065 0.3781398574475185 0.3803811710712086 0.38094703747031183 0.3792861443338127 0.3798496753436927 0.3817378582152044 
0.2452206176074607 0.38009615408120906 0.3794163998820902 0.37616728807943944 0.3800959985090825 0.38051326203682373 0.38178556821310744 0.3774349280570374 0.38344461352120773 0.38053689383155687 0.3805845124206151 0.3794498508465968 0.38428812314568533 0.37704782984372404 0.3799454001961701 0.37618151241795844 0.3887524276167331 0.3788153813681649 0.38116945980342876 0.3758324143336965 0.38000864205545276 0.3776854590603992 0.381191698356206 0.3778329549847065 0.3781381297145822 0.38038120236434075 0.38094703870810653 0.3792861443338127 0.3798496753436927 0.3817378583124789 
0.24579553381039082 0.3801283747157221 0.37936692902148633 0.3768421207242515 0.3800959985090825 0.3805104866479814 0.38176071817860574 0.37743396961615105 0.38344548783112475 0.38053689458795775 0.3806071994591895 0.3795072081887113 0.38428812305395477 0.377047840015288 0.3803532065757393 0.3761815148966758 0.38844992151096286 0.378818093454941 0.38116945980342876 0.3758430588034729 0.37034420095836246 0.3776866183444544 0.38119157179988644 0.3778329549847065 0.37799224371364526 0.3803802025923528 0.38095677702769914 0.3792507134353437 0.37966465410737144 0.38172608250329565 
0.24582753618849854 0.38009615408120906 0.3794163998820902 0.3768377544017449 0.3800959985090825 0.38051326203682373 0.38178556821310744 0.3774349280570374 0.38344461352120773 0.38053689383155687 0.38060750546387484 0.3794498508465968 0.38428812314568533 0.37704782984372404 0.3799454634789759 0.37618151311368425 0.3887524276167331 0.3814306588826654 0.38116945980342876 0.3758324188379491 0.3789567960962277 0.3776854590603992 0.381191698356206 0.3778329549847065 0.3781381297145822 0.38038011626996826 0.38094703870810653 0.3792514730921849 0.3798496753436927 0.381737754937889 
0.24737143836862102 0.38009690478481467 0.37941844824234816 0.37626395591458855 0.38003720452697487 0.38053051151747613 0.3817851005496145 0.37743575175205724 0.3794177673943034 0.38053689383155687 0.3800434520576243 0.3794498508465968 0.384288102075975 0.37707426735277655 0.3797527108305115 0.3760059067202502 0.3884366793116416 0.37881318627007565 0.381169457867974 0.3758337368545058 0.3798658368923793 0.3776848019671424 0.3812113221131677 0.3778157767722948 0.37812301831864026 0.3803735986926663 0.38094703870810653 0.3793379874333337 0.3798486975382186 0.3817378625850528 
0.2473580505664274 0.3801274455912087 0.37941801977061607 0.37619474647320195 0.3800959985090825 0.38052854674116593 0.3814727749231766 0.3774349280570374 0.3794177673943034 0.38053689383155687 0.3801142313720498 0.37947432542901305 0.3842881232586642 0.37707580150838693 0.37895104121942735 0.3761979839124913 0.38844732984968305 0.37880694297795997 0.381169457867974 0.3758457182536612 0.3798658368923793 0.3776848658942743 0.37742661951188056 0.3778168124925206 0.3781217200980858 0.3803733698960391 0.3809508607302063 0.3793379874333337 0.3798496753436927 0.38173781367157605 
0.24761497820265393 0.3801294040421433 0.3794184757951333 0.3767227599888162 0.3800959985090825 0.38057769784436535 0.38178567492130666 0.3873302278532702 0.3794177673943034 0.380536893353559 0.3800462595603025 0.37944987485299225 0.3842881232887496 0.3770758141701679 0.3790056286761331 0.3760182140743816 0.38875270459016037 0.3788144396445369 0.381171576433369 0.37623344570882356 0.3798658368923793 0.37768488330497474 0.37742616706368043 0.37792984739508756 0.3782431965984675 0.3803733751512901 0.3809040332262699 0.37933779108701865 0.37985637786088955 0.3817373591334463 
0.24791623360648016 0.3800639912433031 0.379177243156421 0.37720811011326943 0.3799913933094293 0.384849375189028 0.3808665656391133 0.3773883316920074 0.38342962196017544 0.38053716617880956 0.3806507705893066 0.3831695157597379 0.3842881208126574 0.37704529307724605 0.385668464355956 0.3761806263997346 0.3884175662768252 0.37892760953165566 0.381169596456537 0.37584294278393415 0.38000646940335814 0.37769635588779643 0.3811920298616025 0.3769654643672994 0.3779284309051683 0.3803799517760321 0.38109909003818315 0.38072843933866984 0.3797209536261933 0.3817519746716098 
0.24842252605114237 0.3801274455912087 0.37916284299555664 0.37619474647320195 0.3800959985090825 0.38052854674116593 0.3814727749231766 0.37726966094357356 0.3794177673943034 0.38053689383155687 0.3801142313720498 0.37947432542901305 0.3842881232586642 0.377061364427695 0.385871091477076 0.3761976404330114 0.38890783855335254 0.37880694297795997 0.381169457867974 0.3758457182536612 0.3800321920907965 0.3776848658942743 0.3774538690743468 0.37786167243863017 0.37811393775860774 0.3803733698960391 0.3819603717718211 0.3761145808247655 0.37984962922152904 0.38173781367157605 
0.2483814655797117 0.3800329466570205 0.37916284299555664 0.3762098926654446 0.3800959985090825 0.380718755822013 0.3814727749231766 0.37726966094357356 0.3793522490734317 0.38053665412318555 0.3801142313720498 0.37947432542901305 0.38428812327368866 0.38547723443127213 0.3855194701658795 0.3760213884801006 0.3889267073291574 0.37894980382556587 0.38139061782371586 0.3758457182536612 0.38002643313169326 0.37768464562161874 0.3774538690743468 0.3855998841316891 0.37811393775860774 0.3803733698960391 0.3819601448893929 0.3761741725703044 0.3798487155883534 0.38173781367157605 
0.24861286219826645 0.38012718045837485 0.37936565764250535 0.3848587539482784 0.3761820239463525 0.38052857748690283 0.3814732449700172 0.3774276147261328 0.38351755471796095 0.3805430251776792 0.38004089690873655 0.3794748730354213 0.38428810165993527 0.37709775841231197 0.3854698613382938 0.3761828102024904 0.3884345829348094 0.3789312087811301 0.3811690541517218 0.37584262290595666 0.3822763475975068 0.3776848027789609 0.3811894350269321 0.37784089084021444 0.37755817250322893 0.380373463693696 0.38225186953049645 0.3792861760596466 0.37984869177697234 0.3817264274672404 
0.2487366871076366 0.3801271412013109 0.3791738701287296 0.3757962990102741 0.37654376180253657 0.38519169297506883 0.38159483365245633 0.3786273456956397 0.3830026270048129 0.38049720221352984 0.3800804683969191 0.3794697645319752 0.3842881028945494 0.3770772120196744 0.38547959818976224 0.3760152199078807 0.3884139434719041 0.3789312029528368 0.381169464822708 0.3758641471952981 0.38223775977469754 0.3776298849607438 0.3811256101410387 0.37632242003136246 0.38321440330541867 0.38014146543835237 0.38190550440724097 0.3792861773130015 0.37987059314576704 0.3818324477644056 
0.2489726879705452 0.38009606331864276 0.37716932918138896 0.37684723098378875 0.3799711676842507 0.38073232465097967 0.38147035200585766 0.3773884003643856 0.38307268163832575 0.3805674757628823 0.3801235862971991 0.37976933142204516 0.3842881016972564 0.37710482424791814 0.38560750893832396 0.37602035055100247 0.3889655872948535 0.37880904588173997 0.3811694563985394 0.3761589452375696 0.3798619751297523 0.37768462690975524 0.3811968193821708 0.3778429280411859 0.3851144004348442 0.3803872067334076 0.38198768300010083 0.37913175007131866 0.379848708425266 0.38175043025927907 
0.24980898130955004 0.3800313445696679 0.3793126386950494 0.3763745774414581 0.3800867653875249 0.38072420505393584 0.38159596330999884 0.3828592928081889 0.38303381317987195 0.3805661646438536 0.38224816141404877 0.37989311577050316 0.3842880980576856 0.3858314445862135 0.38552833289631444 0.3760205051783995 0.38892675389877107 0.37895510469990457 0.3813905807068358 0.38621655212527084 0.37982869605335534 0.37768463533622365 0.38118575634216634 0.3856315442924397 0.3851190194170342 0.38014197314322834 0.38197661444046616 0.37912316458253936 0.379848704133962 0.38184381402806505 
0.25052384381273346 0.3872794010284412 0.38446637692514224 0.390606744077195 0.3848782583091082 0.38540931503578346 0.38756750712141735 0.3772721739705815 0.3883529665098012 0.38217206190556924 0.39069296261836556 0.3869186962095418 0.3847192099724527 0.38547398225887275 0.3856660727397701 0.3839063960878484 0.3888311522601813 0.37947879641640236 0.385801508343302 0.38595717824838083 0.38026659112969086 0.3884396738166642 0.3811884071634717 0.38825029648792425 0.38580954474957774 0.38340111419464745 0.3825472158255228 0.38388030285532254 0.38922281971924455 0.38349485519642607 
0.25153574390614175 0.38727256441430397 0.3923027108938461 0.3906061216210318 0.3848782722371925 0.3852195217922292 0.3877660485230236 0.38503828668183243 0.3887220220064923 0.38043799425516484 0.38979156420191713 0.38691954687152486 0.382377436434566 0.3854739589473805 0.3862652850044991 0.3835411836505216 0.3764884538409645 0.38534883551842203 0.3854195677932329 0.3862368085122701 0.38439874843678523 0.38796274289015376 0.387500405589411 0.377467372087992 0.38514230437748687 0.3841756797189251 0.3827892685903917 0.38887681676106767 0.3801446290454964 0.3841960899700541 
0.2520002222429149 0.38739315564896704 0.3918914246225853 0.3906077246998895 0.38466057120387953 0.3852161421451165 0.38753603270470277 0.3855552213742317 0.38839371308805176 0.38046241641646916 0.39077080401991493 0.38690591623232873 0.38467893773326733 0.3852715052896524 0.38626761898034384 0.3831129399202629 0.38891159387593155 0.3796323236221469 0.3897973903600156 0.3863027802191447 0.38382698523020503 0.3884755035743113 0.3813012254071972 0.3882752900334961 0.385154283491441 0.3850358956773635 0.38268900603866673 0.38938471033771394 0.3895617719193596 0.3834651232382085 
0.25212488482017337 0.37906247576497126 0.39188668260358817 0.3850350007712512 0.38494331635302764 0.38442567783916637 0.38683847835376706 0.377080621076164 0.3830624586466579 0.38966002678365236 0.39056662206396564 0.38688928585836974 0.3855714489882972 0.38526285286680184 0.3862821547578935 0.39106405908096137 0.38891666039885614 0.38520118399400705 0.3812764280481197 0.38632144265126134 0.3844000351424296 0.3903664346697074 0.3873771700154564 0.3882591281104692 0.38516399382181665 0.38314340314981565 0.3914270501135374 0.3893365005104917 0.3877319141718052 0.3836222751673832 
0.2528516965374227 0.38725058724026845 0.39188668260358817 0.390612361668513 0.3906495894944595 0.38450296783522986 0.38745518851738125 0.385036810014904 0.38834759155885656 0.38160075528540044 0.39056741573809 0.38689958119230167 0.38540064522543077 0.38527038617581544 0.3862597792441051 0.3909805457211003 0.38933793067868266 0.38540364371906916 0.389961362506982 0.3864209528804865 0.39013951578653255 0.38937566400814433 0.38751486307846744 0.3882725021891297 0.38630360841015843 0.38495715125750835 0.39139796311717645 0.3891030131823353 0.3877319141718052 0.3919004940259832 
0.2529589873480638 0.3874409614682384 0.3936559139058134 0.39050081239599327 0.383771042759322 0.38537232272524763 0.38750108370666836 0.3849030934016784 0.3883372747132814 0.38925640644632553 0.382706055791955 0.3869059282993547 0.384486623175056 0.38526636957392674 0.38629513732919785 0.38422093959659204 0.3893834379673164 0.38538397788613604 0.38997382825600146 0.3851059515804947 0.3835893860598686 0.388387212193029 0.3875071651017887 0.38827777429167 0.385552891765148 0.38261743249737135 0.3825493859607439 0.3888518449530916 0.3882376815841086 0.3832963845265087 
0.25310118241549046 0.38726342958571314 0.3923748016074567 0.385105685137796 0.3906119188748018 0.38504450541119295 0.38683664177140603 0.3780822686423747 0.38814407557529185 0.38951923512717396 0.39038810290480497 0.38688097224620543 0.39308512595754136 0.38547450645830644 0.38628198672690456 0.3906849786966485 0.38891638041885024 0.38519452557320627 0.37986952496675114 0.38655552990998393 0.38438074784041204 0.39022556375293277 0.38751536293620376 0.38830913769050474 0.38515529003547133 0.39062430809998927 0.3837521764563896 0.3912938405986293 0.38934909805359985 0.3835244188196982 
0.2540198713367967 0.391510294420979 0.39188668260358817 0.390612361668513 0.39065029346835056 0.38450296783522986 0.38745518851738125 0.385036810014904 0.3883473097800632 0.3892358642862861 0.39059849099106453 0.386899239282992 0.38540064522543077 0.3852693839762097 0.3862597792441051 0.3909805457211003 0.38931682418904223 0.38540285173886246 0.389961362506982 0.38631001737669673 0.39013951578653255 0.38937566400814433 0.38755944070072496 0.38824702504984104 0.3863526539067507 0.3907422133893809 0.39169048464964734 0.3891030131823353 0.3877319141718052 0.39171022345695583 
0.2540562927551072 0.391510294420979 0.39188668260358817 0.390612361668513 0.39065029346835056 0.38450296783522986 0.38745518851738125 0.385036810014904 0.3883473097800632 0.3892358642862861 0.39059875752990525 0.38689958440198213 0.38540064522543077 0.3852693839762097 0.3862597792441051 0.3911304416542498 0.38931682418904223 0.38540285173886246 0.389961362506982 0.3864216354042161 0.39013951578653255 0.38937566400814433 0.38755944070072496 0.38827246660773124 0.3863526539067507 0.3908299853798687 0.39169048464964734 0.3891030131823353 0.3877319141718052 0.39169376926055416 
0.25465492396164174 0.3915154904684536 0.391852869873261 0.3906051586167331 0.38534698594700095 0.39258245243559947 0.39120253405026933 0.39318235517116 0.38835139792088574 0.3888217694955134 0.39061106783678406 0.39086787379807275 0.3833861096342685 0.38557901654781684 0.3864484736957699 0.3906192858654225 0.3893145281821026 0.38646319395537226 0.38996537421035865 0.38576751560163125 0.39506125962202376 0.388883099496091 0.3875593936848202 0.38729045917827126 0.38630645641092576 0.39031031516750087 0.39182871848868234 0.39134166353909033 0.3965700994125422 0.396894686010983 
0.254915711735488 0.3915203228960181 0.39124538466122466 0.3906195053005498 0.38492794712946315 0.38530830930677384 0.3870674999399027 0.3930406757946292 0.38806483141480685 0.3892437918861405 0.3936056448174019 0.39671577343947434 0.39319087283348 0.38564886747861093 0.38629503337128734 0.3913167523259711 0.3893343208667695 0.3940620271949551 0.3895593447568352 0.3866789995858957 0.38366817385330787 0.3899816602339068 0.387571292811146 0.3884967117679272 0.38470439801701267 0.39441034921552454 0.3922038287400024 0.39115599513439786 0.38792888498467326 0.39677372214715956 
0.2551240877051609 0.391510294420979 0.3918866834232826 0.390612361668513 0.39101555522282333 0.38450296783522986 0.3874781685729912 0.3848832676602758 0.3883473097800632 0.3892358642862861 0.38246135769989853 0.386899239282992 0.38540064522543077 0.38546504841031093 0.3862597792441051 0.3909805457211003 0.38931682418904223 0.38540285173886246 0.389961362506982 0.38631001379838054 0.39013951578653255 0.3902229830823807 0.3875581367279733 0.3883064626101641 0.3863526539067507 0.3907422133893809 0.39160215750526917 0.3891030131823353 0.3877319141718052 0.39171022345695583 
0.25596329544613206 0.39151786000052957 0.3912384873554803 0.39143510034151185 0.39041572970125055 0.38542786799253403 0.3910167483363013 0.39311333069250665 0.38831862944511125 0.3890996998405652 0.39370720217516125 0.38676944480283404 0.39271357685742714 0.39533037266804105 0.39414815768561795 0.39108609779849624 0.3959047067031874 0.3946854978886442 0.39021031547634083 0.38551471072844923 0.3949856389485668 0.3958172735330474 0.3941161300859056 0.3883992826974664 0.38601453033481475 0.39031634049673025 0.3917474386680652 0.39120708620826417 0.39767184453732257 0.3970950904695386 
0.25649027577695893 0.391279178502087 0.39273167618327737 0.39053844019282385 0.39084046467236694 0.3866444323866902 0.39102037879767165 0.39312887212207054 0.38831365315316085 0.38883020884638636 0.39716885361159165 0.39694324138247467 0.3927165608669245 0.3953036505251314 0.39414815768561795 0.3915957675530408 0.39616220495943577 0.394647625357693 0.39020207065050583 0.38551471072844923 0.3949856389485668 0.3912663965543865 0.39415038022535487 0.3883992826974664 0.39726949698854386 0.39031634049673025 0.39169935573724013 0.3912089660196075 0.39689157962502025 0.3970950904695386 
0.25686339565876176 0.3912801264102405 0.3923759792534184 0.40418428841231113 0.39652792565204353 0.39593550701379376 0.3924606990333129 0.3937867354954442 0.39015204171100004 0.39820509103557117 0.3940630858133242 0.38716517632821706 0.3925911044408676 0.39318100426596264 0.39336236266346625 0.40104382830114127 0.3892158133668414 0.3942262646360321 0.39344031859490264 0.3982514085417723 0.3929966921705889 0.38999227208474646 0.39441258197855955 0.39982966678284904 0.39662535993174897 0.3944132118665265 0.3918052721334353 0.391342261312885 0.3969460073516246 0.39709481984810596 
0.2573192854917997 0.39127954691041483 0.3926759679026531 0.39140168785066337 0.39083873778073847 0.3966490765380892 0.39238369839044807 0.3938285163864406 0.39017637460000604 0.3982099425198695 0.3905293243680171 0.3912530726173257 0.39275919792061836 0.39582793618425616 0.3959413414711233 0.3963237531930724 0.3978664710120381 0.3946483834427437 0.38981438549132413 0.39810257559336626 0.3931489938209196 0.39119580896097705 0.39500966519284053 0.38677277102533086 0.3971141317106045 0.3902788789555704 0.3918052721334353 0.39134457390122485 0.39682191661792504 0.3970782095266911 
0.2579738659209243 0.3912794992042969 0.3923772436138257 0.39203964276167025 0.39065413368284796 0.39664910524755903 0.39240829783586306 0.39382849223107563 0.3907864546276372 0.3982123868859789 0.3940630858133242 0.39618096870900726 0.39278647963832625 0.3958102076316969 0.39581988523727424 0.39647123151338015 0.39607310621774205 0.3944356379015907 0.3934403263076844 0.39810053964290043 0.39314327994690634 0.3898929326773742 0.3945173312439827 0.3998321900253154 0.39662560382978246 0.39096017043989506 0.39211345121063906 0.39134348347664666 0.3968291154436144 0.3971423204897513 
0.2583353153743738 0.40080254971043794 0.3929436627982888 0.39082704000461715 0.39065390183678117 0.39592725264199297 0.40163972701168177 0.39929417117251037 0.39069842006981836 0.39820758067427364 0.3988074859013731 0.39613814279094073 0.39277502880001 0.39592900932528985 0.3955626352136902 0.396647303171583 0.3960219412507688 0.39422768381560847 0.39815139983545683 0.39810358618814384 0.3929970550655285 0.40007753695211073 0.39458958502776825 0.3996178924227429 0.3918132150611392 0.3946062778905911 0.39169926155687 0.39120413937055953 0.3962259047073706 0.3998489943130715 
0.258770937715227 0.3912791127394024 0.39624537791882813 0.3925353701438544 0.3908430443994418 0.39663634515351515 0.3909851629029743 0.3941400980685865 0.39016023039559583 0.3983466769767204 0.3906440188896561 0.39635731468118074 0.39277093720437134 0.3958966512030086 0.3959282547260621 0.4008512096483079 0.39610521136636656 0.3944356044395655 0.3935042692572721 0.3982080678767622 0.3937316537473753 0.3911446355387751 0.3940984051828934 0.40008920740275034 0.3972787916489666 0.39029392122567264 0.40378187808683136 0.3995850233884994 0.39682116100099263 0.3972978201289589 
0.25946670955679596 0.39983622268733465 0.3930097678204778 0.4045289939880409 0.39051275451168466 0.3957940302455622 0.40052505539902833 0.3995290261787325 0.401047211701352 0.39844261089118416 0.3910479573237226 0.39579954581298005 0.3929261095422666 0.3931816677919331 0.3954288039022715 0.39649333740020726 0.3972903778276629 0.3942409581699517 0.397282617734882 0.3982313907641935 0.39599520037453034 0.39575146916693915 0.39631900781757173 0.39984387379467473 0.4019891590534728 0.39494408413796517 0.39234935386745823 0.4006823680078312 0.39768565458481436 0.3973754840215191 
0.25984632015196824 0.39123370613329217 0.39966680578565844 0.39009428486613484 0.390824636070548 0.3966471155693545 0.39196496155988053 0.3996864225011826 0.39017637460000604 0.3982158729671317 0.39406841028899664 0.39601222803495184 0.3917065568201627 0.4028099196657147 0.3959304593830363 0.3969777177268983 0.3960718521560679 0.39429605279271607 0.3973105258423807 0.3978784239136311 0.4051086096411212 0.3914206632152922 0.39620984815794497 0.4004819726820867 0.3966671925558207 0.39099695205453117 0.4034822006656436 0.39119467536627395 0.3968246051120035 0.40177595961881657 
0.26032466751538724 0.3998045299131044 0.3930199422932763 0.4045132211471679 0.39730476339094634 0.39627149677092127 0.4005374866034917 0.3939580256271951 0.4000126517676882 0.39819051513904513 0.4020362692120611 0.3965881179908483 0.3920247914295132 0.3956780303740818 0.39594956827656524 0.39593826587369235 0.3971215376232942 0.3946021770863611 0.3972633141608172 0.39859099081266236 0.3937917283091481 0.3956976914097713 0.39672858153100177 0.40039312308059816 0.39684136414333926 0.3945121332971225 0.40482308264655403 0.39992207241172456 0.39668401240714607 0.3975733943018633 
0.2607891832639835 0.40016291273814714 0.39987542112033436 0.40452708522591574 0.39731094523940974 0.3957621548296017 0.40423158497448874 0.4024681736825941 0.40082559710056204 0.3990546797871256 0.401954945891955 0.4023273507430327 0.39604824691251356 0.4028032576666008 0.39603068535884417 0.39585170295715055 0.3971715574026853 0.4011770694854592 0.39359199987318355 0.3970555948584867 0.39325670806803925 0.3998464275282209 0.39454979857078976 0.4016684154916181 0.3966679044389 0.4040356223221055 0.40358163900774574 0.3999017881927049 0.4017105321742894 0.3972016238405582 
0.26083867671326466 0.40016291698295386 0.3923278919161753 0.4045046802039276 0.39716809664262315 0.3958592372587671 0.4039147648404157 0.39912837481520014 0.40035590753947325 0.3990552586389535 0.4020177106186035 0.3966702352412507 0.39868037233119713 0.4028031466283844 0.3959507273908459 0.3958723314721254 0.397172985762013 0.3955590868065949 0.3936211389079888 0.4039477887004273 0.3939411496517181 0.3998450210080902 0.3945435321425342 0.4002988268527915 0.39676550477467576 0.40403528966346614 0.39252397844175 0.39989917100600525 0.39760874271706265 0.3974440050712206 
0.26153266787021656 0.4001813223247283 0.3999395731224458 0.40452641140271967 0.3973939625501388 0.39618268100681836 0.4037440271651998 0.3991289536871423 0.40097093166915165 0.39821575015024413 0.39406813541532404 0.3990854594533257 0.3985401505653458 0.4028387052457336 0.3954432706742112 0.3963770109101257 0.39730338131396 0.39443704637517135 0.3972660941089597 0.4039479252595096 0.40355754001811805 0.40005982143025826 0.39620978216974867 0.4003083870181149 0.3967779599740944 0.3988395791938668 0.4055245194442491 0.4001061941105272 0.401310802225943 0.4019858251837316 
0.26190998037004076 0.4001147463430171 0.39973632595604985 0.4046363782879091 0.3968653257202685 0.3961707283714625 0.403779061076777 0.39915822317070737 0.4010042084983507 0.40674793340459203 0.40171589992118734 0.39645523831975726 0.39307489624840586 0.4028382840727448 0.39594922652668074 0.3967890098282682 0.39712066266600937 0.3946213404870544 0.3972656605312492 0.398620991868358 0.39367361813998847 0.4029130790535852 0.39586274461562454 0.39936964084221843 0.39687589894084163 0.3945458246185184 0.40345663809985904 0.39992279274421366 0.40780112216923436 0.401796208014642 
0.2623233770366755 0.4001442833046039 0.3999400637980479 0.40452489838811123 0.39731094523940974 0.3957621548296017 0.40422760102610494 0.4024730298280183 0.40088378028436034 0.3982132136236233 0.4019541987832026 0.4023273507430327 0.39936089792850193 0.4028032576666008 0.4028394908525519 0.3960993453059847 0.3971715574026853 0.4011770694854592 0.39821814718812015 0.3970555948584867 0.4037402126860361 0.40004442248849265 0.39454964757256056 0.401593559363083 0.3966680146908105 0.4038334321282781 0.40356013072248054 0.39950939058754276 0.4017105321742894 0.397204645992019 
0.2624300749760434 0.3997399869352197 0.399916771225618 0.40504930928012667 0.39764130712748025 0.4057541923470544 0.40366660926065845 0.402624811394688 0.4004840203070222 0.4051121976340119 0.40159034286004425 0.3988731245681456 0.3990636118827264 0.402839811895763 0.40275977314139033 0.39647702042607064 0.3971733294122199 0.40123808890636414 0.39824405020492815 0.4036869952036951 0.40368715313406967 0.4034653107689133 0.396598436434804 0.4003184843524379 0.40195113084464174 0.40464117835602825 0.4038311297667412 0.4101281645471581 0.4015865029192189 0.39701515987191915 
0.26304028123856127 0.4001257496363023 0.3998317566167735 0.4044791477627884 0.39763799909558933 0.40569678833128375 0.4038085900293457 0.40256252945109466 0.4009324349593303 0.3990518105736082 0.40158939282032213 0.3988731245681456 0.3989863816815348 0.4028494783566378 0.3951130038138288 0.3964806729859384 0.39728627447320747 0.4011195087326714 0.39854864572786775 0.40353925542896796 0.40368835759870386 0.402954175059436 0.3961699777046274 0.40029776435709286 0.40197263160117513 0.40532315584106066 0.4033227235678727 0.40017972099607213 0.39695528612598 0.40200845670079516 
0.2632893151902974 0.39969370947493904 0.3993063073566893 0.404526225756246 0.40478803518197687 0.3963581571979144 0.40382501087935085 0.39887315350221286 0.4009042482149884 0.3990553028203209 0.40195419586947495 0.40219873205602996 0.399106934792943 0.40284864718387137 0.40310404189700655 0.3961000359421835 0.3971714873649861 0.4011016313671798 0.3970898133688837 0.4040874812232572 0.4040597878195494 0.39991703474749274 0.3961197924927175 0.40031827597110464 0.4019759848012684 0.3944740261566737 0.40345461175054753 0.4087707972984155 0.4009751623641747 0.40207822981457275 
0.26364941234713357 0.3997390189766851 0.399831199210742 0.40448034228751806 0.39763797171370063 0.4057541923470544 0.4038123357539506 0.40262454139824433 0.4005102504474021 0.40535767784322807 0.40158939282032213 0.3988731245681456 0.39906551707113064 0.4028399082015386 0.39512548617400833 0.39648081730507134 0.3971728859612896 0.4012489830385749 0.39689954966130475 0.40385061484062973 0.4036895031258613 0.4029655715203448 0.3961696814191077 0.4002966779146258 0.4019726606365857 0.40531618458676966 0.40332447351234835 0.400101369866939 0.39699026411349164 0.402017517568311 
0.26367065050088034 0.3997399869352197 0.399916771225618 0.40448034228751806 0.39764130712748025 0.4057541923470544 0.4038123357539506 0.402624811394688 0.4004840203070222 0.40535767784322807 0.40158939282032213 0.3988731245681456 0.3990636118827264 0.402839811895763 0.39512548617400833 0.39647702042607064 0.39717333153657336 0.40125043123394544 0.39689954966130475 0.4038474857437466 0.40368947604703764 0.4029655715203448 0.3961696814191077 0.4003184843524379 0.40197019802730716 0.40463331645882133 0.40345567488777223 0.40855786696057167 0.4016214987973877 0.402017517568311 
0.263972818140665 0.4001454509013215 0.3999357906286993 0.4045262884439195 0.39731094523940974 0.395752895189573 0.40382451797804586 0.39935058711064186 0.4009046598884464 0.39917391345813336 0.4020721497540563 0.4023273507430327 0.39936089792850193 0.40280335251985533 0.40277798029956513 0.3960993468158603 0.3971730405291895 0.4011770694854592 0.39821814718812015 0.40389713489319734 0.4037402126860361 0.40004442248849265 0.39454137062007333 0.40033621965594235 0.39667259125388193 0.4044186480102294 0.40356013072248054 0.40442233158990126 0.4017105321742894 0.397204645992019 
0.2644056495194336 0.40015505283369973 0.39991473661353166 0.40448024619535994 0.3978448135707906 0.4004881493667594 0.4038382196069825 0.3989756658793849 0.4008920472795607 0.3990518105736082 0.401584508168777 0.3988561794517869 0.3993738057069899 0.40278804650034855 0.3958535992356755 0.39640028023326157 0.39729062463443626 0.4011769512268655 0.39771461688139426 0.4035723340319341 0.40374050806276984 0.402965577638645 0.3961939139831507 0.4002762635527965 0.40156939603825115 0.40489336255531083 0.4034551131591885 0.39951062076786514 0.40162150287784004 0.40147705676869766 
0.2648634251918196 0.4090756511246953 0.39983216497227364 0.40447985374090123 0.40461489073363904 0.4090473147602784 0.403837677687022 0.4025456191611106 0.40094641292806665 0.4053513784657046 0.4099065423895174 0.39887305414213475 0.3983497152086017 0.40283991654658635 0.4119672300074081 0.39600796411642253 0.39717052309769335 0.40148776718139695 0.3977141504238163 0.40351962414645043 0.40358439778366867 0.4000272004803938 0.39616945444259816 0.4002982926590859 0.40196822608897737 0.4050008491210358 0.4034570117734601 0.4085942674312439 0.3993751160059395 0.4097717983567589 
0.2653690885509517 0.4010679920200042 0.4079185235402736 0.4044790072524865 0.40457764567079246 0.4096722667269568 0.4042181703377319 0.40215066164779206 0.4000884008619805 0.40627575517045467 0.4099023435571779 0.4022976134056811 0.41228077841383365 0.4027854105200377 0.40829303479114226 0.40957835227926803 0.4090355124678107 0.40975427796198777 0.4110367303641453 0.4093838663763767 0.4107152566579515 0.40778685618637145 0.4105423505420394 0.4098240372848037 0.40822358207837406 0.4043692255539647 0.4057074107070268 0.4131209440193351 0.41116121148155166 0.4093881808513641 
0.26561082074844317 0.41024386049915934 0.41084890261641993 0.4100076685599887 0.39816096116097666 0.4096327090803741 0.40439115500059797 0.41007293173095005 0.4001258778935453 0.40672739377147055 0.4095189045599268 0.4084077364663585 0.4093434604329648 0.4032788185115471 0.4082175227507362 0.39642536437734227 0.4046168830717694 0.40487604803613986 0.41133512726613913 0.40398281367672206 0.40377706479527986 0.40838890518609317 0.40252698485718647 0.4089438719197938 0.40770947393490437 0.4046047759950197 0.40510327842191696 0.3999886851707695 0.39685553885630764 0.4088113734036341 
0.26587905358147446 0.4102235235891399 0.40860990972704575 0.4044461910059014 0.4045806169036005 0.4099954768540484 0.4042228226348414 0.40930674963230157 0.41109208541420256 0.405236916507948 0.40951792390706643 0.4023435459946223 0.4093352196504575 0.40323862574661695 0.40821610016342114 0.41001131595061435 0.4090084227887145 0.40472094182102525 0.41086991372023524 0.4091437979441777 0.4106732633568521 0.40448191921868304 0.4025820025550403 0.408948128912545 0.4083701133789117 0.3932563683930665 0.405190202045938 0.4124110139723076 0.39686496043757535 0.3974851887230796 
0.2660536518359861 0.4102235235891399 0.40860990972704575 0.40994312391296517 0.4045806169036005 0.40967175421254076 0.4042228226348414 0.4097638862537117 0.41109208541420256 0.40619037091690235 0.4099028508789718 0.4086452778374009 0.41220588143734044 0.41197398764851034 0.40829306030929696 0.40957818565295795 0.40900182729072415 0.4097405217529868 0.4110343127748541 0.4093783141265154 0.41085949910011516 0.40830675471854744 0.41044694384414415 0.4098236093312185 0.4083701133789117 0.419036044896538 0.4074374972674268 0.4124110139723076 0.4110704279084589 0.40941639363644655 
0.266394615486359 0.41024242887402745 0.4083463869557709 0.4043369477243144 0.40449995888220625 0.40973926888617934 0.4094367798454736 0.4088005775578362 0.41109180594816297 0.40651899588283913 0.4099048378251003 0.40864509153758305 0.40117211458092206 0.40309567446787276 0.4083274406944314 0.409588811462399 0.40875654215073015 0.4097789911758389 0.4110303558618678 0.40936069452668683 0.410935690633276 0.4083166463175392 0.4104473537933538 0.4098233646042198 0.4087189788802154 0.4045229039587826 0.4052530267180835 0.4123836528592911 0.4110841631352102 0.4094165255219669 
0.2664796155183968 0.4101927033983927 0.4083463869557709 0.40956629768366454 0.40449995888220625 0.40973926888617934 0.40942218512064543 0.4088005775578362 0.41109180594816297 0.4066609209164069 0.4099048182876354 0.40864508189219534 0.40117211458092206 0.40302696101917973 0.4083274406944314 0.40955566991245995 0.4087815488235997 0.4097408425249357 0.4110303558618678 0.4093896120443955 0.410935690633276 0.408314694537687 0.4104473537933538 0.4098233646042198 0.4087189788802154 0.4045229039587826 0.41130569268121814 0.4123836528592911 0.4110841631352102 0.40941652216901714 
0.266855095833754 0.4101648506236154 0.4086099168527448 0.4105566300262627 0.404429423650401 0.40967974025663334 0.40922018778760655 0.4097626417063354 0.4110925811369342 0.4062643452801373 0.4098600443400597 0.4086451478587011 0.41220567905490313 0.41152712206675324 0.4085044260219436 0.40959664281328373 0.4090235705607416 0.4097392993939181 0.4114244561450012 0.4094123906261836 0.41093745449648694 0.4083042523320212 0.41044739451902884 0.40982382442570386 0.4083715974626835 0.4118681731807303 0.4074367769745682 0.412386142053121 0.4111419472628509 0.40144654203093333 
0.2673309749090896 0.4102236791882675 0.4086099172053856 0.4099571404194308 0.40460615584561505 0.4096582055444905 0.40932203235729614 0.40972816319336397 0.4110920668838715 0.4062712928737033 0.40994289333290745 0.4086452745422024 0.41219407006533293 0.41163147226997876 0.4082930032097061 0.40958970602459377 0.4095729878785181 0.4097789092169283 0.41103665358476243 0.40937830116814744 0.41086038377768647 0.4082862927641331 0.4104473515405824 0.409823574981169 0.40836880074867193 0.40446260772200054 0.4074357182082237 0.4123834736520702 0.4111431004485122 0.4094163936357379 
0.26736026870830376 0.4102449780387939 0.4086099166500504 0.4100081139568217 0.4045791293176033 0.4096586005241589 0.4092712467437151 0.4098019205208805 0.41109206639023127 0.40627150997171874 0.40990233745313415 0.4086452745234502 0.4093440486128475 0.411965619133061 0.40829300493148885 0.40975907519711174 0.4089880747390862 0.4048989273109443 0.4112409359234178 0.4093559571167616 0.4106762417317181 0.4082861203430544 0.41044735558885515 0.40982100666253674 0.4083701911694319 0.4047263678080592 0.4074594206002743 0.4124119363109573 0.41114299626807477 0.4091828570467884 
0.2676588328586818 0.4102429050306284 0.4086099172053856 0.4099571404194308 0.41256050679476164 0.4096583731627309 0.4091970738610813 0.40972606066275163 0.41110072523995195 0.4062063643711492 0.4099429577944785 0.40864286053803844 0.41019468587554964 0.4116384211349109 0.40829300493148885 0.40959594847094244 0.4095729878785181 0.40977887515240063 0.4112196882471244 0.41057370034256196 0.41086049536402297 0.408328614983844 0.4104473667975173 0.4098007885472544 0.40804176497963435 0.4046567806574191 0.4074357652220478 0.4123834736520702 0.4111431004485122 0.40941639147533954 
0.2678357334751179 0.41016380997351914 0.4084984302564315 0.4105672751562671 0.4132604019417885 0.40969145739643825 0.40921780486127246 0.4097639782863613 0.4110925811369342 0.4061924062571718 0.4098600245956011 0.40864514146615377 0.4122057838673943 0.41151472244524834 0.4085044260219436 0.40959664281328373 0.4090235705607416 0.4097392993939181 0.4114144568371423 0.4105365547113202 0.41093745449648694 0.40830272881815066 0.41045117775604145 0.4098238242436315 0.4082723569151625 0.4118681731807303 0.4073740461224234 0.412386142053121 0.4111184293654163 0.40144654203093333 
0.26835213787281736 0.41016583993719047 0.408410932948504 0.4142609999881316 0.41255774902001274 0.4085960449448211 0.40920002829062296 0.4097659676224325 0.41108764992695274 0.4112323440457167 0.40985907697139584 0.4086458331496549 0.4101217613383076 0.4115163560815898 0.40850091232410435 0.40959664281328373 0.40943607344774785 0.40977476195783336 0.4114144569715091 0.41054792719846067 0.41093666923192185 0.40810143544013855 0.4104469505341955 0.4098002457880816 0.408269590893866 0.41186487941248295 0.411070666830505 0.4123978208028285 0.4110883782538117 0.40165087874586786 
0.2684995643522096 0.4100324888570032 0.4104971287736652 0.4096731362560945 0.4124642501098793 0.40967815931516743 0.40941147593584043 0.4098636002973487 0.4104480774122623 0.41156703499460506 0.40986535828167614 0.4086428217874262 0.40951252540531624 0.4030263969904821 0.40835538346902517 0.40969700035115963 0.41127679008076706 0.4097405668880157 0.411098755954118 0.40939110531241746 0.41093703042048474 0.40838637454687504 0.41044742380693433 0.4100132543729061 0.4083599938286811 0.4118824654147703 0.4111831518980555 0.412260097336396 0.41112299885300235 0.40941732679810733 
0.26852197642583525 0.41019522512619977 0.4104971287736652 0.4096731362560945 0.41256062422849527 0.40967109870309165 0.4094220074963027 0.4098621493174918 0.4104446962587108 0.41154216275162275 0.409886325183529 0.40864658189119163 0.40951252540531624 0.4030263969904821 0.40835538346902517 0.40955461176401675 0.41127679008076706 0.4097405668880157 0.41109934317083574 0.40939110531241746 0.41093703042048474 0.40854242501403193 0.41044742380693433 0.410015369912488 0.40836970219511715 0.4118022792364542 0.4111831518980555 0.41226014701478714 0.4111226334692261 0.40941707483983547 
0.2688086824546149 0.4101793978114763 0.41063760546106637 0.4146695489365846 0.41226830659852526 0.40989130452475186 0.40942182956192114 0.40880839076270753 0.4108322672066332 0.41142421829010767 0.4098571099197014 0.40864661451015305 0.41222221869904635 0.4032475878717202 0.40833766777122116 0.4095556950238279 0.40956354982608145 0.40974033536909565 0.4110183320306686 0.40934224753252435 0.4109357432075267 0.4122088577680837 0.4103950155581502 0.4099135198642467 0.40873581652333274 0.40457142678273394 0.40573712843878196 0.4120424927683596 0.41110651950850086 0.40993986976059493 
0.2688799512284112 0.41018034171391293 0.41059263262926776 0.41006391758094474 0.40460615584561505 0.40989035335897095 0.40932203235729614 0.40972241549457417 0.4110966121262397 0.4062903747901642 0.40994585939454287 0.40864967273861924 0.412194100882408 0.4115632808891235 0.41288398035245927 0.40901979808437877 0.409580139619375 0.40974221299670194 0.41142337436713083 0.4079617498673464 0.4108606052434916 0.4124444518552431 0.4103951159656694 0.40982358750425163 0.40836880074867193 0.4165872577954456 0.4074357182082237 0.4120539037510245 0.4111431004485122 0.4090494274123433 
0.2693991527568951 0.4101925986734941 0.4104696256504535 0.41462782755958016 0.41255500992006056 0.4116370692627911 0.40920607895874495 0.40974608061595175 0.4104709753687891 0.411366161528131 0.40988691661727794 0.4087792813765687 0.4121302231851935 0.41156324819319856 0.4123362582325268 0.40903666761951746 0.4094901975550939 0.40974040270823275 0.4112225433768203 0.4094151301458119 0.410935851977991 0.40919114428179665 0.41044684117516905 0.4097466409349251 0.4121454133823188 0.41168334273498625 0.41138896009972364 0.4123043496162914 0.41110471320192793 0.40931740824978813 
0.2695843553860656 0.4101949850862747 0.4104975102729707 0.4146300012815492 0.41255500992006056 0.40969000714311515 0.40920607895874495 0.4097492886908456 0.4104456424730457 0.4112335698949646 0.40988675262759966 0.40864534282138226 0.4122443357366048 0.4115527878407431 0.41206178227255796 0.409571292187855 0.4094901975550939 0.40974040270823275 0.41108551950863165 0.4094151301458119 0.4109358553237075 0.40919114428179665 0.4104474156186325 0.40980506495733315 0.41225402168001624 0.41168428833336557 0.41138896009972364 0.4122620289058526 0.41110471320192793 0.40932745704011886 
0.2700376717956967 0.4100506437026567 0.41059303838478084 0.4146105971597554 0.41246274779457454 0.4098908399424983 0.40949520791285177 0.40971051204237774 0.41110571738448337 0.4113383816585877 0.4098653275651612 0.408646658435462 0.41227140415881364 0.4115157633828011 0.4083493742898389 0.40969501875910375 0.40936766978948075 0.40974324000461887 0.41137512922506503 0.41026335446662215 0.41093477334046113 0.41568154814336633 0.41041018096287857 0.4099793713412627 0.4081415167247469 0.41187271910255735 0.41141480506621164 0.41225015904857687 0.4115311710831696 0.40943031657233253 
0.270200449080883 0.41019361679793065 0.4105919745178897 0.4100774108858257 0.41254484871841246 0.4096145021933614 0.40945849908259846 0.40974447047369655 0.4104733267530947 0.4122311224080192 0.4098594072084529 0.40878025480448427 0.41213002710692076 0.41163853471598055 0.4128542012669881 0.4126571725630581 0.4094856245280277 0.4097638684034781 0.41144048792476673 0.4094151301458119 0.4109357100688473 0.4091897227478065 0.41044686590555834 0.40974650332049 0.41219522204843523 0.41188914569567336 0.4115436297968419 0.41205777685723693 0.4111262645587919 0.40966270654905135 
0.27039450329511605 0.4101925986734941 0.41072184396161754 0.41462782755958016 0.41255500992006056 0.4116370692627911 0.409206262286253 0.40974608061595175 0.4104709753687891 0.4062549809995045 0.40988691661727794 0.4087792813765687 0.41213002710692076 0.41156488122575513 0.412862555960446 0.4126523222111453 0.4095804286127784 0.4097638684034781 0.4110360271647005 0.4094151301458119 0.410935851977991 0.40919114428179665 0.41044684117516905 0.4097466409349251 0.4121454133823188 0.4116834018592155 0.41138896009972364 0.41241122402178426 0.41112622882495586 0.4096763255659034 
0.2705162719546284 0.41020750447454213 0.41072184396161754 0.41462782755958016 0.41255503579102343 0.40982105775277894 0.40938348085076465 0.41753868536220357 0.4104709753687891 0.4112316799037625 0.40988691661727794 0.4087764632184444 0.4121002346964007 0.41156488122575513 0.412862555960446 0.4126523222111453 0.4095827722434713 0.4097638684034781 0.4116850904795777 0.4094087854753955 0.410935851977991 0.40919114428179665 0.4101282486067679 0.4097466409349251 0.4120384428342858 0.4116842160686685 0.41138896009972364 0.41240799894849695 0.41121890791776977 0.4096763255659034 
0.27087959212004575 0.41019261693535936 0.41071959651877765 0.41415762902040537 0.41258182280443806 0.4174703549989778 0.40919720014061756 0.40986327348030643 0.41110128316035266 0.4113932839912218 0.41016791405908554 0.4087778520562469 0.4121943462044581 0.41156495397499404 0.4130085439850789 0.415342598569651 0.4095800152538279 0.417350572212714 0.41142518466666184 0.40964212321154125 0.41465342623619955 0.4091563814644009 0.41605674932654246 0.4093108493804706 0.4123405301434951 0.4161449581062227 0.41100677581320366 0.41240390600655125 0.4164094987384588 0.4182091272047287 
0.2713073937500156 0.4101751065283329 0.4105926323506783 0.41007752045557605 0.41335672985857 0.4116175450267301 0.4090505213944278 0.4097444743220319 0.4101807076273425 0.40627663145502985 0.4098581278510692 0.40864619460458973 0.4121543338669597 0.41150654776213863 0.4178821519171039 0.40959060424544086 0.4113838431231152 0.4097591574560375 0.4114270414498092 0.41200608372746794 0.410876629744662 0.4124431806967703 0.41044694774327894 0.40981218212409315 0.41203723299095874 0.4118937010196151 0.4074357526520672 0.412050349799114 0.4111549835184777 0.4093527210142873 
0.2714170672668563 0.41111713235123654 0.41066463382990026 0.4146913380760363 0.41096647880159093 0.4116588079551072 0.40904759456280865 0.4173888840921016 0.41727799177656866 0.4182408966808077 0.4102441002425737 0.41564885116690364 0.4120676201910276 0.41141345909983495 0.4179420001991934 0.4159053396510055 0.4160454315200117 0.4097411461786253 0.4121570514167216 0.4156402225915249 0.414677150977741 0.41525965385654967 0.4104835351021112 0.40976345139919346 0.41250493523612125 0.41168306455747844 0.4113766595846273 0.4125723997594555 0.41110568971903844 0.41830623680166795 
0.27159678533073256 0.41111713235123654 0.4139370952765777 0.41437444932565287 0.41096647880159093 0.4173798920706413 0.40918920980661944 0.41729712049579926 0.41727799177656866 0.41838118766575 0.4163655100590842 0.4156171068183006 0.4123115200609746 0.4155743716037748 0.4179420001991934 0.4159550440402347 0.4115269209047114 0.41656930742747744 0.412157255052047 0.41564481501216033 0.41483101110636145 0.4152088146947779 0.4104835351021112 0.4180080606225526 0.4125164017038829 0.4119374695224021 0.4114493516835995 0.4115784241149353 0.4108996592832712 0.4183714355837272 
0.27172458846160424 0.4111106201517347 0.41059218974959977 0.4143320954884696 0.41096647880159093 0.4173798920706413 0.40918920980661944 0.41729712049579926 0.41727799177656866 0.41834582378859236 0.4163655100590842 0.4083880371918494 0.4123115200609746 0.4155743716037748 0.4179420001991934 0.41600560474802106 0.41153066956391177 0.4097521459566245 0.4113741099533731 0.4156708725788116 0.41483101110636145 0.4151717434845778 0.4104835351021112 0.4099200165339598 0.4125164017038829 0.4118715844078649 0.4114493516835995 0.4115985253626386 0.4108996592832712 0.40884777662994426 
0.2719733114610066 0.4109260980620676 0.41395215665989665 0.41437444932565287 0.41921784591839356 0.4173798920706413 0.4191422630596891 0.41729712049579926 0.41738546882101407 0.41838117758740256 0.4163655100590842 0.4156171068183006 0.4123115200609746 0.41557448527277474 0.4179420001991934 0.4159550440402347 0.4115269209047114 0.41656930742747744 0.412157255052047 0.41564481501216033 0.41483098663959145 0.41520848499955915 0.4104835351021112 0.4180511121585442 0.41923941744186416 0.4119374695224021 0.4115537877878684 0.4197798787631836 0.4109237544344304 0.4181941355431806 
0.27231040249330624 0.4213402648666757 0.4168397428521762 0.4143883508552351 0.41962764576754363 0.4173735453587317 0.41997295256585204 0.4170246899216628 0.41737516110437334 0.4182750205976804 0.41698453256055656 0.4156185281563063 0.41582564736576444 0.41557786970952953 0.4178707502429922 0.4153598800861238 0.4117145174807791 0.4168436954559614 0.41622788272348926 0.415808963553172 0.4148134320931551 0.41515669904580177 0.41608099239951 0.41541790876701845 0.4197794943003103 0.41746108350541195 0.41101285532476783 0.4192089394917063 0.416328199535423 0.41821704757653194 
0.27252424111839635 0.4213337801820749 0.4168503491511787 0.4147378966038697 0.41927436846882915 0.4173551504169388 0.41920450971898515 0.4172218770964246 0.4176391893032908 0.4183762183746953 0.4158559921553554 0.41561325673967686 0.41612679705851324 0.41557787122718376 0.4178692719693946 0.41536855738739836 0.41606014657724233 0.41655940565521055 0.41622979463832566 0.41564643961714526 0.4145336031419119 0.41519643709585613 0.41619659970311085 0.4164775595907593 0.41903927133918745 0.41650497857243896 0.416358744484422 0.4190824795345022 0.4162582554880749 0.4182191398812055 
0.2729932535988842 0.417991927151643 0.41685785251187735 0.4143512747666292 0.4196139056644681 0.417532119633064 0.4192204169573407 0.4172325964061279 0.4173214272891802 0.41838500411991936 0.41594245743616987 0.41561300920462146 0.4161413629708063 0.41557794061417414 0.41787440294209355 0.4156711892909563 0.41606075578649127 0.41655939943784953 0.4120211118539061 0.41565645694978126 0.41483885151423455 0.4157632632943575 0.4161531451602004 0.4165531784645749 0.4190400166127347 0.4204168996252987 0.41633825433894806 0.4196793957431699 0.4162452742202141 0.41836582775334835 
0.27316911570241953 0.4216829376404107 0.41685567652288646 0.41471089939638045 0.4196127354840445 0.4173733473013899 0.41949435046039385 0.41722965170898646 0.41733608146369 0.4183822259058314 0.4169844955367101 0.41562707346976563 0.4157156856035952 0.4165854021600819 0.4181100565827527 0.4153179272020108 0.4118245976092676 0.4165746333879217 0.416190307733849 0.4156467006530113 0.4148134320931551 0.41520856704741743 0.4131902964748665 0.4154178536521492 0.4197801451875204 0.41746108350541195 0.4164664635660277 0.41921381018573195 0.4162455685211442 0.4182145778016248 
0.2733719444419123 0.4214897203960012 0.41706833371418806 0.41470809058207025 0.4192821471425443 0.41753218079386645 0.41922093084655654 0.4172328999005145 0.41734156491912366 0.41836736492477294 0.41594216344140966 0.4156129933334148 0.41570525080020077 0.41557686238854186 0.41794337174766116 0.41599298417771113 0.4160653688431642 0.41656853669471205 0.4213820382517364 0.41565650054304415 0.41487212413937025 0.4154952199131132 0.4103247085092586 0.41660349351863657 0.4192914617715791 0.4171090514400271 0.41680887266941397 0.4196781828588686 0.41625958004903174 0.41819686787934685 
0.27362590784381413 0.4158671980250518 0.41684556153232194 0.41471676160436005 0.41962764576754363 0.4173733473013899 0.41949435046039385 0.41722965170898646 0.41733608146369 0.4183822259058314 0.4169844955367101 0.4156275527082241 0.4157156856035952 0.4165764487916583 0.4181016398684942 0.4153670851936463 0.41155369233007316 0.41654646167525317 0.4161916056256147 0.4156467006530113 0.4148134320931551 0.41520856704741743 0.4131902964748665 0.4154178536521492 0.41977707454828955 0.41746108350541195 0.4164664635660277 0.41921381018573195 0.4162605131651235 0.4182145778016248 
0.2738645199021908 0.41602053745218837 0.41680206321429386 0.425978994723152 0.4191769606756399 0.41741784172567126 0.41924657624778866 0.41722261961744495 0.4176640908312823 0.41836787680914433 0.4169108037721034 0.4163683441033455 0.4159101545056637 0.4155777504887473 0.41809287678168866 0.42597432013913095 0.42030186304090605 0.4171986334308355 0.41620178434733673 0.4157321331112779 0.41483065998293733 0.41532069468087074 0.4204021661327033 0.4154440321664417 0.4191951641100687 0.41668058886185677 0.4164703143480792 0.41914614522624793 0.4163596639440346 0.4182230107020817 
0.27414748924198623 0.4217002800936621 0.41706096629998013 0.41439364040519344 0.41927514340988775 0.41735568410319507 0.41921105214011 0.4172218960208285 0.41764940451768273 0.4183802010917827 0.4158730659789911 0.4155873603225567 0.41571582708240246 0.41577921125920886 0.41786932003728344 0.4156719817722658 0.41649553720555094 0.41643734821755446 0.41623998263247997 0.4156467636341889 0.4148276919985203 0.4152090166796434 0.4127795102084081 0.4164559056911222 0.41974523861338114 0.41742853776683714 0.41680165440463185 0.4190871545485532 0.4162579203188712 0.4182232446020435 
0.2743693692728705 0.4153994124542631 0.4168374979171111 0.4147178418446797 0.4196086929082774 0.4173551151975248 0.4192145410662065 0.4172190708573476 0.41764420753079584 0.41838024818698183 0.415867231586591 0.4156176915452621 0.41612636270552056 0.415577466173364 0.4178764331579765 0.415681778418568 0.41596133609749175 0.4171545737939171 0.41619724677549835 0.4156467157797377 0.4145363904078135 0.4152085601793557 0.4161946558379015 0.4154715854884441 0.41924811050772637 0.4174820249460784 0.41680237361757283 0.4194496263329014 0.41624517174643955 0.418223010844489 
0.27460403763449664 0.41601929978385005 0.4168474003454105 0.41439559006983406 0.4192822047598778 0.4175230148378894 0.41927696032935724 0.4172218960208285 0.41763493287535647 0.4183802010917827 0.4158767000789537 0.4156455308589589 0.41571530778006865 0.41556801663065823 0.41794339137419956 0.4156714142730925 0.416458797327077 0.416436738116695 0.41616101423259183 0.41565640907279927 0.41483441216150674 0.41519809676796116 0.4203169593822839 0.415663654016098 0.4190781921045293 0.41743174100529146 0.416799973439322 0.41914564750244315 0.4162595483248802 0.41836859269389565 
0.2750344023896793 0.4214897203960012 0.41706833371418806 0.41470809058207025 0.41928214708943223 0.41753218079386645 0.41922093084655654 0.4172215193169275 0.41734156491912366 0.41836736492477294 0.41594215031900117 0.4156129933689188 0.41570525080020077 0.41557686238854186 0.41794346026591067 0.41599298417771113 0.41606504226293384 0.41656853669471205 0.4218705720192904 0.4156577971025089 0.4153344808865952 0.41520044011651436 0.41572358796244263 0.41660349351863657 0.41928394756545845 0.4171063448920851 0.41680885840888865 0.4196782096338319 0.41625958004903174 0.4181922317178628 
0.27504381417269413 0.4214897203960012 0.416837467991294 0.41470809058207025 0.41928214708943223 0.4175338963652436 0.41921455464335466 0.41722159022025407 0.41734156491912366 0.41836736492477294 0.4158657071133361 0.4156129933689188 0.41611850593319977 0.41557686238854186 0.41794287324841284 0.4156937780295619 0.41606504226293384 0.41656853669471205 0.4218705720192904 0.4156577971025089 0.4153344808865952 0.4152006269458076 0.41572358796244263 0.41660349351863657 0.41928394756545845 0.4171063448920851 0.41680256214705813 0.4196782096338319 0.4162596613854775 0.4181922317178628 
0.27531514033249854 0.42148992875739294 0.41706637055020185 0.4143578786913709 0.41937881903322377 0.41752956287096205 0.4193102951247394 0.4172218960208285 0.4173422623613448 0.4183795810355927 0.4159415790037082 0.415586124290571 0.41570524909625706 0.4155773417977239 0.41786932003728344 0.41599753328912636 0.41649544640649117 0.4165692809694408 0.4217246953630546 0.41553101119565977 0.41533028642242015 0.415764582190134 0.41572315093883627 0.4147748632589364 0.41928319297251493 0.4175508278283069 0.41678464484115846 0.42327196956568996 0.4162593052922182 0.41821984983231497 
0.2758323242474288 0.42133678253116746 0.4217492542621968 0.415364739269739 0.42420663405784514 0.417649419150214 0.42437843058752933 0.4175218064723807 0.41761968517434095 0.41844989740090077 0.4211770782901576 0.4165208324740769 0.4248747295750203 0.42671815541760816 0.4179445062480199 0.41519524109653355 0.42042906286030207 0.41695610564510904 0.4258073576307059 0.4205956581092975 0.4141032423159004 0.42644906861398757 0.4211421997850575 0.41673291185760936 0.4256906597298156 0.4238448118073002 0.41640222262669685 0.4247278537248889 0.4151010082955681 0.41834935411044816 
0.27609398766706506 0.42156289624686644 0.417062251958574 0.4147178418446797 0.41927549967091693 0.4173551151975248 0.4192145410662065 0.41722403517029966 0.41764420753079584 0.4183762396046087 0.42081024005604084 0.4156376042709523 0.41625416910872953 0.4268977901506856 0.41786936816687653 0.41568136150425694 0.4159200205493559 0.4171545737939171 0.4163565822286492 0.4160177700521078 0.41481502624083116 0.4233642113708298 0.4161946558379015 0.41656054125451697 0.4158969987796308 0.4174807088018293 0.41680237361757283 0.4194496263329014 0.4162593360162746 0.4182233196681726 
0.27636432602879 0.4213404513794727 0.4291419676084798 0.41517492032482817 0.419306208313364 0.4192909896119543 0.41949127344371095 0.4167093573559288 0.41743949853256856 0.42107006656891155 0.42057161605251037 0.41652071215856923 0.4249935133304461 0.4155052374319863 0.4179495361220797 0.4164845592271655 0.4209040936165445 0.41694403299461663 0.42584370351290285 0.4156456190808978 0.4151436706791839 0.41574016717121604 0.420904041800265 0.4263984491580341 0.4256036408654871 0.4238453823778127 0.4166943622151959 0.419323073238263 0.4160271872991607 0.4181372889962255 
0.27670335122077955 0.41813743247261503 0.42972132824802467 0.4258233081163697 0.4193788226925668 0.4175841839752308 0.41870342876003624 0.4246378266285741 0.4187927845421608 0.42105983556360166 0.42141652172132144 0.41558539207445455 0.42551161057796516 0.4155650922240725 0.42624833036522475 0.41648798316740837 0.41648434780534965 0.417180709335706 0.4216290912530208 0.420277462831631 0.4151245023217551 0.4151938388386483 0.4206659180018349 0.4265463244268584 0.4257785286881868 0.41752366985519074 0.42423513440390964 0.4231177822755123 0.4267459507471771 0.4198974126156237 
0.2770360963913142 0.42133710147136366 0.4217492542621968 0.415364739269739 0.42420663405784514 0.419254429181329 0.42437843058752933 0.41752047751924976 0.4183803053644061 0.41835660549897014 0.4211770782901576 0.41652086536773514 0.42520826051467525 0.42671815541760816 0.4179445062480199 0.42637436724634137 0.42056337567871627 0.41695610564510904 0.4258073576307059 0.4205956581092975 0.41519133299884076 0.42635571556196017 0.42114361466008843 0.41673291185760936 0.4256906597298156 0.4238448118073002 0.42487392538244423 0.4247278537248889 0.42495584909978373 0.41834935411044816 
0.2774978763894606 0.4213574578468304 0.4280633227512682 0.4147184219020744 0.41928214708943223 0.41742640738733877 0.4225650501180129 0.4248422255301904 0.4173399828888413 0.425052559807989 0.4159169788129906 0.4156138198898265 0.41565640801303066 0.4321745003478865 0.4264829378284289 0.41616674882647364 0.42028511935241153 0.41643505976105477 0.4220048014637542 0.4206151263740573 0.4280167645232849 0.41453353762932077 0.4210603366624242 0.416897734872155 0.41913068553141675 0.41682743809454037 0.4168088826567156 0.4195850784451612 0.41624547923449284 0.41961047792788286 
0.2778139678068433 0.418265139315681 0.42172238846934834 0.426830892646099 0.41924189372845905 0.419254429181329 0.42436327377044947 0.41752047751924976 0.4173223250727254 0.41805303443713104 0.4210015648421026 0.4164034822967795 0.42520912522465054 0.42671815541760816 0.41804973962138087 0.41624252333264744 0.4205038687320591 0.41631120771861774 0.4158068505094545 0.4205956581092975 0.4276507999885731 0.4265310257459115 0.4211053371489779 0.42748298986786454 0.4256906597298156 0.416299060994032 0.42489357162271296 0.42483193565838767 0.42495584909978373 0.41963656131704086 
0.27808404678603843 0.41940039885892916 0.428831803801984 0.4257580188100536 0.4218252451808669 0.41922202014923265 0.42430065705988923 0.4248656776537628 0.41880255652312415 0.4252071829102113 0.4213916001875668 0.4160820558095281 0.42539952916552237 0.42694502845063514 0.42632455112936724 0.42727368676247696 0.42079928294002367 0.4265516355279171 0.42594121610404023 0.42037871333367177 0.4287078664881505 0.4257373271429541 0.4252600677006836 0.42723572656690645 0.42362253737294997 0.4238678170703633 0.42469735200067216 0.42480796304515966 0.4267282807307722 0.41990012569328006 
0.27816545572609713 0.4189535876594186 0.42883095054545267 0.4257682658465203 0.4218252451808669 0.42617796815411246 0.42348925644195945 0.41791344061340197 0.41880255652312415 0.4251704033857265 0.4213916001875668 0.42440651580748817 0.42540910730826764 0.426717534493142 0.42632455112936724 0.4273337113647288 0.42081473036439737 0.43057076823717094 0.42594121610404023 0.420378019828586 0.4287078664881505 0.42626820792752007 0.4252600677006836 0.42722377649871296 0.4235983703079936 0.42385592578370246 0.42469745361018063 0.42480480542833243 0.4267282807307722 0.41990012569328006 
0.2786355259233179 0.41817196412408647 0.42904935403059313 0.4271966568135322 0.4220763714598746 0.42588143986585314 0.4247180065032546 0.4242275184942601 0.42746417754234084 0.4264714133639935 0.42797387797159675 0.42867667103523727 0.41793429390097847 0.43199544432173187 0.4263404699994269 0.42619599589633034 0.424360053505807 0.42934823643273606 0.42583099093626925 0.42890024699140444 0.4283030493072488 0.42629372351942246 0.4252595237832929 0.42711687684668515 0.42454590357978583 0.4247958436502509 0.42457375628119487 0.4248079299389245 0.42492613375629085 0.41935876182745646 
0.27884359257068225 0.41817196412408647 0.42904935403059313 0.4271966568135322 0.4220763714598746 0.42588143986585314 0.4247180065032546 0.4242275184942601 0.42746417754234084 0.42647140832758634 0.42797387797159675 0.42407653858339245 0.41793429390097847 0.43199544432173187 0.4263404699994269 0.4262160173661055 0.424360053505807 0.42934821452565897 0.421324636155338 0.42890024699140444 0.4283030493072488 0.42629372351942246 0.4252595237832929 0.42710619194571625 0.4245458673805659 0.42464993766197745 0.42457375628119487 0.4248079299389245 0.4249209736258929 0.41935876182745646 
0.2792722400488748 0.4309529071204841 0.42888390010412614 0.42576778860157966 0.4247546062916448 0.4259904803711365 0.4234827870543506 0.4203795851377852 0.42726162107260246 0.4265049446351444 0.4279925348162742 0.4244707323946261 0.4179266801214063 0.4267243814092346 0.4263376174740939 0.4272953368274312 0.4209989296538017 0.4301156629811073 0.4241121187756807 0.420379156760792 0.42821225434188676 0.42626629913689207 0.42540563728874936 0.42893078778962884 0.42359842172172796 0.42473517940940075 0.424889059873043 0.4248004719040484 0.4252167900354979 0.4329449113165085 
0.2796973982125568 0.430955602352093 0.42890073639323334 0.42575796729831805 0.4247541087086813 0.4259132739718351 0.42415715374684276 0.4248619298200027 0.4272988516960618 0.42650491179759203 0.4279862835378408 0.4244737688240636 0.42378209348535634 0.4268867171437455 0.4263695582183672 0.42728657885400734 0.4209616751911321 0.42935288202866434 0.42602885091827203 0.42033340082823484 0.4282940801873183 0.4263025844419579 0.4212780943329815 0.427321926100032 0.425792952520511 0.42393613060199953 0.4246985519233833 0.42480793006295064 0.4266969424832816 0.4193784462183188 
0.28019199202644524 0.4309555551636512 0.42890073639323334 0.42575796729831805 0.4247546062916448 0.4258825199200659 0.4235757417128941 0.42486588070280523 0.42642534600988596 0.42650491179759203 0.42798890918151944 0.4244707323946261 0.41757694920845967 0.4269167504365281 0.4263697778130194 0.42728657885400734 0.42436092766438294 0.42935288202866434 0.42417088468983666 0.4203334039918029 0.42818698686649237 0.4263025844419579 0.42525979408749004 0.42891628363425577 0.42362132819309783 0.42586366653441454 0.42469734257259145 0.42480793006295064 0.4266969424832816 0.4193595089174951 
0.28015302433758243 0.431099869054111 0.42970630246207636 0.4259799484315339 0.4246342122746598 0.42588251976474434 0.4249331470940032 0.42486068068766136 0.4271003176754267 0.4249130713050776 0.42786460803822235 0.4297158804793745 0.42383796001355556 0.4318439785369442 0.42634079351208937 0.4272740458121168 0.42420731231861725 0.4304778637513927 0.42591467028607605 0.4279136391627932 0.4286407277329976 0.4264428474526457 0.42525279738821425 0.427173501576948 0.42361302378452165 0.4315749232172985 0.42470017943764043 0.4248047402867909 0.4249292843426309 0.41981451211037557 
0.28079035663257973 0.4310768997904085 0.428898883521523 0.4259799484315339 0.4247514641308186 0.4228427577693492 0.4247451503765226 0.4248718771449135 0.41706545176431803 0.4252045836511315 0.4278603905659759 0.424052606686711 0.42405327051406333 0.4319915850532886 0.4250718030316101 0.4210251174632689 0.4243611774342462 0.43085853282526815 0.426237037750571 0.4276904133718743 0.4281818991204715 0.425912133605364 0.4252383030170623 0.42715863252542585 0.42362265629828566 0.42586335713281914 0.4246489240010364 0.4248080442947283 0.42477173487558256 0.4197521396442596 
0.28099044608305884 0.43109649262383576 0.4297040670309688 0.4270379323917679 0.42478880520627627 0.42610921286359404 0.4247450547675133 0.4304600384241603 0.4272614838546626 0.4200838998293604 0.42798790522135716 0.424441622158311 0.41761801443830515 0.42704155076616235 0.42379491885198156 0.42728770861639487 0.42099956319732823 0.4301048088409442 0.4241827449194667 0.42819951351080876 0.42865501644129084 0.4263774533369317 0.42537262895027333 0.42878748536924594 0.4235991480413146 0.42440164754639265 0.4246026827788496 0.4248046621170461 0.4254013736155293 0.43386666175863325 
0.28120356919163625 0.43096820157579935 0.4286490263718565 0.42720173444106857 0.4218292018468212 0.4197520654588116 0.4308336155924295 0.4298252609336933 0.4281982264273433 0.4265066792793018 0.4279819467948776 0.4287232073464148 0.42384619766660053 0.43175058380078923 0.4259936642389821 0.4272861493614361 0.42443696476024245 0.4293554699185223 0.4259708544689411 0.42827942365318905 0.42813630478463266 0.42628467296575084 0.42100609143553497 0.4274539259778753 0.4245609659480508 0.4248003333472044 0.42469405281232675 0.4248046422827034 0.41573012047226826 0.4334756194124843 
0.2813101881049428 0.41817196412408647 0.4290435209842313 0.4271966568135322 0.4220763714598746 0.42588143986585314 0.42463067739976096 0.4244033515711499 0.42746417754234084 0.4264707401472609 0.42797387797159675 0.4288727461647747 0.41793429390097847 0.43199544432173187 0.42634265922632353 0.42619533904954654 0.4243601769597565 0.42934789916493804 0.425893282237518 0.42825828096088575 0.4283030493072488 0.4262932797136857 0.4252595237832929 0.4274751637730436 0.4245459049457124 0.4247968109533085 0.42457375628119487 0.4248079299389245 0.4240600583017542 0.41935876182745646 
0.28150197786228054 0.430957747174423 0.4339803592281116 0.42720173444106857 0.42478889209230863 0.4260964357171285 0.4306758980406963 0.42460931598867824 0.4337475779786055 0.4262592209863147 0.4280687395656122 0.42865522066826656 0.424692467136477 0.4321002750935331 0.42599596466824713 0.4272861493614361 0.43278660714714556 0.42930047249879044 0.42594088425720544 0.42809935971443275 0.4287006080777024 0.426282729676024 0.42494743687875075 0.4296813513944494 0.42513476689839413 0.4248003333472044 0.42936213303776316 0.4248046422827034 0.425403734245406 0.42918183143533833 
0.281694039018677 0.4310964657202681 0.4297053076371216 0.42720173444106857 0.42981217923513415 0.4261092275493098 0.43067785726953356 0.4302813467055149 0.43115452168236534 0.4265066792793018 0.4279873037339064 0.42902128661324235 0.4243523940114199 0.43210012841167583 0.42599596466824713 0.44206991237434 0.424362507478751 0.4293549565171398 0.425959435915694 0.4282793889369409 0.4287006080777024 0.4263736723911486 0.42550717340845495 0.4296813513944494 0.4250797163585474 0.4248003333472044 0.4293600535396578 0.4248046422827034 0.425403734245406 0.4334940169840566 
0.28257936713183884 0.43054511470395784 0.43405864027275615 0.42421227865984035 0.4248982842969418 0.4272765054649856 0.43044590559598944 0.435032865729032 0.43348504915501157 0.4344303293936855 0.43593885710737795 0.4351638112689954 0.4300247417826436 0.43209959890516203 0.4335427068030242 0.4366146578245244 0.4327002678492837 0.4293039489178597 0.4246188712193019 0.4343207060624502 0.4324334995655391 0.4336024814669777 0.43338702853398126 0.42890870476327375 0.4248546945276877 0.4316020299313655 0.42941639670285714 0.43354117255324104 0.4328846330560767 0.429180701801825 
0.28301063289753264 0.42932758523291115 0.429872815401859 0.42742313949309996 0.4259201132953398 0.4303174974702247 0.4306743087841207 0.43046496897197756 0.427120740858811 0.4265978671391196 0.42725444807837004 0.42461182650743406 0.43073553340498577 0.4321043600881635 0.42649727087763467 0.43438948152804846 0.4329047016156276 0.4388849754917384 0.4244149709624145 0.43431926734699644 0.4278708848359751 0.4264459334316663 0.42527055047101814 0.42968349416228163 0.4248694397542689 0.43160334024059055 0.42961869685822385 0.433264561924692 0.4255090004542681 0.42902202967442843 
0.2832054443649052 0.4300469490836391 0.42983844674374305 0.42742313949309996 0.43311353839838446 0.42708237530289195 0.43075843274164216 0.43055425870380715 0.43367898615827905 0.42666013239639794 0.42812217608072317 0.42396333738248704 0.43073553340498577 0.4321066237380571 0.42653805017876206 0.4261256045702623 0.4329047016156276 0.42979684471633717 0.4244149709624145 0.43424714741191645 0.4278708848359751 0.4339066871897813 0.4332511711282145 0.42890682121229184 0.43525910238639226 0.43160334024059055 0.42961869685822385 0.43339172699604234 0.43501481159725897 0.4291266265645633 
0.2837015645148095 0.42924593604838845 0.43012495703422776 0.42578290184449746 0.42534405134808073 0.4256712008160993 0.4308686135597504 0.4373249745848895 0.4336755285536392 0.4344359757105499 0.4281287991233898 0.43516732635805394 0.4248151806059722 0.43176291382472504 0.4294390407677591 0.43577951485484634 0.42420027699921165 0.4386908629885612 0.4245666013390716 0.4409721802960892 0.4286984407362186 0.43391281909021656 0.4329845292643773 0.43592301144205664 0.435245992155404 0.43163885797160634 0.43560930061101394 0.4333942038498777 0.42542770881759717 0.4334406619001322 
0.2838091166245806 0.4303140332919498 0.434079809629059 0.4184244383035055 0.43267691051811186 0.4271555366425641 0.43048305701077216 0.4350745373594725 0.4224684480238406 0.4342991012094533 0.436057953671182 0.4351928110224983 0.4307804030917868 0.4317964838734854 0.4338334418832942 0.4345964950376249 0.4327142013659495 0.42915301065234585 0.4395081206462706 0.43414818022277346 0.43311668720351243 0.42534391272591576 0.4370708859033896 0.43046065107483666 0.4342973334597787 0.43214831870247394 0.42928794887337335 0.4333057590887398 0.425405527396655 0.43332830714728643 
0.28390767043624066 0.43030632087430076 0.43003912727521587 0.4185095750820423 0.43276588369293795 0.4307237076387507 0.4304782225461978 0.4348379337015924 0.4342552771260703 0.4344602721495033 0.4362749222719419 0.43535166924745766 0.4307795775028078 0.431796504413384 0.4391407813082154 0.4343945512709218 0.43246973037750175 0.4397186081316326 0.4242098671656358 0.43093181059061975 0.4331215152918126 0.4331417937049749 0.4331078649412078 0.4304613248584999 0.4343551315523979 0.43169419857464003 0.4354919358014457 0.43362733884197213 0.43349112971396486 0.43342809489937173 
0.2841763963404403 0.4299138797334816 0.43406652044083605 0.4366326632640614 0.43399706546307537 0.42720991595981156 0.43055098915874795 0.4350354153246741 0.4337964601967951 0.4344303238943793 0.43593146048328635 0.4346834172033699 0.4306337004754111 0.4322067256605701 0.4335431866740281 0.43452285124691187 0.43270353304540343 0.4293039489178597 0.4246188712193019 0.43424080279904625 0.4324920005243281 0.4336024814669777 0.43322301700809246 0.43463483382693935 0.42532422144619464 0.431568543454057 0.43553205100339815 0.43358841813869886 0.4328846330560767 0.43457695258047996 
0.2846738020890342 0.43057177772390914 0.4341788538765512 0.4271082873247299 0.4329490828145546 0.43042176694218254 0.4308698977336515 0.4297197819325622 0.4336929726086951 0.43443096865377306 0.4285759111461227 0.43534796593440694 0.4309788143307173 0.4318179962024211 0.43366894043196497 0.4341290962715231 0.43273319028936896 0.4389112468417256 0.42441828957668737 0.43044806918920137 0.42869450489691674 0.4266868622079803 0.43309558047299623 0.43047411081104425 0.4250433134600832 0.43859547646263364 0.4356069916241726 0.43326473753023925 0.4256745136541467 0.4344485362645279 
0.28479982594070063 0.44158134563112644 0.4301759414229112 0.4372530763365503 0.4335666080727452 0.42911546866041034 0.43084459473871695 0.4367044745502882 0.43414734345227535 0.43442097584087175 0.43485461419537697 0.43581700940172896 0.43076283686469213 0.43559945017987234 0.4383652922538366 0.43429200644988286 0.43246391802278483 0.4383870580161663 0.4341112527803282 0.4342929841974403 0.43246435370977226 0.4332113195623327 0.4377776422264822 0.43595881836515366 0.4279283343647911 0.4382005128439343 0.43551741874570005 0.4342414370638448 0.43338408342698026 0.42858239860529895 
0.28515834719572863 0.4303219642598856 0.434079809629059 0.41877501098861614 0.43267603855084397 0.4307237395659918 0.43048305701077216 0.43665663195351284 0.4338001629911767 0.4342991012094533 0.4349318426759071 0.4352508201678292 0.4307804030917868 0.4317964838734854 0.4336259016863024 0.4345964950376249 0.43271544962885466 0.43971222347397876 0.4389780083837548 0.4342963163101329 0.43311708344194433 0.42577373415895126 0.4370708859033896 0.43573155466414176 0.4342973334597787 0.43214450742150623 0.4355075543006412 0.4333346632546321 0.43360261902744185 0.42886705738183145 
0.2853484192777756 0.429431557082802 0.434262442195549 0.4185095750820423 0.4326677085697971 0.4307237076387507 0.4304823601266509 0.4348379337015924 0.4342552771260703 0.43440712403918386 0.43496013392352945 0.4346414524915628 0.4307803521347342 0.431796504413384 0.4347404224577623 0.4344172546154531 0.4327143382160293 0.4397155682613733 0.43427679286435295 0.4304169446581563 0.4331162289318126 0.43309904568994373 0.4371971527345418 0.4304613248584999 0.43433298034994283 0.43214432061841995 0.4355057706211493 0.4332879420997204 0.4336040070936249 0.4366615582416767 
0.28554739528310613 0.4305690107098667 0.43419165427177286 0.4274077959982095 0.4340116073268108 0.44013151597901223 0.4305482689778654 0.43528220733411316 0.4337964601967951 0.4344303115905854 0.43665179676991067 0.4351333508858394 0.43085282880095416 0.43206973798950626 0.4335431866740281 0.440795468758016 0.4327323068164535 0.4389066815688071 0.4246230509398882 0.4356846464874753 0.4332705525669222 0.43394350464566495 0.43309455421524357 0.43463709030913816 0.42511865054389186 0.4312081982120392 0.4355283615309594 0.43358198174544316 0.43287967737852096 0.43457699380140863 
0.2858115775088661 0.4373313627054349 0.4341518381293703 0.4281154232825283 0.4341209961551549 0.43052362343679207 0.4305469121718184 0.43004263362345224 0.43466170117606784 0.4346604851881709 0.43631728225647304 0.43466483023558544 0.4309527842541633 0.4352671145003934 0.4385298312791612 0.4406392663055598 0.4326853145783279 0.43854535133754174 0.43897122237407593 0.43419958154438937 0.44052775605892175 0.43349932926485263 0.43318222365710984 0.4360108634064585 0.4341874037421782 0.4384305391331139 0.43550643655216487 0.4342741702925859 0.4357372733543213 0.4365351562793904 
0.2862281990660171 0.4296005152474695 0.43437343959316244 0.43668483607519376 0.43698081262133714 0.4345307828023049 0.4303539955745534 0.4300160342001111 0.4346303009009651 0.4410404662298452 0.4360010458995764 0.43513794727920496 0.4308877791085368 0.43220694208353605 0.43916407890128284 0.4408500769689494 0.434958905242347 0.4386048047072443 0.4389893708291623 0.44201673378823547 0.44026593212740633 0.43357579015738096 0.43802576187525805 0.4360901201391915 0.435816365577849 0.4385695201075382 0.4354390637447186 0.43360591169719626 0.4395945185006773 0.4345654086823248 
0.2863912219943969 0.4382334464473509 0.4322658649999612 0.43572016075023967 0.4332483813234285 0.4342854262411906 0.438589102502302 0.4409441203219709 0.43370901725360256 0.4406073709122315 0.4362378310805123 0.4307966332405894 0.43389615513888546 0.4318550883540587 0.43882485057469867 0.4342549898059774 0.43265301240682685 0.438904409566361 0.43893962591913244 0.4351332958220318 0.43251300618037486 0.4334611363858173 0.43784608874170416 0.43608469476437056 0.43522701873017355 0.43205709778185875 0.4356718664952177 0.4342555142148197 0.4327018325560036 0.43340161400814975 
0.28650355868618105 0.4383342175629511 0.43243879588455725 0.43593462658158466 0.43356649050080986 0.43427211414528566 0.4389964092847307 0.44094003548974575 0.43395096657042725 0.43453197519717535 0.435224863139093 0.43479402809755335 0.43389615513888546 0.4318590656212312 0.43917129383931 0.4341397207314468 0.43264038584708986 0.4395641730800229 0.43820807298646386 0.43484485118904637 0.43251300618037486 0.4335288248565534 0.4378407218407047 0.4360863197121678 0.43522701873017355 0.43205709778185875 0.4356718664952177 0.43360593297656946 0.4328438112373122 0.4334058171577732 
0.28685482524745687 0.439028475993694 0.43411925947330726 0.436628856438052 0.4413112991543231 0.43426373886215025 0.4383216557214516 0.4366345885313838 0.4346580063970511 0.4345597227967405 0.43606885194475636 0.4359151794662433 0.4309533670433532 0.43532786605060525 0.43885064414746167 0.43427594743098935 0.4326403704464286 0.43827485232853763 0.43402148607104135 0.43430696942461106 0.43964339390694523 0.4335344557702282 0.43750381342628775 0.4348212239277951 0.4342899571833833 0.43856693169511757 0.4355062292455842 0.4335675856612173 0.4417519217734205 0.4331733801394051 
0.28694536528132414 0.43917056050447173 0.4341222261177744 0.43585305030350235 0.4407920869598687 0.4346617060115921 0.4383216557214516 0.4367542076301875 0.43459809116087506 0.43455141112147827 0.4352866078951109 0.4356639241678783 0.43076203765281035 0.43532786605060525 0.43902902047944614 0.4340379840088639 0.4326403701437767 0.4385385267939011 0.43402148607104135 0.4348450404448399 0.4327198372579331 0.43352875608092034 0.43750381342628775 0.43482262683802086 0.43431302032167013 0.4385772034191452 0.4355057613802702 0.43418732267723714 0.4330459258764957 0.43318371920729604 
0.28776855402469165 0.439028475993694 0.43411925947330726 0.43652787252897735 0.4414882716458977 0.434646152274437 0.4383216557214516 0.4366345885313838 0.4346580063970511 0.4345597227967405 0.4359989920837491 0.43566336307716347 0.4309541920308063 0.43532786605060525 0.43885064414746167 0.44143589138095046 0.4326403701437767 0.43827485232853763 0.43402148607104135 0.434806704963259 0.43964339390694523 0.4335286768173161 0.43750381342628775 0.43483625123784625 0.43428973856825626 0.43856693169511757 0.43550622557365637 0.4335675856612173 0.4363966943273597 0.43318371920729604 
0.28796275538438615 0.4381643790140125 0.434351517602798 0.4356711916177335 0.44124037939686406 0.4346400324282477 0.4380296960451796 0.4349355742133793 0.43445412643089987 0.4403846278218433 0.4359775724812455 0.4349322449746884 0.4307624260631648 0.43545281969743305 0.43883886887790696 0.4405269395643283 0.43447521082465923 0.4395678269644226 0.43401499188195347 0.44183565573650724 0.4397031322424029 0.43356523177752865 0.4380339317960967 0.43589713551908643 0.435277158319641 0.43857554645885627 0.43551719635669084 0.4335701811275345 0.43463106327381645 0.4363687201587648 
0.2882913036655758 0.4383342175629511 0.43243879588455725 0.4359345775572891 0.43356649050080986 0.43427247624272036 0.4389964092847307 0.44094003548974575 0.43395096657042725 0.43453197519717535 0.435224863139093 0.43480236842759323 0.43389615513888546 0.43232626524107687 0.43917129383931 0.4341380024758503 0.43264038584708986 0.43956417752441324 0.4467990617477477 0.43482985518691075 0.43251300618037486 0.4335288248565534 0.4378407231657086 0.4360863197121678 0.43522701873017355 0.43205709778185875 0.4356718664952177 0.43360593297656946 0.4328438112373122 0.4334058171577732 
0.28845731153574444 0.4398851223234839 0.43231391786687867 0.4357121896131126 0.4327203933100172 0.44096383621745533 0.4303479049966485 0.43474564637249963 0.4339324013377999 0.4406073709122315 0.4360120839937173 0.43578441359865067 0.4340193151842253 0.4317955552006884 0.4392405128542257 0.43413640877355575 0.4441033701186015 0.43890531265984034 0.43906408500835536 0.4351332958220318 0.44162167883707143 0.4335658992832231 0.4378540816704228 0.4360128829913934 0.43522701873017355 0.4322360765438033 0.43577847482341214 0.4342032345659311 0.43264791439907413 0.4366084714249804 
0.28855646906796273 0.43917056050447173 0.4341192853577958 0.43585305030350235 0.437093580896056 0.43461749482715245 0.4383216557214516 0.4367542076301875 0.4346649360375529 0.43455141112147827 0.4359943163144691 0.43566336307716347 0.4309541920308063 0.43532786605060525 0.43902902047944614 0.44143589138095046 0.4326403701437767 0.43851729825187713 0.43402148607104135 0.4348450404448399 0.4402226962924439 0.4335286768173161 0.43750381342628775 0.4348230615725162 0.43428973856825626 0.4385772034191452 0.43549218537099466 0.43358792818792 0.4330771347030163 0.43318371920729604 
0.2887099623896106 0.4398586992971236 0.4348056045569064 0.43660714867364203 0.43680792084495307 0.434515095193642 0.43956314790738144 0.43664134499587715 0.4343650180334693 0.4408977321937679 0.4362564700409289 0.4356526948248743 0.4409121177883386 0.4353549645261165 0.4391790556187447 0.44089707128779937 0.43476801067892673 0.438532168672886 0.43396612776257515 0.4349587094123052 0.4401897574737185 0.4335746221951686 0.4380321495530444 0.4404141684673683 0.4358165972642273 0.43860042635745666 0.4354927846716557 0.434213511137032 0.4332510039636416 0.43602830474238974 
0.29018751915814534 0.4394606323732148 0.4393674574345093 0.4447758536135854 0.4460008674060552 0.4407532915693302 0.4441292190074186 0.43598525122954407 0.44095999148352044 0.4408539177759031 0.44105087999133424 0.43655532474709813 0.4404085271146897 0.4360210271437753 0.43924015835433095 0.4404735096940929 0.44339950563284475 0.4435139990109806 0.442627445599336 0.442080616072554 0.440785877791876 0.43981233201831926 0.4411646009746741 0.44043012423569344 0.43750728221151236 0.43847215676911755 0.4391305059336101 0.4461155291183373 0.44182590085398976 0.44346289121467986 
0.2905411558662565 0.4380827497039118 0.4394428838767777 0.43971415222801746 0.44590556797596803 0.4429565163431057 0.43894488005325955 0.4410450740929512 0.44096039803186404 0.4440707066020699 0.435978965086012 0.43562111071707366 0.431133090699238 0.4329804545285833 0.43906221883953883 0.4398553162570423 0.44361247491103123 0.44379522510213126 0.44218816315627096 0.4431241006779719 0.44082007515623306 0.43984556600858504 0.4406461395169513 0.4361415202287867 0.43585697273471063 0.4385697413000184 0.44775962014633647 0.4342805211281531 0.44083459949805137 0.4362891247783983 
0.29065401696124665 0.4393827935201655 0.4393636159688329 0.4399170600950062 0.4459055711551657 0.4429565163431057 0.44355245637067775 0.44668245516638116 0.44095975166561285 0.4440682037263668 0.435700199327938 0.4367568183110776 0.44088703250243916 0.4427034764047963 0.4389965760965044 0.4401294436832588 0.44366351823523464 0.4435023818238945 0.4422740413226595 0.4420806156024344 0.43311525216863556 0.43984556600858504 0.4405667089538461 0.4360444726136194 0.4452052995545932 0.438597739069042 0.44732744822542575 0.4462125976537276 0.44088557666677214 0.44346413742092244 
0.2908041902527733 0.43945093630643617 0.43937900555720566 0.4449193032209782 0.44590574772233066 0.4430011746044152 0.44389058546637616 0.44610618907001626 0.44090952477200057 0.44082739227273804 0.43876683867565086 0.4372381898322129 0.4408766848987894 0.4490568732892151 0.44923195861285986 0.4399991507565531 0.44356765057285524 0.4436690742114257 0.4390060995555245 0.44208095812556414 0.4424669199217243 0.4398275031272003 0.440638761369362 0.4405029675662846 0.44482788741297064 0.4385934311468919 0.43854457740253483 0.44594277743795036 0.4415759524980582 0.44344915964783843 
0.29091141397633086 0.4394604040974008 0.43936375116656357 0.4447889941997597 0.44590555748812666 0.4429573331503414 0.4390350785967793 0.44664541530347884 0.4409247440151957 0.44086354041399706 0.43600997415250614 0.43675332934856587 0.44094115089606734 0.44271920411882904 0.438802048242939 0.43990572886511375 0.4435642837585477 0.44350362258569115 0.44218844528568263 0.44206913692994204 0.4409134953905577 0.43983910902492984 0.44116517658080157 0.4360807738666606 0.4377562031001616 0.43860052600956445 0.438540888973374 0.4459870467669116 0.4408408485571907 0.44331431607821603 
0.2913296570786729 0.43948249873348016 0.4393760510897751 0.44543783176067386 0.4459058081680478 0.44302064297955057 0.44378503650179907 0.4466047119066965 0.4409248706646947 0.440750681534609 0.44082808101455023 0.44960721748623045 0.4409554129410077 0.4427544376733736 0.44916677255656334 0.44000505912704097 0.4435626935807077 0.44349920080345306 0.4424076598727873 0.442185166991526 0.44082391370149565 0.4399696959047023 0.441164125400645 0.44050289667671266 0.4375665043944118 0.4384607297441449 0.44703811870260113 0.4459342102893417 0.441438911287584 0.4434486428186629 
0.29150630021328444 0.43945988386358326 0.4393666325464038 0.4446988624237246 0.44590507880518454 0.44297848644252896 0.4438927886423481 0.4464477484483067 0.4409297582309486 0.4408611289533337 0.4408391412161684 0.4370000919348202 0.4408777989266638 0.44298713137880014 0.4477731746973786 0.4403297650760348 0.44358604918712013 0.44350003700109136 0.4422048382950673 0.445705438699818 0.4427500008176357 0.43981658670198903 0.44070153780618 0.44050108986085934 0.4449458779935352 0.4385997647339459 0.4391072011011571 0.4461727551035351 0.4348590970449808 0.4434641979093449 
0.29169048593559344 0.43945988386358326 0.4393666325464038 0.44470019164798397 0.4458569085955801 0.44297848644252896 0.4438927886423481 0.4464477484483067 0.4409297582309486 0.4408611289533337 0.4408121629471857 0.4370000919348202 0.4408777989266638 0.4426139233500565 0.4477731746973786 0.4403367248940562 0.44358604918712013 0.44350003700109136 0.4422731858701997 0.445705438699818 0.44276343063320533 0.4398167603582201 0.44070153780618 0.4405010872397354 0.4449457488999503 0.4385997647339459 0.4391108754710696 0.4461727551035351 0.4348569707209137 0.4434635422782595 
0.2918844155524769 0.43946057613358275 0.43936796715278725 0.44462787981508894 0.44593549652605813 0.44300175148223364 0.44396013831445647 0.44644542359491246 0.44092700995359035 0.4408610090913584 0.44081266296090693 0.43724225521643634 0.44125724038886066 0.44277788699710846 0.44915108876613385 0.44047083051243496 0.4435133121933221 0.4435016519419327 0.4426141287778354 0.4420837642565462 0.4408082400759188 0.439815907560557 0.44117241528211393 0.44042298260857904 0.44492928462230374 0.43856784779368885 0.4391116214456895 0.4456082986364427 0.4349700248729885 0.4434635351520378 
0.2920068004150423 0.439453442045962 0.43936504654188435 0.44469264123268537 0.4459059283487473 0.4408729669167752 0.4437726458589272 0.4464605175613598 0.4409156475794993 0.44090307148029484 0.4413000263948795 0.4372329923095349 0.44087777233596254 0.4426234916355753 0.44756260373833573 0.4403390259586377 0.4435645974232387 0.4436500002176917 0.44220791744521043 0.44207694484184223 0.44268912918177766 0.4399706786307167 0.44064325868825 0.4405029676657377 0.4449456602350891 0.4385997673148604 0.4383401878079751 0.4461850210095158 0.44213337220211346 0.4434000024679381 
0.2923000974706291 0.44793026010409615 0.4393781001233724 0.44488588460849926 0.44587664938736077 0.4431399706413315 0.44389371222064045 0.4464305301522643 0.44092574593595457 0.44092958420084466 0.4413078193202474 0.44946531584599575 0.4409738177570637 0.4427544376733736 0.4491799488860051 0.4458184032593037 0.44358463340709653 0.44350355908663114 0.43900594392682146 0.4423040315796395 0.44096984743193657 0.4399682474160944 0.441162178522392 0.4405029676657534 0.4375665043944118 0.43847074921152024 0.43813590370178246 0.4459792571613062 0.4477550512355558 0.4434487572801186 
0.29241927052457806 0.44780060282610124 0.4390363600439164 0.4446330168646 0.44590465656972694 0.4409334623635252 0.4437845624105423 0.44660333504086186 0.44096039803186404 0.440750887945769 0.4412987207836096 0.4367675653316192 0.4408870203438707 0.4487803544200473 0.4390801689349668 0.4401168144367351 0.4435626136964353 0.4436589531349779 0.44220638586981215 0.4421848209787682 0.44082007515623306 0.43984537582854116 0.4406246429181054 0.4405028975728315 0.44442991908488433 0.4385049534958196 0.4472940620622945 0.4456103902164348 0.4414393913971807 0.44346415143423706 
0.2925858322228459 0.44822594485231954 0.43936505493758843 0.4446993832050484 0.4458572373320889 0.4430008571061029 0.4437727055994682 0.4464575101523795 0.44092635599116664 0.4440785859142327 0.4413065703820303 0.436375174826187 0.44088702444743116 0.44255345094030113 0.44756352515966524 0.4478596878787824 0.44358446848139965 0.4436607925500233 0.4422059554689544 0.4460568447210707 0.44268964551310336 0.4399626443867402 0.44121882456474676 0.4405015212907402 0.4448392721099813 0.4446150130226519 0.44838668595097647 0.44561687873845224 0.4414653981119486 0.4434015599149523 
0.2928644311653446 0.4396002581802581 0.43905222434093794 0.44480071982153935 0.44927179719519167 0.44092536958841444 0.44388730410309757 0.4466009772302616 0.44092081432347224 0.4409547304979775 0.43876593875470704 0.4502269781764182 0.440857391345385 0.44811206555688904 0.44880373662605416 0.44840318352995856 0.44356367648888445 0.4436589472996184 0.4422490413479055 0.4455635525119575 0.4425139088770306 0.43997253702293115 0.44121585803285096 0.44050293774687843 0.4448382363367088 0.44435127674286007 0.4484719451533454 0.44562924643973195 0.4476948928001409 0.44339653069699264 
0.2930135605630064 0.44209567537497607 0.43938164553545944 0.44463776943266037 0.4458627580078103 0.4409052843048218 0.44389058007455257 0.4466009772302616 0.44092081432347224 0.4441892996109213 0.44083576226599464 0.4365842746756994 0.44088349692083517 0.44170029921311843 0.449207113168672 0.4483061557459228 0.44358816988078337 0.4436589472996184 0.4422490413479055 0.442151911262596 0.44247887293479027 0.4398286360668093 0.4406475224377546 0.440502961654654 0.44484290376702446 0.44440551514552434 0.4473591592860762 0.44561128699700087 0.44770217251536026 0.44339640508688827 
0.29321508530003065 0.4482313510507685 0.43905151673077714 0.4447085424445986 0.4459061230244695 0.4414142660005069 0.4437901899477554 0.44646068534506367 0.44089487408500105 0.44419389598401815 0.4408180802392382 0.44981642903464986 0.4408919298332466 0.4489283843574691 0.4481394872698077 0.4484099167374647 0.44358431687400196 0.443446479160005 0.442245345867912 0.4458922223434102 0.440749500732829 0.43982690806937746 0.44065200816824496 0.44050304451775957 0.4448366698648942 0.4443862061235035 0.4478023436634974 0.44563230050510577 0.4476610312744147 0.4434680421958629 
0.29327518895267385 0.44805691529288166 0.43936179068804204 0.4447115286464053 0.4493738144113424 0.4430074413984779 0.44415207944744683 0.44645942996534405 0.44092160468823366 0.4441929460927638 0.4409702201314153 0.4499409199806575 0.4408835331694918 0.44871663597011213 0.44920246173380973 0.44841490853946964 0.4435882310585731 0.44366018080519243 0.4422520377243429 0.44525205164841 0.4426820641699234 0.4398270620738511 0.4412183834737054 0.44525234531579266 0.4448201091920715 0.44469620649309516 0.448794670626524 0.4460933222415155 0.447775629877899 0.4434016286979035 
0.29406276634218803 0.44221194544981646 0.43936759928735125 0.4447834707548921 0.44885034460420964 0.4408720227772203 0.4438904022613617 0.4461383584317822 0.4409164572351562 0.44691841441166624 0.4410912804763755 0.4372392706683889 0.4408779574126664 0.4487424081451484 0.44779332912914527 0.4480553624869789 0.4435645974232387 0.4436608123307271 0.4422729243306862 0.44605874101667564 0.4428176280100673 0.43996160739315054 0.44122217920160817 0.43875286623253695 0.4447652668980568 0.4442070486027643 0.4489251019380338 0.44564379164925316 0.4476302788065635 0.44346257089861013 
0.2942427059862588 0.4481568856053879 0.4393856078832443 0.4447115286464053 0.4493738144113424 0.4429856094658646 0.44415103825839874 0.44645945221996486 0.44092160468823366 0.4441929460927638 0.44097837129580714 0.4499409199806575 0.4408835331694918 0.4489278866023515 0.4480124445454547 0.4484152161200152 0.4435776454470391 0.44366065664252635 0.44224549975696537 0.44590462455330965 0.44257652661339786 0.43982706180778985 0.4412183834737054 0.44515339879455873 0.44481709561388955 0.44469620649309516 0.4388300700441466 0.4456488451484569 0.4477776924434119 0.44346638458940346 
0.2944194171335858 0.44845516813522146 0.43905114308660637 0.4447085419603465 0.4493667847527112 0.44136425015319736 0.44383307299634345 0.4464489618908627 0.4402722344169426 0.44419393906822474 0.44130527256596125 0.4502185672827558 0.44088466974008284 0.4487356772590504 0.449197618509153 0.44898459976313215 0.443400215687949 0.4434467021185802 0.4422525970795122 0.44587645003080517 0.44260472083081215 0.4398269497733468 0.44118601420840114 0.4484813314012512 0.44493122608857877 0.4445029731162144 0.44769821753325584 0.4456535209568854 0.4475566117416868 0.4434701254022854 
0.29460836211057795 0.43965345990190574 0.4404339379549942 0.444705049284998 0.4493432015645784 0.44145731561029744 0.4437697186038146 0.4466217112149991 0.4409210830253828 0.4441891931816109 0.44095953372558255 0.45017544889909683 0.4408839207425923 0.44871254136671007 0.44920710907064243 0.4490016826606086 0.4435881379771112 0.44334731913972303 0.44225201144508164 0.44538620008430185 0.44268451393737196 0.43982699092027144 0.4412127004133375 0.445210625865308 0.44483829640554495 0.44468959846434836 0.44830814771649347 0.4461049035582498 0.44754298967151324 0.4434630267014207 
0.294917585969512 0.4520125869328067 0.4390307228627074 0.44470265834552725 0.449204532090848 0.4430012936481571 0.44382900183449797 0.44663429607997374 0.44092125008150457 0.44418279143485073 0.44130541828522296 0.4501872730263347 0.4408838996710377 0.4487166730746276 0.44920710797939484 0.4484033076474485 0.44358993200747415 0.4436608364383991 0.44224908833771776 0.44587662843829984 0.44268975362503854 0.44088084305643244 0.4412183495146337 0.44050048276201864 0.4448378319550471 0.4445053634108007 0.44880769080722227 0.4460932501962264 0.44755224851139713 0.4434624884901216 
0.29509031847216405 0.4520125869328067 0.4390307228627074 0.44470265834552725 0.449204532090848 0.4430012936481571 0.44382900183449797 0.44663429607997374 0.44092125008150457 0.4441891583170634 0.44130541828522296 0.4501872730263347 0.4408838996710377 0.4487166722563214 0.44920710797939484 0.44836611147445654 0.44358993200747415 0.44365796521704404 0.44224908833771776 0.44587662843829984 0.4425565071906772 0.44088084305643244 0.4412119384896376 0.44050048276201864 0.4448378319550471 0.4445053634108007 0.44880769080722227 0.4460932501962264 0.4475523339680668 0.4434624884901216 
0.2951754427688094 0.44819900103368565 0.4393614573682538 0.44470336893873774 0.44931189376189606 0.44300126173639853 0.44396172474583157 0.4464595489084035 0.440921270287007 0.4441193211058632 0.4409702201314153 0.4503267726788286 0.4408908549430911 0.44871667274266563 0.4477908637986548 0.4484052568261201 0.443584291551241 0.4436681028240833 0.4426073307131679 0.4460568447210707 0.4426820641699234 0.4398272971454262 0.4412188663545339 0.44042296757832117 0.4448219371252564 0.4446008446725463 0.448794670626524 0.4460933222415155 0.4477760843758157 0.4434016286979035 
0.2958588530054599 0.4517341467392533 0.4393533092008194 0.44471126830154156 0.44582301920360873 0.44300169895055663 0.4441319948948648 0.4466305884737523 0.4409216068274143 0.4441929694912373 0.4409928701681259 0.45016504458809853 0.44088393528227654 0.44871670590151297 0.44920720176335077 0.4484048973071527 0.4435881220438038 0.4436602351579179 0.44225263837869455 0.4458773616419647 0.44268943371645153 0.44428279475365473 0.4412160891605101 0.440500462894669 0.44481677697047983 0.44449709374162266 0.44881054243124024 0.44609332337869784 0.4477752061523008 0.4434630918911102 
0.29607775949398896 0.45163093265537346 0.4403918199261383 0.44471105413228423 0.44934454802573226 0.4430012877371155 0.44413790025878896 0.4466342689261309 0.4409256801709687 0.44420700695761073 0.44130568620154037 0.45017583627722774 0.4408839117462325 0.448712925935345 0.4492071079978175 0.4484650084201081 0.44358423053047397 0.4433528634332851 0.4422525988523836 0.44538931425305733 0.44253408143914724 0.439826984976273 0.4412158466934211 0.44538609500508053 0.4448346938866108 0.44429265510069343 0.448810542786389 0.44565024119003627 0.44755977360094434 0.4438678383167575 
0.2961642812379096 0.4516325438631105 0.440366924364931 0.4447116697246654 0.4493461904066667 0.44313594589637745 0.44383326922580446 0.44663739510565476 0.44094283115816224 0.4441897702959304 0.4413053079552235 0.4501694947433852 0.44088391490674084 0.4487133285103839 0.44916569377879684 0.44840330578391907 0.4435881502504317 0.45081230514229537 0.4422525988692961 0.4453765619795635 0.44262096598530076 0.452534055499305 0.44121606844575734 0.44528224728354304 0.4448375769595276 0.4445127257023627 0.4488129365226162 0.4456525452528108 0.44792721849144684 0.4431987676820486 
0.2975207686137931 0.4399204572257288 0.4394080883047509 0.44470692045427734 0.4461175683737207 0.4571427787724457 0.4438336341148442 0.4466375830362835 0.440915967983957 0.4441880097946976 0.4410893956366413 0.45170574746788267 0.44089291513358814 0.4489315180393979 0.44916572423512047 0.44846386505931396 0.44358431869102105 0.4514184538491722 0.4422525994016568 0.4458764498462992 0.44094576074528613 0.4398269107509378 0.4406510286831253 0.44531952419505727 0.4448387787284878 0.4445125190873298 0.4485638741585915 0.4461120145959179 0.44755461380268574 0.45444850437284107 
0.2976379910462513 0.45168554371939357 0.4393673796515435 0.44470671215699936 0.4493463079352889 0.45706216843943615 0.4438336341148442 0.44663140423458736 0.4409428314000091 0.44408645053802354 0.44130529479103087 0.45022492758083665 0.4408840594269574 0.4425537241212148 0.44918433483523607 0.44839625658038024 0.44358447236649606 0.4513099051084463 0.4422525776886606 0.4458764498462992 0.442692335118836 0.43996671188314124 0.44121602524772685 0.44536434063166475 0.4448375238704896 0.4445125190873298 0.4485638741585915 0.4461084074420864 0.44792271309973775 0.4542556823838244 
0.2979995463713323 0.4516325438631105 0.440366924364931 0.4447116522671397 0.4493461972154883 0.44300121330199066 0.4441274044798948 0.44663731302531073 0.44092121789095373 0.4441897806188549 0.44130531976498827 0.4501694947433852 0.44088392987123226 0.44871333368987704 0.44920761378564594 0.44840181915570526 0.4435865777781252 0.4507907686203206 0.4422525988692961 0.4453765619795635 0.4550371482415708 0.452534055499305 0.4412158860441988 0.44535635790109845 0.44483738129374495 0.4445127257023627 0.4488129365226162 0.4456525452528108 0.447927085737011 0.4431989526470015 
