0.2788892975634854 0.9611630235150752 
0.29222120897172377 0.9573065793367618 
0.31087954448663785 0.9514110257253551 
0.330000512984866 0.9448422655366716 
0.33932740100379083 0.9415139069936068 
0.7905822426357012 0.6136529054625066 
0.8020244858726181 0.598645249802286 
0.8165782331051894 0.5788199412246303 
0.8279288907250543 0.5622503440009254 
1.0003067622042878 0.031776351123588356 
1.0004809789828628 0.025716363868862474 
1.000731572991423 0.01279581491338234 
1.0007954414845392 1.3717173585896508E-6 
