0.8202164694030517 0.49999962479810395 0.4999730448081517 0.4999618821018759 0.4999945854641009 0.5000010265623452 0.500019495092796 0.5000129290329535 0.5000076770756595 0.5000343237280654 0.5000094463817407 
0.8113889483207936 0.4999994592845704 0.49997304415186133 0.49996188094602134 0.4999945854641009 0.5000010265624483 0.5000194950938764 0.49997331526146443 0.5000076770756515 0.5000343237279244 0.500009445969992 
0.7989430048830657 0.49999961823384986 0.4999730448113935 0.49996188158665766 0.49999458515408346 0.5000010265522224 0.5000194950685404 0.49997331527389566 0.5000076770744101 0.5000343237279256 0.5000094459583804 
0.7860829923068472 0.500001405796201 0.49997305107879675 0.4999618820503103 0.49999458546761233 0.5000010265521254 0.5000194950537965 0.5000141486824088 0.5000076770744338 0.5000343237279256 0.5000094462918264 
0.7797836174675175 0.49999964522397977 0.4999730510756697 0.49996188029090155 0.4999945827533492 0.5000010265523398 0.500019495084074 0.5000105624987221 0.5000076770744338 0.5000343237269946 0.5000094428528485 
0.4202083185686546 0.49999946209943125 0.4999730510795117 0.49996188032322386 0.4999945856917826 0.5000010265521254 0.5000194950537972 0.5000103935085308 0.5000076770745839 0.5000343237279861 0.5000094425807688 
0.4082034462386193 0.49999967235268555 0.4999730510255665 0.4999618803113482 0.4999945814511549 0.5000010265526762 0.5000194950904386 0.500013492769772 0.5000076770744336 0.5000343237269833 0.500009446327382 
0.3925598015674544 0.4999996042565927 0.4999730510745996 0.4999618792934759 0.4999945814381118 0.5000010265526923 0.500019496431051 0.4999731474265637 0.5000076770744332 0.5000343237269801 0.5000094425628221 
0.3797845291194667 0.49999930495465633 0.4999730510757453 0.4999618798070042 0.49999458271340036 0.5000010265523446 0.5000194950538223 0.5000105649682489 0.5000076770713815 0.5000343237269927 0.5000094427442977 
0.020216451262532555 0.4999996371613978 0.4999730512319398 0.49996187979634066 0.49999458303170985 0.5000010265571899 0.5000194964113441 0.5000138544466948 0.5000076770717891 0.5000343237270395 0.5000094462932978 
0.016360072753407884 0.49999963644095224 0.49997304400862413 0.49996188084725446 0.49999457324043833 0.5000010265571908 0.5000194964538304 0.5000138544350053 0.5000076770753095 0.5000343237270132 0.5000094463873148 
0.00813967011483694 0.5000004015513295 0.49997305128428554 0.4999618790456207 0.4999945732439763 0.5000010265571899 0.5000194964981163 0.5000142133340819 0.500007677072034 0.5000343237270132 0.5000094463711383 
8.725683155411806E-7 0.4999989388488104 0.4999730432513976 0.4999618797790894 0.49999457295552624 0.5000010265571802 0.5000194949845184 0.5000104839027344 0.5000076770718384 0.5000343237270177 0.5000094468005559 
