0.010001190688537491 0.8999940467345194 
0.009655237929317707 0.9017389297365711 
0.009312946063590774 0.9034963935215964 
0.009189267885309799 0.9041393308738761 
0.012107655219181938 0.8899652090636281 
0.014950406512236792 0.8777281538558744 
0.01777305058942535 0.8666843948023928 
0.020583531463580225 0.8565303813918433 
0.02333478917833695 0.847242711538015 
0.026054543706763956 0.838585800790492 
0.02877658794077243 0.8303633649804156 
0.03147738833182012 0.8225813191093208 
0.03409847989818489 0.8153422628344882 
0.0367442639904516 0.8083169281801971 
0.03939569640856513 0.8015238707848158 
0.04205204997466184 0.7949340350659896 
0.04463078368181522 0.7887400092733758 
0.04723240412811887 0.782669826937374 
0.04978231713318418 0.7768933970266154 
0.10000023000011082 0.683771870321265 
0.10208946008654303 0.6804855870441162 
0.10453279774329921 0.6766846775308994 
0.10695877374721736 0.6729602589104415 
0.10942695175427813 0.6692025517718159 
0.11181707264666 0.6656094443998832 
0.11424757220856833 0.6619947157091056 
0.11667959041639546 0.6584160565594521 
0.11909068250958241 0.6549048210866618 
0.12151609607906932 0.6514084107740581 
0.12392709691714024 0.6479671965734547 
0.126361126150152 0.6445269017769206 
0.12876968423291696 0.6411550722359534 
0.1312135624970128 0.6377658733677722 
0.13362246623523855 0.6344559311994821 
0.1360195833730608 0.6311916712876171 
0.1384299512226307 0.627938242730311 
0.14083279182299419 0.6247230465072021 
0.14324518522663277 0.621535394670408 
0.1456646535869125 0.6183396098846281 
0.14806788185470954 0.6152041116316269 
0.1508399966281119 0.6135507975164614 
0.20000074161190953 0.5527855753534894 
0.20137572105533905 0.5512509375437855 
0.20381889967173122 0.5485415936050214 
0.20626385614318493 0.5458371920300205 
0.2087111795280975 0.5431535741492413 
0.21119252842330372 0.5404431173148714 
0.21358800001839495 0.5378491368210825 
0.21611425887047758 0.5351190930862891 
0.21854075936141595 0.5325165743992459 
0.22100141883523955 0.5298972896184759 
0.2234556138000244 0.5272938920551249 
0.22595464427581236 0.5246578537384636 
0.22840376890503689 0.5220847571983794 
0.23086084514729416 0.519520192782031 
0.23337205180812545 0.5169360334623249 
0.23588248580939583 0.5143226526843547 
0.23833793872459938 0.5118013327306326 
0.24084017763895915 0.5092969783519325 
0.24332473488568393 0.5067204292872386 
0.2458218743217827 0.5041979430080166 
0.2483257799000646 0.5016793584274704 
0.3000020338876989 0.4522755858210272 
0.30198127016526105 0.4504717749148266 
0.3045916831755245 0.44810174563102256 
0.30721117234420264 0.44573366298844863 
0.3098370087918309 0.44336995338750274 
0.31247179125523883 0.441008236862797 
0.3151370992295645 0.4386292675694924 
0.31776314721064836 0.43629515949333164 
0.32039562807306304 0.4339649939508484 
0.32306886031695276 0.4316085325086655 
0.3257120102937166 0.4292881547630919 
0.3284053154265827 0.42693341100131943 
0.33107262212418587 0.424610895024779 
0.33375375854544936 0.4222857466312179 
0.3364539389613169 0.41995350275920384 
0.33914757877381896 0.4176362144039012 
0.3418581587678098 0.4153136235828564 
0.34457288585013507 0.4129966900858777 
0.34729450968396064 0.4106830142580645 
0.34999978969878354 0.408392199427033 
0.40000026615565987 0.36754425755183484 
0.40048473001205187 0.36716137127064385 
0.40337952089240703 0.3648783416601139 
0.40627668627450786 0.36260162670861185 
0.4091727423193828 0.3603338821546175 
0.41211029903641483 0.3580418245427395 
0.41501546900290115 0.35578305750089034 
0.41799782665724516 0.3534724857693641 
0.4209001582167315 0.3512318147313853 
0.42384685066805583 0.34896478538557085 
0.4268247009441063 0.34668177666308264 
0.42980218410929133 0.34440699812361375 
0.4327881286113552 0.342133654446927 
0.4358115609450308 0.3398397460123559 
0.4388136754530136 0.337569871267155 
0.4418463107247374 0.33528478975975173 
0.44486244643451267 0.33301990551852845 
0.4478922514743495 0.3307524736882851 
0.4499989208290709 0.3291804111170643 
0.5015013875148507 0.29187926808057074 
0.5047710892181977 0.2896257266819644 
0.5079769621840725 0.287279820921308 
0.5113194758457595 0.28498113227173305 
0.5146129936125603 0.28267878640945376 
0.517885856917994 0.2803571323788493 
0.5212087654339321 0.27805210338008524 
0.5245786174514007 0.2757268645084947 
0.527945431019454 0.2734014650308084 
0.5313271899074489 0.2710787325057975 
0.5347222361013426 0.26875304047952575 
0.5381102419534016 0.26644003266213734 
0.541550853138312 0.2640986118111721 
0.5449883051739098 0.2617667677665193 
0.5484654209908747 0.2594219030208652 
0.5499983983896929 0.25838123145764935 
0.6022334213620509 0.2276233495134351 
0.6023835278857939 0.2238727117409678 
0.6061393613419581 0.22147259221665694 
0.6098914864266484 0.219072955173788 
0.6138545115703865 0.21669429464959933 
0.6175226216858622 0.21423845398585883 
0.6212616062129943 0.21179849897845926 
0.6251250268853598 0.20935510388203094 
0.6289694787757003 0.20692403971895879 
0.632876551848838 0.20447924767616932 
0.6367611320443429 0.20202723341591433 
0.6406898616958897 0.19956895478327752 
0.6447101403420158 0.19712606855243986 
0.6486109590485045 0.1946364054127715 
0.6499948366778873 0.19377742733294345 
0.70215640946968 0.16543726200669562 
0.7023851944398989 0.1619176409026848 
0.706696842425303 0.1593492058187599 
0.7110959541102561 0.15677401984610373 
0.715367010981234 0.1542062834347645 
0.7197921236253794 0.15159436374728197 
0.7242259801862962 0.14898545720097967 
0.7286632851598375 0.14638223708744358 
0.7331404515345419 0.1437637875360901 
0.7376834879998343 0.14112088737212813 
0.7422025411690881 0.13848822342991418 
0.746814060998786 0.13583830505640582 
0.7499983528090406 0.13397554722222738 
0.800648254288511 0.10619803643806358 
0.8041817540155084 0.10323818459065126 
0.809184458862343 0.10045319251172757 
0.8142746811845716 0.09764924101783323 
0.8193345269300686 0.09482900681923934 
0.8244574544191323 0.09200484129592057 
0.8296089895911756 0.08917160731543894 
0.8348436708831728 0.0863078106708558 
0.8400635040243452 0.08345021737804925 
0.8453526914556686 0.08056936560952643 
0.8499999894097965 0.07804556001405549 
0.9006114771750393 0.050994479902757295 
0.90643030997757 0.047933709167636174 
0.9122451998076888 0.04488471910052194 
0.9181620413445625 0.04179439016415165 
0.9240860291762121 0.03870606515166286 
0.930067339321792 0.03560001072076324 
0.9361450606647134 0.03245410410424798 
0.9422643745511787 0.02929696896942613 
0.9484266478312073 0.026134034599178957 
0.9499987490394299 0.025321207248546918 
