0.010001190688537491 0.5000000001262108 0.5000000000543576 0.49999999989797045 0.49999999991316973 
0.009655237929315042 0.4999999992265091 0.5000000005440702 0.49999999927308403 0.49999999991706023 
0.009312946063379388 0.5000000001098129 0.49999999080034285 0.5000000001319685 0.5000000047351466 
0.009189267885308466 0.4999999992265091 0.5000000002614422 0.5000000001715104 0.49999999988138366 
0.012107655216910866 0.4999999992371352 0.5000000003716358 0.5000000307691865 0.49999998577358723 
0.014950404782491112 0.5000003592346078 0.4999997306390455 0.5000000316104923 0.500000820519115 
0.017773050589250824 0.49999999923729216 0.4999999980826447 0.499999999274681 0.4999999908576197 
0.02058353146357223 0.4999999983769326 0.5000000005278248 0.5000000010811899 0.49999999991296123 
0.023334789178276555 0.4999999984449347 0.5000000008330725 0.49999999475491225 0.4999999999535383 
0.026054543706524148 0.4999999997465661 0.500000000356538 0.5000000013310318 0.4999999890682308 
0.02877658794076888 0.5000000001972493 0.500000000270271 0.5000000013165236 0.4999999999138529 
0.03147738832973024 0.4999999992371306 0.5000000103310919 0.5000000308147432 0.5000000011224172 
0.0340984798959227 0.4999999997517275 0.4999999866633897 0.500000031102299 0.5000000005505189 
0.03674291657684824 0.4999738798529298 0.49999999070743806 0.5000000008747191 0.499999992888879 
0.03939360432851859 0.5000000058015578 0.5000325472518216 0.5000000023128415 0.499999985780377 
0.042052049974417145 0.49999999867076717 0.500000000078942 0.5000000008557542 0.49999998898309106 
0.04463078368181389 0.49999999917828436 0.49999999981639587 0.500000000025851 0.4999999999505024 
0.04723240412485126 0.4999999997517275 0.4999999866633897 0.5000000314255636 0.49999997788372724 
0.04977833374610843 0.49995519855920406 0.4999999047099738 0.5000030876782531 0.5000005244431311 
0.10000023000011082 0.4999999999073951 0.4999999999369723 0.5000000000226273 0.499999999949824 
0.10208946008654303 0.4999999999110949 0.4999999999156507 0.4999999996721702 0.49999999994982314 
0.10453279774329877 0.4999999998787584 0.4999999995235575 0.49999999982918975 0.5000000001209624 
0.10695648758738881 0.49999998870977286 0.49999955373145516 0.5000340205350636 0.49999999765727604 
0.10942695175427813 0.49999999992521454 0.4999999999154609 0.5000000000323219 0.4999999998907036 
0.11181705528542267 0.4999999998596647 0.49999861656929756 0.5000026223980479 0.5000000001212076 
0.11424757220856833 0.49999999989846483 0.4999999999700986 0.4999999998993332 0.49999999995085564 
0.11667959041639546 0.49999999985264787 0.4999999999369723 0.5000000000232466 0.4999999999548883 
0.11909068250937324 0.5000000000655486 0.5000000102915313 0.4999999999159046 0.5000000001150327 
0.12151609607906844 0.4999999998326183 0.49999999986036764 0.49999999995616634 0.5000000007660496 
0.12392709560921669 0.5000000005905667 0.5000008067602505 0.49999993730063086 0.49999991355577217 
0.12636112463646504 0.4999999853396779 0.49999998306907556 0.5000008751873206 0.5000000002514651 
0.1287696830389103 0.5000000005891053 0.49999999671391143 0.49999994543782145 0.5000007756263899 
0.1312135624970128 0.4999999999112681 0.49999999991406036 0.5000000000360243 0.49999999997060157 
0.1336224662352381 0.49999999985175936 0.49999999951182306 0.49999999982774423 0.5000000002259083 
0.13601958334691017 0.5000001150489678 0.4999999998573072 0.4999999996829863 0.49999999774458415 
0.13842995122261825 0.49999999957907465 0.500000000118076 0.5000000017797183 0.4999999982965689 
0.1408327918229036 0.49999999960489966 0.5000000066674238 0.4999999988203425 0.49999999996356403 
0.14323964845905324 0.49996030212840603 0.4999995466441818 0.5000350344644677 0.49999999776599474 
0.14566465347128144 0.5000002419354587 0.5000000001664452 0.4999999987233928 0.5000000039088848 
0.148067878379612 0.500001281190777 0.5000003436604927 0.5000000075080997 0.49999999784870985 
0.14999601244128594 0.5000647510102151 0.4999452436200959 0.5000342269463195 0.5006473377741631 
0.20000074161190953 0.5000000001347696 0.5000000003359043 0.4999999998597333 0.4999999996674222 
0.20137572105533505 0.5000000001073869 0.5000000014383725 0.4999999999106285 0.500000000269581 
0.20381668887506282 0.49999999545863366 0.5000000046607235 0.5000334579726415 0.49999999964989017 
0.2062638561431805 0.49999999929789796 0.5000000013148496 0.5000000003297347 0.4999999998601481 
0.20870986128429228 0.4999747022900292 0.4999995858131786 0.49999800618002543 0.4999951656340471 
0.21119252842328773 0.4999999992977462 0.5000000010192351 0.49999999742154766 0.49999999974585474 
0.21358562010278725 0.500002194881859 0.4999999821624158 0.5000344053086265 0.5000040652443235 
0.21611425821880997 0.5000001370343263 0.5000005578317972 0.49999999983645954 0.5000000040988513 
0.21854075618306681 0.5000001370343263 0.500000565612476 0.49999887277268096 0.5000000042231716 
0.2209989136773544 0.4999922682168954 0.49999573777951956 0.5000345040955952 0.49999992222115364 
0.2234532753207413 0.4999923847015409 0.4999974194412906 0.5000334579726415 0.4999999978552888 
0.22595234341246317 0.49999999904070014 0.4999954333742899 0.5000338258352817 0.49999999998786365 
0.2284033651876658 0.4999973810737602 0.4999999129857915 0.5000038786661208 0.5000135096877152 
0.23086084514572475 0.49999999370864706 0.4999999994535818 0.5000000271297536 0.4999999956471236 
0.23336124074960948 0.4999999858514035 0.499972279849533 0.49999993762843503 0.5000685986123844 
0.2358824857516518 0.5000000260202964 0.5000000076862181 0.4999999909972947 0.5000001685863936 
0.2383379387240869 0.49999999645184734 0.5000000110084741 0.5000000108057437 0.5000000030168182 
0.24081457888332258 0.5000352947491037 0.5000267150374574 0.5001048141544238 0.5000040663715283 
0.24332473488411452 0.49999999370864706 0.4999999994535818 0.5000000271297536 0.4999999956471236 
0.24582077239441114 0.49999999370864706 0.49999999924955074 0.49997637881681517 0.49999999461123645 
0.24832461890961594 0.49999757711058923 0.5000000110084741 0.49997587540218463 0.5000000138904054 
0.3000020338876989 0.5000000000935887 0.5000000001460083 0.4999999999160567 0.5000000002683539 
0.30198127016526105 0.500000000093587 0.5000000001460077 0.499999999877191 0.5000000002568565 
0.3045916831755245 0.5000000000932463 0.5000000001490781 0.4999999999160567 0.5000000002683539 
0.30721117234420264 0.5000000001649331 0.5000000001459827 0.4999999999160521 0.5000000002654071 
0.3098370087918309 0.5000000001649331 0.5000000001491096 0.4999999999161806 0.5000000002825189 
0.31247179125523883 0.5000000000935609 0.5000000001491096 0.4999999999229921 0.5000000002825182 
0.3151370992295645 0.4999999999696701 0.5000000000723395 0.5000000001140669 0.49999999994187955 
0.31776314721064836 0.49999999996415606 0.5000000003003803 0.49999999991601213 0.49999999994212063 
0.32039562807306304 0.5000000001649331 0.5000000001494028 0.5000000003515602 0.5000000002792426 
0.32306886031695276 0.5000000001490369 0.5000000000976161 0.4999999999077235 0.49999999994466005 
0.3257120102937166 0.49999999996415606 0.5000000003001909 0.49999999991601213 0.4999999999419134 
0.3284053154265827 0.49999999997286404 0.500000000077282 0.49999999990661187 0.4999999999442524 
0.33107262212418587 0.4999999999645325 0.5000000000799746 0.5000000003475761 0.5000000002636519 
0.33375375854544936 0.49999999996415606 0.5000000001135657 0.5000000003628855 0.4999999999419134 
0.3364539389613169 0.49999999996415606 0.5000000001135657 0.5000000003628855 0.4999999999442524 
0.33914757877381896 0.49999999996766037 0.5000000001252697 0.500000000362543 0.49999999994427496 
0.3418581587678098 0.49999999997286404 0.500000000077282 0.49999999988503896 0.4999999999442524 
0.34457288585013507 0.49999999996107275 0.5000000001092869 0.5000000003622752 0.49999999985918214 
0.34729450968396064 0.4999999999626964 0.5000000001028094 0.5000000001147351 0.4999999999446225 
0.34999978969878354 0.4999999999644873 0.5000000001063829 0.5000000003626389 0.49999999994551775 
0.40000026615565987 0.5000000001417931 0.5000000003680449 0.5000000001268267 0.4999999999469387 
0.40048473001205187 0.4999999999638342 0.5000000001027985 0.500000000121314 0.49999999994468597 
0.40337952089240703 0.5000000001414294 0.500000000102844 0.5000000001270174 0.4999999999531365 
0.40627668627450786 0.5000000001518858 0.5000000001001245 0.5000000001140062 0.4999999999304549 
0.4091727423193828 0.5000000001417964 0.5000000003628778 0.5000000001308513 0.4999999999469387 
0.41211029903641483 0.5000000001412456 0.5000000001029744 0.500000000130927 0.5000000000474132 
0.41501546900290115 0.5000000001417964 0.5000000003628778 0.5000000001308513 0.5000000001726697 
0.41799782665724516 0.5000000003175074 0.5000000001219191 0.5000000001096517 0.49999999980717375 
0.4209001582167315 0.5000000001429654 0.5000000001460083 0.4999999999160567 0.5000000002683539 
0.42384685066805583 0.5000000001465581 0.5000000000866615 0.5000000001401147 0.4999999998894913 
0.4268247009441063 0.5000000003137081 0.5000000001032535 0.5000000001096517 0.49999999980440496 
0.42980218410929133 0.5000000001465599 0.5000000003570809 0.5000000001316656 0.4999999998409614 
0.4327881286113552 0.5000000000776134 0.5000000002095621 0.5000000000097805 0.49999999986881843 
0.4358115609450308 0.5000000001391548 0.5000000003537459 0.5000000001320357 0.4999999998444902 
0.4388136754530136 0.5000000001242448 0.5000000002539751 0.5000000000639166 0.49999999985048704 
0.4418463107247374 0.5000000000863238 0.5000000001028275 0.5000000000856781 0.5000000001542664 
0.44486244643451267 0.5000000000427721 0.5000000000982847 0.5000000000382295 0.4999999998505653 
0.4478922514743495 0.5000000001242448 0.5000000003013805 0.5000000000639166 0.49999999985150095 
0.4499989208290709 0.5000000000874463 0.5000000002602926 0.5000000000443827 0.4999999998560289 
0.501473900284709 0.5000030194912864 0.5000176672591488 0.4998884581111764 0.500033990461689 
0.5047134716244673 0.4998804022293516 0.49999298774445294 0.4998930873419718 0.5000582377286196 
0.507974113831206 0.4999998513317848 0.5000000359420361 0.5000030792075506 0.5000378517836138 
0.5112917010232039 0.5000030369531626 0.49999997383967404 0.4998864251586209 0.500033990461689 
0.5145870064410945 0.5000962148581455 0.4999474784673315 0.5000012318162519 0.500033783014366 
0.5178858569179936 0.5000000000752312 0.5000000003798831 0.5000000000401442 0.4999999998347488 
0.5212087654339268 0.4999999983481914 0.5000000002252011 0.5000000000402605 0.4999999998341043 
0.5245757411943681 0.4999999510432319 0.5000172742651579 0.5000016039127135 0.5000339914153502 
0.527945431019422 0.49999999842311926 0.5000000001740944 0.4999999966465033 0.4999999983860961 
0.5313267929324911 0.49999999829523734 0.5000136888708098 0.500000203448959 0.500003685303834 
0.5347221872511094 0.5000000057617214 0.4999977631303438 0.5000028230180937 0.5000034296116925 
0.5381102353575831 0.5000018252351668 0.4999999370938549 0.4999999468986057 0.49999996090540627 
0.5415508531382844 0.49999999989243493 0.500000000400507 0.5000000018002161 0.5000000032094575 
0.5449883051739027 0.4999999999294668 0.499999999525831 0.5000000018199299 0.49999999996301847 
0.5484615908204925 0.49999999842023646 0.4999995719387619 0.5000013239008526 0.4999559833014473 
0.5499983981740791 0.49999999847414534 0.5000000003798387 0.499999999951898 0.5000003304141091 
0.6000081450304363 0.5000017686504312 0.5009518885760632 0.5000240872515475 0.49953055559804843 
0.602379625340046 0.5000035838043199 0.49999956862631917 0.5000009920537556 0.49995570509000964 
0.6061258940941971 0.5000680867391205 0.5000467011730678 0.5000002995695347 0.5000014993610015 
0.6098741408701785 0.49999999943429363 0.4999999427617928 0.499906283395695 0.5000003636652517 
0.6137428191421895 0.49980453396786445 0.5000654643385154 0.4999997534961879 0.5001185889321111 
0.6174831847714619 0.5000657712907739 0.4999903557607268 0.4999999785215095 0.5001246999160113 
0.6212616062128451 0.49999999951090174 0.5000000001458417 0.5000000000009013 0.49999999132902084 
0.6251228283243345 0.5000062825916295 0.5000296797878665 0.49999998550652797 0.5000138881008572 
0.6289694787756985 0.499999999987055 0.5000000001432631 0.5000000000228345 0.499999999093153 
0.6328675653504876 0.49999999993654454 0.5000674560215518 0.5000000000342482 0.49999999994657685 
0.6367609025193306 0.4999999902686282 0.5000002389974069 0.5000000363051301 0.5000107778162819 
0.6406898603312826 0.49999999727490557 0.4999999581123627 0.5000008300638819 0.5000000141415895 
0.6446703863178268 0.5001416998591359 0.4999996290750967 0.4999928915864593 0.4999997960381114 
0.6486107906808496 0.49999367324491806 0.4999996421079628 0.499993326717853 0.499999248833603 
0.6499948366778873 0.4999999999698698 0.5000000001463127 0.5000000000402643 0.499999999889671 
0.7000370059413045 0.5010309830277041 0.4999985391744561 0.4998970509056418 0.5000018810809521 
0.7023840159592294 0.5000169778781853 0.5000175634285254 0.5000000258188029 0.499999999092307 
0.7066956919890958 0.5000038370521156 0.4999996381116596 0.49999332661870177 0.5000228721407415 
0.7110714236503829 0.5000038072112258 0.500000000092608 0.5001097362569416 0.5000190916312997 
0.715367010981234 0.49999999997533473 0.5000000000631175 0.5000000000233245 0.500000000316256 
0.7197921236253794 0.49999999997272704 0.5000000003675362 0.5000000000920684 0.5000000003070507 
0.7242258957568337 0.4999936325921661 0.49999851474157037 0.5000000305402164 0.4999999996226176 
0.7286632851598375 0.49999999996871236 0.5000000003502079 0.5000000000243177 0.500000000278898 
0.7331404515345419 0.4999999999716282 0.5000000003678379 0.500000000091419 0.4999999998550213 
0.737679750405618 0.5000210434525112 0.5000129216334487 0.49996423774064075 0.5000019479466129 
0.7422025411690357 0.4999999999700899 0.5000000003082343 0.5000000038755726 0.5000000033862947 
0.7467999036629241 0.4999742830486099 0.49999889273578235 0.5000000046053154 0.49991934031417334 
0.7499983528090406 0.4999999999661073 0.5000000003479698 0.5000000000918764 0.5000000002856397 
0.8000147701331831 0.5004757077794678 0.4996947663036605 0.49996368865738583 0.5000000060654339 
0.8041817538582742 0.4999999995813781 0.5000000752172373 0.4999997280498662 0.5000000008800181 
0.809184458862343 0.4999999999634746 0.500000000335822 0.5000000001157335 0.4999999998078836 
0.814261207819543 0.4999999995203907 0.49999999987898475 0.5000000000204823 0.5000825968860401 
0.8193345269178908 0.5000000001398519 0.5000000744713528 0.5000000001139109 0.5000000249031246 
0.8244566567642413 0.4999940596540504 0.5000168965111533 0.5000000000216237 0.49999088340498693 
0.8296087667891721 0.49999375557653847 0.5000000003314287 0.4999999998913764 0.49999140797822156 
0.834840044199439 0.499985152066503 0.5000147230581292 0.49996346207021836 0.4999919925120125 
0.8400635040243452 0.5000000001839392 0.5000000001259359 0.5000000001164608 0.49999999984244714 
0.8453526914556686 0.5000000001398703 0.5000000003242154 0.5000000001138938 0.49999999980882026 
0.8499999894097965 0.5000000001660438 0.5000000003349623 0.5000000001139109 0.4999999997952377 
0.9006114771750389 0.5000000002172854 0.5000000003231897 0.5000000001519427 0.4999999997486161 
0.9064302797316114 0.5000000000799854 0.4999961061652536 0.5000000001164552 0.49999960875311317 
0.9122451998076888 0.5000000001389076 0.5000000003498983 0.5000000001431646 0.4999999997874605 
0.9181606524383218 0.5000000001389076 0.5000002174001817 0.5000000001431646 0.4999734816150661 
0.9240860291762076 0.5000000014282769 0.5000000003294891 0.5000000001243315 0.4999999997839826 
0.930067339321792 0.50000000013859 0.5000000003242515 0.5000000001239178 0.4999999999411505 
0.9361450606647134 0.500000000135265 0.5000000003358318 0.5000000001401721 0.4999999999411521 
0.9422643745174413 0.5000000001402938 0.5000000001584441 0.5000000095689614 0.4999998696486482 
0.9484226687552342 0.4999999972533541 0.4999651923742806 0.5000000090229381 0.4999716586428768 
0.9499987490394299 0.5000000001398703 0.5000000003242154 0.5000000001241417 0.49999999994729116 
