0.5000000002830944 1.5000000002830944 
0.500931146894418 1.4999991332947489 
0.5084093977283508 1.4999292823205561 
0.5159192689435851 1.4997465772063876 
0.5234779101061249 1.4994487880280651 
0.5311165552845447 1.4990317602876417 
0.5387000647131129 1.498502305340386 
0.5463831401609811 1.4978486046498112 
0.5539781530530627 1.4970863595416306 
0.5616038060374691 1.496204971422042 
0.569326379432419 1.4951938534255285 
0.5770522389072068 1.4940629528547766 
0.5846944563964548 1.492826849397035 
0.5925915234620396 1.491426810160856 
0.6002965129781817 1.4899406098363186 
0.6079757826478521 1.488341230754075 
0.61589975509989 1.486567247127853 
0.6236022318236951 1.4847224886676513 
0.6315826420701705 1.482686008674522 
0.6393018152244518 1.4805950048897838 
0.6471301926412916 1.478352706791009 
0.6549422343397702 1.4759929044103068 
0.6627446062006694 1.4735260088822089 
0.6705218216542008 1.4709223091736456 
0.6784097574952068 1.4681699588115729 
0.6862545306318238 1.465309250208283 
0.694001259087403 1.4623635123511096 
0.7017197436798436 1.4593091453994256 
0.7095662483516064 1.4560819884589282 
0.717535794856129 1.452683932364824 
0.7251146741060054 1.4493405829015775 
0.7332194521465396 1.4456179434849017 
0.7406624265371728 1.442090162322064 
0.7484360194805718 1.4382927456019199 
0.7561314290023544 1.4344254957116893 
0.764064082262756 1.4302995413066038 
0.7714711467836377 1.4263050531248642 
0.7787788272128031 1.422366699228791 
0.7869130113837259 1.4177370975481969 
0.7943222647970803 1.4133744055269992 
0.8010352948565984 1.4093857548407276 
0.8096697323036348 1.4041571805152815 
0.8175417435029035 1.399289292825332 
0.82469110543176 1.3946740492607925 
0.8322174726474301 1.3896388355951115 
0.8398836121552562 1.3844808360601308 
0.8472991742920082 1.3793855220023203 
0.8545598079167023 1.374336258707912 
0.8621294860806299 1.3688787293088538 
0.869904671815622 1.3633668011808477 
0.8773351301653546 1.3576509325772044 
0.8840845149669913 1.3525587328482156 
0.8914275011751354 1.3469651087879033 
0.8985336944333955 1.34128621908398 
0.9059203247459123 1.3352553592827237 
0.9131056296303084 1.329386205900659 
0.920656382894539 1.3230872884984972 
0.9270863025293421 1.3175983162384561 
0.9344265705980392 1.3112767338947566 
0.9413929384850854 1.3051773880630382 
0.9485747479173882 1.2988794476107404 
0.9553617973148345 1.292665349837511 
0.9622648989664724 1.286348152577514 
0.9690570510190053 1.2799930731378837 
0.9759681487867822 1.2734577033498216 
0.9827555112664198 1.2669612924092903 
0.9895380988668208 1.2604003686723146 
0.9963038376434685 1.2536947456529546 
1.0030307289890215 1.246960088788391 
1.0096396345454326 1.2404019164359388 
1.0162119832811212 1.2335360294198745 
1.0228469939573779 1.2266427510376812 
1.0293190487907133 1.219828911618317 
1.035930154213581 1.2127839191106944 
1.0422007366236117 1.2060383684881495 
1.0487285658056644 1.1989164841134003 
1.0545050765082453 1.1925292111506587 
1.0613018398561676 1.1849942610897293 
1.0677001661753556 1.1777284595269548 
1.0738640328069806 1.1707205816393333 
1.080123983966702 1.1635920147236332 
1.0864088416218 1.156253134279545 
1.0923611078383977 1.1491452549419585 
1.0983735781430612 1.1419960902457038 
1.1044279099472067 1.1347051903423608 
1.1105201911415246 1.1273123241966185 
1.1167932141920742 1.1196874741560667 
1.1224037161647868 1.1126795976537625 
1.128358671239551 1.1051930703043684 
1.1341935876655005 1.0978128237667701 
1.1399224722153736 1.0905133229993325 
1.145716890287956 1.0830986649560732 
1.1514769348936513 1.0758203173779273 
1.1572062241636139 1.06821186450173 
1.1628157094438092 1.0607358528958135 
1.168421119632307 1.0532395747315175 
1.1738503368188955 1.0459281525202104 
1.1794856178789175 1.0383274776609996 
1.184912082691671 1.0308996622092363 
1.1903680406658412 1.023395794810375 
1.1958480320282001 1.0159296742302968 
1.20093862345799 1.0091194734725755 
1.2069306526379981 1.0004267805935387 
1.2118640570023889 0.9932974872051756 
1.2168061248347328 0.9861911079129517 
1.2223498670624893 0.9782686900753055 
1.2274522554955714 0.9708145053109652 
1.232671977785623 0.9631960271977822 
1.237912527808382 0.9554943181076875 
1.2429862816849586 0.9481932299386918 
1.2478995301046947 0.9408734660414105 
1.2532357985365663 0.9326412926642097 
1.257949770957589 0.9256662288728509 
1.2628534383912122 0.918065531774563 
1.26788159000678 0.9103701661670371 
1.2727023280049583 0.9030340118294201 
1.277462948271614 0.8956193071685052 
1.2822434661008864 0.8881046455628895 
1.287042554279147 0.8805782330507677 
1.2917285527880091 0.8731757110672588 
1.2964313472774671 0.8656984832124864 
1.3012677288275007 0.8579907587419412 
1.3059044238879465 0.8508357958009649 
1.3104900493409741 0.8433342201112541 
1.3149101079511443 0.8359500356245592 
1.3195492023207167 0.8284207421791533 
1.3241135928955057 0.8209368926190366 
1.3284302776475325 0.8137431361312465 
1.3331308463452207 0.8060043445083579 
1.3373958474248482 0.799140481524747 
1.3416173374719944 0.7916806529672477 
1.346150827290542 0.7840457485059582 
1.3502487023091954 0.7771461478040581 
1.3546414574779222 0.7696092915756855 
1.3589963351141687 0.7623031183454486 
1.363162596259613 0.7551123797694475 
1.367396977755158 0.7476876013258974 
1.3715304257372773 0.740514954054601 
1.3755041100190297 0.7335103234253082 
1.3796675460157095 0.7262733378896478 
1.3836829360698606 0.7192397741478812 
1.3883816606330095 0.7116823075723879 
1.3918642981172547 0.7045780747645519 
1.396384410043515 0.6966224639174506 
1.3997917110712939 0.6904812283041236 
1.4044257983125457 0.6820951395472066 
1.407637591445144 0.676194077438115 
1.4115676287871715 0.6691648046920166 
1.4156339997455023 0.6616983584542703 
1.4187495425803238 0.6559006708737517 
1.422434235145808 0.6491332356407076 
1.4274757432912986 0.6398137232017705 
1.4305260331032006 0.6341758844842855 
1.4359888041362698 0.623948140469109 
1.4381000495361596 0.6200481323603806 
1.4416886922530405 0.6132228773810702 
1.4463139443913489 0.6044908988570841 
1.4488821657312498 0.5996226367860168 
1.4524515154158233 0.592836111372278 
1.456044574877322 0.5859790133386078 
1.459880019683931 0.5786305928382461 
1.4634867864266246 0.5723772699375003 
1.4666515263040871 0.5655848272783469 
1.4702061331844267 0.5587001737746281 
1.4736170040602914 0.5520699299929053 
1.477042861758612 0.5453884650243724 
1.4804575098473722 0.5387030713856572 
1.4838432250357936 0.5320540566025856 
1.4872150873571242 0.5254079229581122 
1.4905635860026556 0.5187837820864174 
1.4937444802751063 0.5124719079830765 
1.4971768621501624 0.5056383056271635 
1.5000000000001208 0.5000000000001208 
