1.922417057311887E-17 0.6008017994720157 0.29942270412506544 0.5994829974449833 0.5003484513976624 0.5968199774551893 0.4016982448964812 0.698909994142339 0.4010782819318233 0.39862346897576406 0.6032727257177315 0.3994512108212847 0.40057939021999345 0.5999519840872394 0.5000051038546753 0.3997708681383921 0.599158307792643 0.8012170992156462 0.2980682108137013 0.4999948186854316 0.500045772514171 0.4988931373536656 0.29970024858878824 0.6000810034499158 0.49742912813657725 0.6002995513646296 0.6000605118267824 0.4004035909194716 0.5008436071148858 0.4994633039447583 
9.311465657422273E-4 0.6008017994720157 0.2994227041231488 0.5994829974449833 0.5003484513976624 0.5968199774551893 0.4016982448964812 0.698909994142339 0.4010782819318233 0.39862346897576406 0.6032727257177315 0.3994512108212847 0.40057939021999345 0.5999519840872394 0.5000051038546753 0.3997708681383921 0.599158307792643 0.8012170992156462 0.2980682108137013 0.4999948186854316 0.500045772514171 0.4988931373536656 0.2997002485632566 0.6000810034499158 0.49742912813657725 0.6002995513646296 0.6000605118267824 0.4004035909194716 0.5008436071148858 0.4994633039447583 
0.008409397442449692 0.6008017994720157 0.29942270412417576 0.5994829974449833 0.5003484513976624 0.5968199774551893 0.4016982448964812 0.698909994142339 0.4010782819318233 0.39862346897576406 0.6032727257177315 0.3994512108212847 0.40057939021999345 0.5999519840872394 0.5000051038546753 0.3997708681383921 0.599158307792643 0.8012170992156462 0.2980682108137013 0.4999948186854316 0.500045772514171 0.4988931373536656 0.2997002485885242 0.6000810034499158 0.49742912813657725 0.6002995513646296 0.6000605118267824 0.4004035909194716 0.5008436071148858 0.4994633039447583 
0.015919268623684577 0.6008017994720157 0.29942270412502303 0.5994829974449833 0.5003484513976624 0.5968199774551893 0.4016982448964812 0.698909994142339 0.4010782819318233 0.39862346897576406 0.6032727257177315 0.3994512108212847 0.40057939021999345 0.5999519840872394 0.5000051038546753 0.3997708681383921 0.599158307792643 0.8012170992156462 0.2980682108137013 0.4999948186854316 0.500045772514171 0.4988931373536656 0.29970024856562466 0.6000810034499158 0.49742912813657725 0.6002995513646296 0.6000605118267824 0.4004035909194716 0.5008436071148858 0.4994633039447583 
0.023477909828160615 0.6008017994720157 0.29942270412427613 0.5994829974449833 0.5003484513976624 0.5968199774551893 0.4016982448964812 0.698909994142339 0.4010782819318233 0.39862346897576406 0.6032727257177315 0.3994512108212847 0.40057939021999345 0.5999519840872394 0.5000051038546753 0.3997708681383921 0.599158307792643 0.8012170992156462 0.2980682108137013 0.4999948186854316 0.500045772514171 0.4988931373536656 0.2997002485933661 0.6000810034499158 0.49742912813657725 0.6002995513646296 0.6000605118267824 0.4004035909194716 0.5008436071148858 0.4994633039447583 
0.031116555001727428 0.6008017994720157 0.29942270412506544 0.5994829974449833 0.5003484513976624 0.5968199774551893 0.4016982448964812 0.698909994142339 0.4010782819318233 0.39862346897576406 0.6032727257177315 0.3994512108212847 0.40057939021999345 0.5999519840872394 0.5000051038546753 0.3997708681383921 0.599158307792643 0.8012170992156462 0.2980682108137013 0.4999948186854316 0.500045772514171 0.4988931373536656 0.2997002485889651 0.6000810034499158 0.49742912813657725 0.6002995513646296 0.6000605118267824 0.4004035909194716 0.5008436071148858 0.4994633039447583 
0.03870006438901311 0.6008017994720157 0.29942270412418864 0.5994829974449833 0.5003484513976624 0.5968199774551893 0.4016982448964812 0.698909994142339 0.4010782819318233 0.39862346897576406 0.6032727257177315 0.3994512108212847 0.40057939021999345 0.5999519840872394 0.5000051038546753 0.3997708681383921 0.599158307792643 0.8012170992156462 0.2980682108137013 0.4999948186854316 0.500045772514171 0.4988931373536656 0.29970024856438665 0.6000810034499158 0.49742912813657725 0.6002995513646296 0.6000605118267824 0.4004035909194716 0.5008436071148858 0.4994633039447583 
0.04638313984892499 0.6008017994720157 0.2994227041220046 0.5994829974449833 0.5003484513976624 0.5968199774551893 0.4016982448964812 0.698909994142339 0.4010782819318233 0.39862346897576406 0.6032727257177315 0.3994512108212847 0.40057939021999345 0.5999519840872394 0.5000051038546753 0.3997708681383921 0.599158307792643 0.8012170992156462 0.2980682108137013 0.4999948186854316 0.500045772514171 0.4988931373536656 0.29970024857568406 0.6000810034499158 0.49742912813657725 0.6002995513646296 0.6000605118267824 0.4004035909194716 0.5008436071148858 0.4994633039447583 
0.05397815255787132 0.6008017994720157 0.2994227041248857 0.5994829974449833 0.5003484513976624 0.5968199774551893 0.4016982448964812 0.698909994142339 0.4010782819318233 0.39862346897576406 0.6032727257177315 0.3994512108212847 0.40057939021999345 0.5999519840872394 0.5000051038546753 0.3997708681383921 0.599158307792643 0.8012170992156462 0.2980682108137013 0.4999948186854316 0.500045772514171 0.4988931373536656 0.2997002484551862 0.6000810034499158 0.49742912813657725 0.6002995513646296 0.6000605118267824 0.4004035909194716 0.5008436071148858 0.4994633039447583 
0.06160380573445807 0.6008017994720157 0.29942270412418326 0.5994829974449833 0.5003484513976624 0.5968199774551893 0.4016982448964812 0.698909994142339 0.4010782819318233 0.39862346897576406 0.6032727257177315 0.3994512108212847 0.40057939021999345 0.5999519840872394 0.5000051038546753 0.3997708681383921 0.599158307792643 0.8012170992156462 0.2980682108137013 0.4999948186854316 0.500045772514171 0.4988931373536656 0.299700248577708 0.6000810034499158 0.49742912813657725 0.6002995513646296 0.6000605118267824 0.4004035909194716 0.5008436071148858 0.4994633039447583 
0.06932637915952086 0.6008017994720157 0.29942270412409017 0.5994829974449833 0.5003484513976624 0.5968199774551893 0.4016982448964812 0.698909994142339 0.4010782819318233 0.39862346897576406 0.6032727257177315 0.3994512108212847 0.40057939021999345 0.5999519840872394 0.5000051038546753 0.3997708681383921 0.599158307792643 0.8012170992156462 0.2980682108137013 0.4999948186854316 0.500045772514171 0.4988931373536656 0.29970024859687894 0.6000810034499158 0.49742912813657725 0.6002995513646296 0.6000605118267824 0.4004035909194716 0.5008436071148858 0.4994633039447583 
0.07705223858194168 0.6008017994720157 0.299422704125199 0.5994829974449833 0.5003484513976624 0.5968199774551893 0.4016982448964812 0.698909994142339 0.4010782819318233 0.39862346897576406 0.6032727257177315 0.3994512108212847 0.40057939021999345 0.5999519840872394 0.5000051038546753 0.3997708681383921 0.599158307792643 0.8012170992156462 0.2980682108137013 0.4999948186854316 0.500045772514171 0.4988931373536656 0.2997002485619402 0.6000810034499158 0.49742912813657725 0.6002995513646296 0.6000605118267824 0.4004035909194716 0.5008436071148858 0.4994633039447583 
0.08469445610457096 0.6008017994720157 0.2994227041233424 0.5994829974449833 0.5003484513976624 0.5968199774551893 0.4016982448964812 0.698909994142339 0.4010782819318233 0.39862346897576406 0.6032727257177315 0.3994512108212847 0.40057939021999345 0.5999519840872394 0.5000051038546753 0.3997708681383921 0.599158307792643 0.8012170992156462 0.2980682108137013 0.4999948186854316 0.500045772514171 0.4988931373536656 0.2997002485861552 0.6000810034499158 0.49742912813657725 0.6002995513646296 0.6000605118267824 0.4004035909194716 0.5008436071148858 0.4994633039447583 
0.09259152314320487 0.6008017994720157 0.29942270410853344 0.5994829974449833 0.5003484513976624 0.5968199774551893 0.4016982448964812 0.698909994142339 0.4010782819318233 0.39862346897576406 0.6032727257177315 0.3994512108212847 0.40057939021999345 0.5999519840872394 0.5000051038546753 0.3997708681383921 0.599158307792643 0.8012170992156462 0.2980682108137013 0.4999948186854316 0.500045772514171 0.4988931373536656 0.2997002485941976 0.6000810034499158 0.49742912813657725 0.6002995513646296 0.6000605118267824 0.4004035909194716 0.5008436071148858 0.4994633039447583 
0.10029651268507565 0.6008017994720157 0.2994227041244557 0.5994829974449833 0.5003484513976624 0.5968199774551893 0.4016982448964812 0.698909994142339 0.4010782819318233 0.39862346897576406 0.6032727257177315 0.3994512108212847 0.40057939021999345 0.5999519840872394 0.5000051038546753 0.3997708681383921 0.599158307792643 0.8012170992156462 0.2980682108137013 0.4999948186854316 0.500045772514171 0.4988931373536656 0.2997002485834991 0.6000810034499158 0.49742912813657725 0.6002995513646296 0.6000605118267824 0.4004035909194716 0.5008436071148858 0.4994633039447583 
0.10797578232506676 0.6008017994720157 0.2994227041198122 0.5994829974449833 0.5003484513976624 0.5968199774551893 0.4016982448964812 0.698909994142339 0.4010782819318233 0.39862346897576406 0.6032727257177315 0.3994512108212847 0.40057939021999345 0.5999519840872394 0.5000051038546753 0.3997708681383921 0.599158307792643 0.8012170992156462 0.2980682108137013 0.4999948186854316 0.500045772514171 0.4988931373536656 0.2997002485726223 0.6000810034499158 0.49742912813657725 0.6002995513646296 0.6000605118267824 0.4004035909194716 0.5008436071148858 0.4994633039447583 
0.11589975480757984 0.6008017994720157 0.2994227041244002 0.5994829974449833 0.5003484513976624 0.5968199774551893 0.4016982448964812 0.698909994142339 0.4010782819318233 0.39862346897576406 0.6032727257177315 0.3994512108212847 0.40057939021999345 0.5999519840872394 0.5000051038546753 0.3997708681383921 0.599158307792643 0.8012170992156462 0.2980682108137013 0.4999948186854316 0.500045772514171 0.4988931373536656 0.2997002485840956 0.6000810034499158 0.49742912813657725 0.6002995513646296 0.6000605118267824 0.4004035909194716 0.5008436071148858 0.4994633039447583 
0.12360223151945492 0.6008017994720157 0.29942270412161465 0.5994829974449833 0.5003484513976624 0.5968199774551893 0.4016982448964812 0.698909994142339 0.4010782819318233 0.39862346897576406 0.6032727257177315 0.3994512108212847 0.40057939021999345 0.5999519840872394 0.5000051038546753 0.3997708681383921 0.599158307792643 0.8012170992156462 0.2980682108137013 0.4999948186854316 0.500045772514171 0.4988931373536656 0.29970024858127764 0.6000810034499158 0.49742912813657725 0.6002995513646296 0.6000605118267824 0.4004035909194716 0.5008436071148858 0.4994633039447583 
0.13158264177829376 0.6008017994720157 0.2994227041244501 0.5994829974449833 0.5003484513976624 0.5968199774551893 0.4016982448964812 0.698909994142339 0.4010782819318233 0.39862346897576406 0.6032727257177315 0.3994512108212847 0.40057939021999345 0.5999519840872394 0.5000051038546753 0.3997708681383921 0.599158307792643 0.8012170992156462 0.2980682108137013 0.4999948186854316 0.500045772514171 0.4988931373536656 0.29970024858428557 0.6000810034499158 0.49742912813657725 0.6002995513646296 0.6000605118267824 0.4004035909194716 0.5008436071148858 0.4994633039447583 
0.13930181474376258 0.6008017994720157 0.29942270412133487 0.5994829974449833 0.5003484513976624 0.5968199774551893 0.4016982448964812 0.698909994142339 0.4010782819318233 0.39862346897576406 0.6032727257177315 0.3994512108212847 0.40057939021999345 0.5999519840872394 0.5000051038546753 0.3997708681383921 0.599158307792643 0.8012170992156462 0.2980682108137013 0.4999948186854316 0.500045772514171 0.4988931373536656 0.2997002484703481 0.6000810034499158 0.49742912813657725 0.6002995513646296 0.6000605118267824 0.4004035909194716 0.5008436071148858 0.4994633039447583 
0.14713019234948588 0.6008017994720157 0.29942270412513705 0.5994829974449833 0.5003484513976624 0.5968199774551893 0.4016982448964812 0.698909994142339 0.4010782819318233 0.39862346897576406 0.6032727257177315 0.3994512108212847 0.40057939021999345 0.5999519840872394 0.5000051038546753 0.3997708681383921 0.599158307792643 0.8012170992156462 0.2980682108137013 0.4999948186854316 0.500045772514171 0.4988931373536656 0.29970024858316857 0.6000810034499158 0.49742912813657725 0.6002995513646296 0.6000605118267824 0.4004035909194716 0.5008436071148858 0.4994633039447583 
0.15494223404012003 0.6008017994720157 0.29942270412456923 0.5994829974449833 0.5003484513976624 0.5968199774551893 0.4016982448964812 0.698909994142339 0.4010782819318233 0.39862346897576406 0.6032727257177315 0.3994512108212847 0.40057939021999345 0.5999519840872394 0.5000051038546753 0.3997708681383921 0.599158307792643 0.8012170992156462 0.2980682108137013 0.4999948186854316 0.500045772514171 0.4988931373536656 0.29970024857917765 0.6000810034499158 0.49742912813657725 0.6002995513646296 0.6000605118267824 0.4004035909194716 0.5008436071148858 0.4994633039447583 
0.16273569190021783 0.6007743405696121 0.5005731973842852 0.49994511488641175 0.5003171386723616 0.3997595288406338 0.5000725194894784 0.8103548817043102 0.5005021811927307 0.3982726683084879 0.6002383941740975 0.5060703108991107 0.400576124358834 0.5002670665484712 0.5000186860554099 0.40029010982933216 0.5992251955763717 0.6001628514313204 0.49942186107446923 0.5001377423738358 0.5005709153248585 0.49896464405101326 0.40028635044219063 0.4990450984559796 0.5003102996363467 0.60032564665727 0.5997497356680352 0.5001421382753738 0.5003698132777434 0.5002591903021474 
0.1705218210323623 0.6008017994720157 0.29942270412510297 0.5994829974449833 0.5003484513976624 0.5968199774551893 0.4016982448964812 0.698909994142339 0.4010782819318233 0.39862346897576406 0.6032727257177315 0.3994512108212847 0.40057939021999345 0.5999519840872394 0.5000051038546753 0.3997708681383921 0.599158307792643 0.8012170992156462 0.2980682108137013 0.4999948186854316 0.500045772514171 0.4988931373536656 0.2997002483748622 0.6000810034499158 0.49742912813657725 0.6002995513646296 0.6000605118267824 0.4004035909194716 0.5008436071148858 0.4994633039447583 
0.17840975721435054 0.6008017994720157 0.2994227041251539 0.5994829974449833 0.5003484513976624 0.5968199774551893 0.4016982448964812 0.698909994142339 0.4010782819318233 0.39862346897576406 0.6032727257177315 0.3994512108212847 0.40057939021999345 0.5999519840872394 0.5000051038546753 0.3997708681383921 0.599158307792643 0.8012170992156462 0.2980682108137013 0.4999948186854316 0.500045772514171 0.4988931373536656 0.2997002485900536 0.6000810034499158 0.49742912813657725 0.6002995513646296 0.6000605118267824 0.4004035909194716 0.5008436071148858 0.4994633039447583 
0.18625453034828177 0.6008017994720157 0.2994227041196398 0.5994829974449833 0.5003484513976624 0.5968199774551893 0.4016982448964812 0.698909994142339 0.4010782819318233 0.39862346897576406 0.6032727257177315 0.3994512108212847 0.40057939021999345 0.5999519840872394 0.5000051038546753 0.3997708681383921 0.599158307792643 0.8012170992156462 0.2980682108137013 0.4999948186854316 0.500045772514171 0.4988931373536656 0.29970024859769007 0.6000810034499158 0.49742912813657725 0.6002995513646296 0.6000605118267824 0.4004035909194716 0.5008436071148858 0.4994633039447583 
0.1940012584544018 0.6008017994720157 0.29942270412526306 0.5994829974449833 0.5003484513976624 0.5968199774551893 0.4016982448964812 0.698909994142339 0.4010782819318233 0.39862346897576406 0.6032727257177315 0.3994512108212847 0.40057939021999345 0.5999519840872394 0.5000051038546753 0.3997708681383921 0.599158307792643 0.8012170992156462 0.2980682108137013 0.4999948186854316 0.500045772514171 0.4988931373536656 0.29970024836754117 0.6000810034499158 0.49742912813657725 0.6002995513646296 0.6000605118267824 0.4004035909194716 0.5008436071148858 0.4994633039447583 
0.20171974340217771 0.6008017994720157 0.299422704125729 0.5994829974449833 0.5003484513976624 0.5968199774551893 0.4016982448964812 0.698909994142339 0.4010782819318233 0.39862346897576406 0.6032727257177315 0.3994512108212847 0.40057939021999345 0.5999519840872394 0.5000051038546753 0.3997708681383921 0.599158307792643 0.8012170992156462 0.2980682108137013 0.4999948186854316 0.500045772514171 0.4988931373536656 0.299700248591095 0.6000810034499158 0.49742912813657725 0.6002995513646296 0.6000605118267824 0.4004035909194716 0.5008436071148858 0.4994633039447583 
0.2095662477124164 0.6008017994720157 0.2994227041199593 0.5994829974449833 0.5003484513976624 0.5968199774551893 0.4016982448964812 0.698909994142339 0.4010782819318233 0.39862346897576406 0.6032727257177315 0.3994512108212847 0.40057939021999345 0.5999519840872394 0.5000051038546753 0.3997708681383921 0.599158307792643 0.8012170992156462 0.2980682108137013 0.4999948186854316 0.500045772514171 0.4988931373536656 0.2997002483726087 0.6000810034499158 0.49742912813657725 0.6002995513646296 0.6000605118267824 0.4004035909194716 0.5008436071148858 0.4994633039447583 
0.21753178500419404 0.6007743405712648 0.5005530907332713 0.4999451148862959 0.5003171393451877 0.3997599200526143 0.5000725194894784 0.8103548817043102 0.5005016956281892 0.3982726683084879 0.6002383940402912 0.5060703108986041 0.40057523870734907 0.5002670610987354 0.5000186876789751 0.40029010982933716 0.5992252020670266 0.6001623173772496 0.49942195740515566 0.5001377232828554 0.5005709347158298 0.49896466379635124 0.40028635213716013 0.4990450984620594 0.5003102390417243 0.6003257129885294 0.5997497353762288 0.5001348534128027 0.5003722635429468 0.5002992403264749 
0.22510281423011158 0.6007743420407335 0.5005744518271573 0.49994511488625326 0.5003171393257224 0.4000986379076935 0.5000724196062875 0.8103548817043102 0.5004327803746316 0.3982726683084879 0.6002377149948571 0.5060703107665715 0.4005750607599397 0.5002670672778519 0.500018686053092 0.40029157698443407 0.5992250030654507 0.6001623460804765 0.4994260447970368 0.5001377227593247 0.5005709153166512 0.49896486515656224 0.4002861938097706 0.4990450964383656 0.500308402994085 0.60032717364988 0.599749922999813 0.5004056927932383 0.5003722635406915 0.500273050232254 
0.2332131399952117 0.6007743405509534 0.500554035693176 0.4999451148845288 0.5003171386722144 0.3997599221880838 0.5000725194894784 0.8103548817043102 0.5005018290413564 0.3982726683084879 0.600238394040229 0.5060703116374493 0.4005750678115589 0.500267062595896 0.5000186876032667 0.400290109931336 0.599225202377112 0.6001624581845697 0.49942186107506603 0.5001377423738337 0.5005709351410113 0.49896466379635124 0.4002863520887192 0.4990450984618527 0.5003102390417243 0.6003257115146339 0.5997497620319775 0.5001348205946571 0.5003722652222273 0.5002992403264749 
0.24065664394178538 0.600774342434008 0.5005744192833964 0.499945114942579 0.5003171393069337 0.40009945135818076 0.5000725201914686 0.8103548817043102 0.500432456640782 0.3982726683084879 0.6002376971730902 0.506070310824988 0.4005752468182687 0.5002670563041753 0.5000186860511838 0.40022567504380896 0.5992202927000566 0.6001693999027686 0.4994260448060623 0.5001377420390752 0.5005709151921649 0.49896486618658187 0.40028619377141517 0.4990450985714141 0.5003083948739164 0.6003272424683461 0.5997497346379432 0.5004079462605067 0.5003885603620576 0.5002732866674594 
0.24842720011945843 0.6007743402676907 0.5005508947524838 0.49994511490261284 0.5003171386804205 0.39975970113516573 0.5000725302689832 0.8103548817043102 0.5005029324908259 0.3982726683084879 0.6002382598870214 0.5060702962396436 0.4005761673667272 0.5002670612427935 0.5000186906487027 0.4002901085796626 0.5992251954568008 0.6001623987463464 0.4994218619283457 0.5001377423733283 0.5005709151727631 0.49896465242130694 0.40028635511802135 0.49904509698936195 0.5003102356893814 0.600325649957717 0.5997497360298133 0.5001165705954287 0.5003998290365856 0.5002747900751712 
0.2561123813896087 0.6007743405389254 0.500555842369076 0.4999451140019061 0.500317138671783 0.39975970081253354 0.5000725190704532 0.8103548817043102 0.5005008859506118 0.3982726683084879 0.6002383849696548 0.5060703152778079 0.4005750701360693 0.500267066619929 0.5000186860335472 0.4002901098293611 0.5992251955803378 0.6001624113612006 0.4994218610742517 0.5001377423738341 0.500570915334519 0.49896464408280655 0.4002863569439466 0.49904509845559214 0.5003103249850808 0.6003256448377539 0.5997497343247669 0.500115369481034 0.5003855416336445 0.5002992403264749 
0.2640448553299422 0.6007743405389254 0.5005560781709234 0.4999451140019061 0.500317138671783 0.39975970081253354 0.5000725190704532 0.8103548817043102 0.5005008859506118 0.3982726683084879 0.6002383849696548 0.5060703176762154 0.4005750701360693 0.5002670672823175 0.5000186860335472 0.4002901098293611 0.5992251986788871 0.6001624113612006 0.4994218610742517 0.5001377423738341 0.500570915334519 0.49896464408280655 0.4002861945565075 0.49904517730523734 0.5003103770956697 0.6003256435703734 0.5997497343247669 0.500115369481034 0.5003855416336445 0.5002992403264749 
0.27147008604272754 0.6007743403548669 0.5005479622886436 0.4999451149059486 0.5003171387057771 0.39975970170931235 0.5000725301895473 0.8103548817043102 0.5004329943085117 0.3982726683084879 0.6002383058807637 0.5060703057122281 0.4005763881980756 0.5002670608804296 0.5000186860536006 0.4002915326952673 0.599225195513395 0.6003069696994074 0.4994219721234657 0.5001377232969335 0.5005709153361031 0.4989648539811896 0.4002863681495068 0.49904511878593055 0.5003102342962211 0.6003257122181413 0.599749736067209 0.500114925405029 0.500387686254788 0.5002591948485235 
0.27872468047700405 0.6007895242391268 0.4999710341195004 0.4999773059967967 0.5003168905102116 0.399971057548094 0.5000628794374631 0.5999671340202423 0.5004014611409027 0.49948243757053046 0.600007718601674 0.49971469100023536 0.400059874182991 0.500211694211696 0.5000186869211001 0.40022732054459503 0.5992180083530033 0.6001600180563158 0.4997626210709678 0.5001368392937674 0.5005709302593858 0.49897187549309285 0.4002905440928512 0.4856056871410222 0.5001475046921898 0.6002896458452516 0.5997418970417367 0.5004012883436761 0.5004095824552526 0.5002460778001369 
0.28687731816054346 0.6007743422689477 0.5005744181590482 0.49994511488625326 0.5003171393257224 0.4000987404166206 0.5000724196062875 0.8103548817043102 0.5004327803746316 0.3982726683084879 0.6002377131207041 0.5060703107729748 0.4005752481433322 0.5002670672778519 0.500018686053092 0.40029156365967905 0.5992250030654507 0.6001623065215742 0.4994260432534446 0.5001377224768214 0.5005709153156869 0.49896486515656224 0.4002861937716325 0.49904690311333044 0.500308397291819 0.60032717364988 0.5997499161354218 0.5004056927932383 0.5003722635406915 0.5002998760274768 
0.2943222641158191 0.6008017994720157 0.2994227041198297 0.5994829974449833 0.5003484513976624 0.5968199774551893 0.4016982448964812 0.698909994142339 0.4010782819318233 0.39862346897576406 0.6032727257177315 0.3994512108212847 0.40057939021999345 0.5999519840872394 0.5000051038546753 0.3997708681383921 0.599158307792643 0.8012170992156462 0.2980682108137013 0.4999948186854316 0.500045772514171 0.4988931373536656 0.29970024834626763 0.6000810034499158 0.49742912813657725 0.6002995513646296 0.6000605118267824 0.4004035909194716 0.5008436071148858 0.4994633039447583 
0.3010302990623206 0.6007743360243334 0.500576587761192 0.4999451546771435 0.5003171386721885 0.39976869423089845 0.5000727768394669 0.8103548817043102 0.5004317126119343 0.3982726683084879 0.600238396525702 0.506070318744905 0.4005750570629232 0.500267785484339 0.5000186804860427 0.40029017809052975 0.5992252227834157 0.6001602025877395 0.49942185977790227 0.5001377274559463 0.5005709349044597 0.49896441265415326 0.40028635614461855 0.499044938145238 0.5003102375299929 0.6003258569722648 0.5997497411241814 0.5001152263186731 0.49995098292765455 0.4994760962191011 
0.30963729644103816 0.600774344580474 0.5005548378744887 0.4999778220436217 0.5003072839067161 0.39999135549750464 0.5001509573449373 0.5999605884384871 0.500403379032016 0.49947991748496384 0.6002566054532197 0.4997145104505432 0.4005573638311576 0.5002095346997875 0.5000186871345056 0.4002274771476121 0.5998444909416041 0.6001399560787052 0.49976267219151954 0.5001368422164432 0.500570914753606 0.4989788912068511 0.4002862238689536 0.4856057045877932 0.500138154361894 0.6003253759289771 0.599741667957006 0.5001373459541958 0.5004101803062819 0.5002726837258534 
0.31746709455339645 0.6007732106373397 0.5004880657634402 0.49997730669811863 0.5003060628885462 0.3999678686617044 0.5001697000665268 0.5999650131634205 0.5004014619277465 0.49948224385550666 0.6002093642857069 0.49971436463808927 0.4000598741023331 0.5002094563841187 0.5000186869291551 0.4002274768824302 0.5998374464646336 0.6001680238062558 0.4997825245901502 0.5001369987847881 0.5005709309587363 0.49897749981491196 0.40028609444868973 0.48560568508743424 0.5001379079655074 0.6002889443494123 0.5997421407176093 0.5004204251252939 0.5004102076557263 0.4994459366219514 
0.32463146688139877 0.6007732105345786 0.5004880657634402 0.4999773059437725 0.5003061620949797 0.3999683243743221 0.5001724114071401 0.5999672834897053 0.5004014618898016 0.4994821952238183 0.6002093147634575 0.4997167714926223 0.40005988854462593 0.5002044718625023 0.5000186925646402 0.40022768386870317 0.5998374464646336 0.6001648265964021 0.4997915942865748 0.5001369711498055 0.5005709314713509 0.4989775273288985 0.4002860895670051 0.48560578869518134 0.5001370768604387 0.6002935402166993 0.5997422840449884 0.5004201853993907 0.5004102076557263 0.4994459366219514 
0.33221309593896603 0.6007745522203713 0.5005510901024434 0.49997692871593263 0.5003171386618327 0.39975935747312796 0.5000724118219518 0.8103548817043102 0.5005000195938207 0.3982726683084879 0.6002382584527891 0.5060704624483618 0.40064270114706807 0.5002670853118092 0.5000186862709507 0.4002888558935828 0.5992259837928253 0.6001566710671141 0.4994217787986348 0.5001377329610757 0.5005709153353349 0.49896465224394404 0.40028635467114 0.49904492001995127 0.5002497262457655 0.6002997581504754 0.5997499148098094 0.5001162890572959 0.5003707148739196 0.5002838534642883 
0.3398825966140299 0.6007732104059158 0.4995167708631867 0.4999773060109891 0.5003073358094774 0.3999682475876635 0.500160099246974 0.5999651770044756 0.5004012104388634 0.4994821962819849 0.5999329085638597 0.49971677512808943 0.4000598741846473 0.5002091622404363 0.5000188276410382 0.4002277140291892 0.5998374464746392 0.6003402235337492 0.4997824352956784 0.5001376838002718 0.5005709313158003 0.49897770604508523 0.40028609337451415 0.48560567547330596 0.50013684195491 0.5996332046666182 0.5997419042778472 0.500387793883324 0.5004114252134172 0.49946929487552266 
0.3472978533489199 0.6007743402756076 0.5005540417437614 0.4999451149397414 0.5003171386807747 0.3997597093922308 0.5000725194894784 0.8103548817043102 0.5004268617215776 0.3982726683084879 0.6002377369700416 0.5060704632846879 0.40063982065088405 0.5002670877630582 0.500018684162803 0.4002901085059969 0.5992251854707017 0.6001600222108665 0.49942186107817405 0.5001377255733044 0.5005709153215515 0.4989646438603562 0.4002863574118167 0.4990467751907466 0.5003102350339932 0.6003257118928215 0.5997497360362687 0.5001155231562612 0.500387582527113 0.5002834631834484 
0.35453118679705914 0.6007732160990418 0.5004883603655415 0.4999760888201966 0.5003073380789205 0.39996782343481824 0.500149637256061 0.5999380745930541 0.5004012707884591 0.4994801685423732 0.600012428736665 0.499714524819892 0.40006013791032735 0.5002044009049273 0.5000186923748875 0.40022747747469467 0.5998374464649932 0.600321713310161 0.49979160256064625 0.5001376914215535 0.5005709309519049 0.49897874290866745 0.4002860945400401 0.4856057018256529 0.5001379023045434 0.6002665588866132 0.5997419005038338 0.5004204729127059 0.5004098929955985 0.49946756816173415 
0.3621199201803517 0.600774338466917 0.5005510544004944 0.4999451148789478 0.5003171386726883 0.39975419498398423 0.5000724190919978 0.8103548817043102 0.500432604148364 0.3982726683084879 0.6002382559477039 0.5060704631873705 0.40064015918620344 0.5002670861502548 0.5000186861516797 0.4002901589909732 0.5992200920002705 0.6001659962662467 0.4994261550559543 0.5001377255596088 0.5005709150690112 0.498964868277648 0.40028636719841054 0.4990449089711924 0.5003083898333059 0.6003257120540768 0.5997499161227917 0.5000983656546955 0.5003878151126557 0.5002748563947463 
0.36979185477605747 0.6007743431130939 0.5005497750943018 0.49997717472098974 0.500317138669664 0.3997596197624205 0.5000724319227844 0.8103548817043102 0.5004330147767485 0.3982726683084879 0.6002386456219813 0.5060704626974524 0.40057900189151213 0.50026708490314 0.5000186864798265 0.40022644477232583 0.5992251954563926 0.6001566818607462 0.4994265334025268 0.5001377422857192 0.5005709312093557 0.4989720260044198 0.40028636742871454 0.4990450979476675 0.5003102357539599 0.600325711537758 0.5997497434459966 0.5004075571759352 0.500410193191781 0.5002838082477119 
0.3773164751605603 0.6007743431021385 0.5005497294909367 0.49994515453435445 0.5003171386726848 0.39975416945871856 0.5000727669947682 0.8103548817043102 0.5004330199505211 0.3982726683084879 0.6002382935924833 0.5060704626939482 0.4006442503575387 0.5002670877786275 0.5000186803416736 0.4002901776396623 0.5992252345225653 0.600156349605267 0.49942652734516146 0.5001377422870883 0.5005709347691915 0.4989645046164183 0.4002863674142266 0.49904494201955024 0.5003102357539599 0.6003257110406681 0.5997497410435866 0.5001127407196542 0.5003974897753968 0.5002752064817502 
0.3840394686431007 0.6007921106907087 0.49959144033377156 0.4999762627871901 0.5003070746338509 0.3999736198064127 0.5000751714338296 0.5999383243214419 0.5004012531501737 0.4994822377179676 0.6003510635454488 0.49971447643072053 0.40005978195290826 0.5002209944781436 0.5000187939326268 0.40022748883437853 0.5998376711635017 0.6001603790097564 0.49976920958100557 0.5001377467495388 0.5005709301346232 0.4989735511859218 0.4002869049639963 0.4856057039114985 0.500138168336031 0.5995683423554872 0.5997482274738278 0.5004015107026736 0.5003112483214869 0.4994473159138976 
0.39132619864291657 0.6007922992189021 0.4995686084318056 0.49997650988395476 0.5003061868347322 0.39996648308889543 0.5000781295724335 0.5999670353669675 0.5004012308667894 0.49948224582670164 0.6003675111892521 0.49971668287221155 0.40005988217203897 0.5002043662325509 0.5000188568973549 0.400227555100002 0.5998376335201557 0.6003401425429595 0.49979152884401956 0.5001368452522661 0.5005709309217373 0.4990156600414005 0.4002862219022217 0.4856058151692739 0.5001494110148852 0.5995546332660864 0.5997534371987284 0.5003874928320735 0.5003054299055392 0.49945182782321584 
0.3984695183195785 0.6007727720691663 0.5004974118769637 0.4999763757990371 0.5003074242458083 0.3999657993794169 0.5000736911868305 0.5999672825390048 0.5004013321044015 0.49947973941142665 0.6003275262723032 0.499716973074728 0.4000598924314768 0.5002088273240325 0.5000187679342499 0.40022747510998047 0.5998431623347995 0.6003391127553703 0.49979168053909173 0.5001376265315319 0.5005709314387774 0.5009929144427587 0.40029086221378707 0.48560568183229236 0.5001374593473519 0.6002921804627981 0.5997531793596147 0.5003865934751244 0.5003003736780873 0.49944778774336196 
0.40590560516159113 0.6008076306525095 0.4995846958373972 0.49997811052949664 0.5003061595644822 0.39996544646753046 0.5000750313168012 0.5999400463911726 0.5004012654007537 0.4994822425425885 0.5999565844849631 0.49971451393524813 0.4000598727936829 0.5002090504650452 0.5000188284305267 0.4002274908987026 0.599837448412964 0.6003380950983054 0.4997911262078682 0.5001368158249607 0.5005709301474699 0.5010343083906125 0.40028611756426297 0.4856058158355928 0.5001379823186581 0.6003600355221607 0.5997425976740456 0.5003870886042008 0.5003019400365177 0.4994471952978567 
0.4130823751062384 0.6008071768667667 0.49962885006846075 0.49997611256590013 0.5003060188205166 0.3999736598218723 0.5001496789963279 0.5999361788299664 0.5004026026581887 0.49948006973688275 0.6003662878054934 0.4997145238238481 0.4000601316585256 0.5002072157168709 0.5000187691258343 0.4002274477882129 0.5998374024845665 0.600139879755482 0.4994413817788529 0.500136807458055 0.5005709150709522 0.49897177400460924 0.4002907669292381 0.4856057046754747 0.5001496234652935 0.6002780569252021 0.5997531530721002 0.5003855434074221 0.5003054703719083 0.5002609023143488 
0.42063515813596963 0.600774552839858 0.5005542737835035 0.49994511486586424 0.5003171386626261 0.39975935747312796 0.5000725368978461 0.8103548817043102 0.5005026037623385 0.3982726683084879 0.6002382683794932 0.5060703046749604 0.4006447335212662 0.5002670616125557 0.5000186862709507 0.4002900995777369 0.5992257868681726 0.6001653130285101 0.4994217279799734 0.5001377331477852 0.5005709154997139 0.49896465224394404 0.4002863549562822 0.4990450979608834 0.5002497244979566 0.6002997581504754 0.5997497371308718 0.5001165704674703 0.5003707148739196 0.5002749000949173 
0.42708574915748004 0.6008046805284039 0.5005506630978339 0.49997603375546756 0.5003070917414063 0.39997412164079943 0.5000674282350784 0.5999384878793472 0.5004025952999936 0.4994797838796126 0.600010894820969 0.4997168385720192 0.40006014716079996 0.5002057227872097 0.500018856395022 0.4002289783105211 0.5998450097051511 0.6003423173105197 0.5000150580439799 0.5001376704587132 0.5005709153190103 0.49897335261548426 0.40030868023360433 0.48560580370081957 0.5001488517370275 0.6002765488843695 0.5997487141698461 0.5003864373507725 0.5003112767982965 0.49947947734755527 
0.4344248694803037 0.6007745400880216 0.49960156702798136 0.4999772967926781 0.5003070753425378 0.39996642409889444 0.5000781896735857 0.5999649144659222 0.5004013786750308 0.49948239833145464 0.6002365266705646 0.49971691481960095 0.4000598816308757 0.5002090454085046 0.5000187701919621 0.4002275607393022 0.5998379635324187 0.6003258591530934 0.4998015250852298 0.5001368266790999 0.5005709156581852 0.5010251946392638 0.4002857456095565 0.4856056700754862 0.5001381841832424 0.6002754534987175 0.5997533851792103 0.5003870760426505 0.5004092948752101 0.4994471685281228 
0.44139022218315366 0.6007734077377167 0.5004445279201859 0.4999761800646487 0.5003061310709401 0.39997144413074887 0.5001511925468385 0.5999649213656166 0.5004013570715566 0.4994824148725135 0.6002365679601117 0.49971653195286597 0.4000598812736639 0.5002043008018364 0.5000188246292626 0.40022769062737173 0.5998433213126907 0.600159070476133 0.49978677306113367 0.5001368272016419 0.5005709156996431 0.49897353724172205 0.4003085346679924 0.48560566990489346 0.5001494351771734 0.6002934410659947 0.5997486412314917 0.5004020124719469 0.5004091054819335 0.49944711719413193 
0.4485226936171046 0.6007914523217455 0.5004473786080398 0.499976244542293 0.5003064406401596 0.3999714441290119 0.5001567148935867 0.5999638445586619 0.5004014401343907 0.4994798513094301 0.6002554691394931 0.4997270628633094 0.4000601520467727 0.5002044566859334 0.5000188262930584 0.40022768947623016 0.5998431506151639 0.6001390908039527 0.499786757024331 0.5001368349390445 0.5005709155844539 0.4989735486896497 0.400291740080558 0.4856056690068724 0.5001452976996145 0.6002934442982875 0.5997534165324969 0.5004006556464187 0.5004100854958787 0.4994452240393079 
0.4553514785027151 0.6007727271951406 0.5005758642286406 0.49997649754087864 0.5003059907440888 0.39997365928879053 0.5000738632451461 0.5999672348483572 0.5004026292420358 0.4994821942137324 0.6000114932732596 0.4997165573925739 0.40005990396162366 0.5002072165698866 0.5000188564328086 0.40022732666641625 0.599837376816864 0.6003423173105197 0.5000395087079696 0.5001376704265702 0.5005709308283721 0.498973541442421 0.40030879892798826 0.48560581384262236 0.5001453578606946 0.6003244411909966 0.5997485152237085 0.5003870311164995 0.5003054539122396 0.4994795390587228 
0.46224567881022893 0.6007698735613428 0.5004974473411745 0.4999761304160137 0.5003070211059033 0.39997424517299396 0.5000684408940387 0.5999381015969207 0.5004013902464105 0.4994821403449632 0.6002393253327007 0.4997165449454447 0.4000598556951451 0.5002071770540523 0.5000188808644278 0.40022730331041045 0.5998381628036457 0.600342251763569 0.5000400381618595 0.5001376733847388 0.50057093078836 0.4989760377523874 0.40030791955381717 0.48560580375347634 0.5001485588410786 0.6002765313169595 0.5997419441245937 0.5004026248165229 0.5003112904623918 0.4994477444514221 
0.46905313470475996 0.6007734875106885 0.500549655530506 0.499976113545968 0.5003072779674793 0.3999736186186458 0.5001594236348808 0.5999390957299725 0.5004014206026018 0.4994800747976625 0.6000153114095823 0.4997169099207939 0.4000601369690589 0.500205715485483 0.5000187690548248 0.40022749697771914 0.5998375062652396 0.6003423173105197 0.5000400411360165 0.5001369472053981 0.5005709308847858 0.4989733580579763 0.4002907161340345 0.48560570671771336 0.5001532692714192 0.6003250596822234 0.5997411914577434 0.5003857640752978 0.5003126726298567 0.4994792387590549 
0.4759664161419493 0.6007745375757975 0.5004475077734196 0.49997612447915013 0.5003070001602478 0.39997377581486704 0.5000742417221344 0.5999643010009054 0.5004014183580049 0.49948240766823526 0.6002523121181738 0.49971664985436054 0.4000598495075603 0.5002204551152324 0.5000188558778828 0.40022744260405474 0.599843146342993 0.6001672305391093 0.49979788744737097 0.5001367934453131 0.5005709156548811 0.50103748475092 0.4002857350991318 0.4856058157328582 0.5001461016109437 0.6002754627499216 0.5997534196617003 0.5004020842817106 0.5004146524099493 0.4994474088146732 
0.48274829883196924 0.6007746690926926 0.4996173575925411 0.4999762482322802 0.5003060081182411 0.3999714729167186 0.5000751628294161 0.5999647605855385 0.5004026488530171 0.4994798126932934 0.6003597054389219 0.49972597390912643 0.4000601464870326 0.5002044796002124 0.5000188247546002 0.4002276900461536 0.5998373824690233 0.6001650802422728 0.4997481973951443 0.5001376919871188 0.5005709308564402 0.4989480529983769 0.400290386848288 0.4856058139906986 0.5001379854955691 0.600293437102386 0.5997486595633945 0.500402059605914 0.5003053670795299 0.4994477740313952 
0.48951388580176386 0.6008073574324407 0.49960155624929803 0.4999772956023478 0.5003070753425378 0.39996645187599233 0.5000752170407874 0.5999638033659076 0.5004012528024667 0.4994800659497908 0.6002362939311113 0.4997144511375198 0.4000598726859396 0.5002090454085046 0.5000187701919621 0.4002275629635695 0.5998379882607027 0.6003257522123155 0.4997916514354224 0.5001368266790999 0.5005709301525288 0.49898883964225277 0.4002862556614986 0.48560581668908165 0.5001379502070789 0.599549511860591 0.5997532226983802 0.5003870537321772 0.5003084633055526 0.499447195441757 
0.4962976924546769 0.6007909987501304 0.5004986756910714 0.4999761704706297 0.5003062698606098 0.39997133048560607 0.5001578318430353 0.5999373288357651 0.5004014455243674 0.49948006652726357 0.5999948020550829 0.49971613755827693 0.4000598813259774 0.500209884638932 0.5000188234787574 0.4002277082589613 0.5998372108434532 0.6001596907240999 0.49977073668310085 0.5001368337378018 0.5005709308076888 0.4989735417179962 0.4003077961505793 0.48560567603106936 0.5001456010798598 0.6002924490710682 0.5997418961980853 0.5003841604710274 0.500409119329558 0.4994474702742707 
0.5030307274458896 0.6007746382305273 0.5004471232911919 0.49997615110032445 0.5003060097282268 0.39997168555304285 0.5001543137707871 0.5999650937112612 0.5004013875788945 0.4994798520501293 0.6002562381778135 0.49972653584050997 0.4000598867556477 0.5002048118361447 0.5000187699545814 0.400227650658316 0.5998431690461667 0.600158811112072 0.49978679596878345 0.5001376904357134 0.5005709170457207 0.49897355582547903 0.40029039389414045 0.48560581090772936 0.5001380195365597 0.6002918559658706 0.5997483786077465 0.5004019997755509 0.500408308735421 0.49944548115393095 
0.5095730375309623 0.6008094658040276 0.4999997547486779 0.4994736387786153 0.5003074569305134 0.39997377757410224 0.5000792180979321 0.6996175495034145 0.5004690406794088 0.49947975030430874 0.6003296547985623 0.49972198860435035 0.4000552442150021 0.5002204124990222 0.500019265093625 0.40029084305151996 0.5863930050154426 0.6003282196543541 0.4997561586091764 0.5001272539903974 0.50057080893684 0.4989731524511155 0.40030670733734425 0.6001227368163933 0.5001335339366593 0.6002723446265784 0.5997599005380855 0.5004158148211404 0.500410007940149 0.49944738389667404 
0.5162066491916134 0.6008056633958969 0.5004965069532791 0.4999761248790102 0.5003065579119796 0.3999716233579232 0.5000713170377891 0.5999649278699538 0.5004013601184585 0.49948007085612534 0.6002390897138103 0.49971654173221863 0.4000598555184324 0.5002045355709803 0.5000303606498171 0.4002273024799499 0.5998433341191717 0.6001593557380331 0.5000473971848107 0.5001376735400802 0.5005709308533689 0.49897607411398254 0.4003079062991585 0.4856058128437399 0.5001378320560944 0.600291080620105 0.5997478582268821 0.5004014401894256 0.500410534184278 0.4994775860454335 
0.5228412598833196 0.6007708236598859 0.5004631946059942 0.49997624453250367 0.5003073417023516 0.39997380717385683 0.5001566877229467 0.5999643534408043 0.5004026510627712 0.49947984668346473 0.6002557951848343 0.4997265501408167 0.40005988118168484 0.5002027523206843 0.5000188291330938 0.4002274982439593 0.5998432098104876 0.6001393106220168 0.49979121621204353 0.5001367762476933 0.5005709171002026 0.4989735109344263 0.4002903267073416 0.48560566901210417 0.500137545479671 0.6002958055125052 0.5997533852339405 0.5004018022597194 0.5004100430295103 0.4994473376618224 
0.529315373038019 0.6007734869632517 0.5004543394284976 0.4999761290535111 0.5003073397210493 0.3999737767069302 0.5001575549102596 0.5999643498969399 0.5004014170336797 0.49947983761895665 0.6002562381778135 0.4997264327081226 0.4000601441747117 0.500220566126614 0.5000187943497499 0.4002274967430107 0.5998432086423973 0.6001592669268317 0.49979265387284044 0.500137599206158 0.5005709164003398 0.49897166268167364 0.40029032599958586 0.48560581656853724 0.5001534655080625 0.6002746668167036 0.5997484689997609 0.5004013235667044 0.5004052987086007 0.4994476266826728 
0.5359277171226218 0.6007881346820401 0.5004961281701577 0.4999764694454881 0.5003173286313206 0.39997394027920247 0.50007005542493 0.599935051418355 0.5004026741152136 0.49948238551197816 0.5999401641450435 0.4997165705295119 0.4000601472503675 0.5002198403008109 0.5000187505164588 0.40022760954198344 0.599843798671027 0.6003024217843187 0.49977029513971083 0.500138022257106 0.5005709333086346 0.4989733591326762 0.4003084484048115 0.4856058147264758 0.5001459769122243 0.6002928428588601 0.5998178985386713 0.5003857608674517 0.5004102290207892 0.4994802825281748 
0.5421911380046667 0.6008057128084593 0.5000172180260092 0.49997793183932643 0.5003065760640131 0.39997359077212674 0.500070045524992 0.5999408222731438 0.5004026256207745 0.49947991983992185 0.600327378488684 0.4997150201990227 0.4000601550172751 0.5002044861447719 0.5000187654757633 0.40022730639311943 0.599844874321264 0.6003495200261973 0.4997756289778424 0.5001376699920157 0.5005709308710199 0.4989733532470344 0.40030751907462636 0.4856058160423501 0.5001485412503378 0.6002911247211604 0.5997535208695597 0.5003841558933463 0.5004107868769746 0.4994477740461089 
0.5487192578055693 0.6008085803316664 0.5004941770245089 0.49997612788256324 0.5003175652049529 0.39997397225759146 0.5001565866200214 0.5999650907424033 0.50040135940336 0.49948007495203767 0.6002398327986731 0.49971657326702895 0.4000598598835954 0.5002043084623323 0.5000187227086146 0.4002288522183066 0.5998433403428849 0.6001426464058432 0.5000514670707644 0.5001368757774697 0.500570930853985 0.49897321702461855 0.4002875252691768 0.48560581034598244 0.5001379584665085 0.6002926459718649 0.5997535784857029 0.5003853811691592 0.5004097664702868 0.4994792919475359 
0.5545026625654327 0.6007726734360767 0.5004503141906524 0.49997618374266345 0.5003065697652498 0.3999717299208532 0.500070582639992 0.599965107516477 0.500401420133122 0.499479851873239 0.6002607788325175 0.4997162606820686 0.4000601410423555 0.5002048149582005 0.5000187701317764 0.40022730639311943 0.5998376295766743 0.6001653368429734 0.49977031355365326 0.5001377062588395 0.5005709308718627 0.49897355520839326 0.4002884368638104 0.4856058160423501 0.5001368318730899 0.6002918610886442 0.5997483845261323 0.5004021951695102 0.5004102611359257 0.4994455012424283 
0.5612763913168135 0.6007879184480345 0.5004960112523111 0.4999764694454881 0.5003173286313206 0.39997394027920247 0.5000623253772385 0.599935456271757 0.5004026741152136 0.49948238551197816 0.5999401641450435 0.49971663194848914 0.4000601472503675 0.500220148185785 0.5000187508409611 0.4002276095523005 0.599843798671027 0.600302442494887 0.4997703185836498 0.5001380158657354 0.5005709333097343 0.49897336025823075 0.4003084484048115 0.4856058129440314 0.5001459769122243 0.6002742635987024 0.599744727030421 0.5003857608674517 0.5004102337866739 0.49947947365271356 
0.5676945755450857 0.6007726734360767 0.5004503141906524 0.4999761833205406 0.5003065697652498 0.39997399143870804 0.500154351857813 0.5999649389768563 0.500401420133122 0.49947985418426977 0.6002394238521964 0.4997162638857933 0.4000601463243458 0.5002043030122337 0.50001876993393 0.40022730639311943 0.5998433432841709 0.6001653368429734 0.4997703174161923 0.5001377120465537 0.5005709308712534 0.49897338688734705 0.4002876843991384 0.48560581603390335 0.5001373599944563 0.6002918610886442 0.5997539182550881 0.5004015483368117 0.5004102677564435 0.4994455012424283 
0.5738451709476777 0.6008044792370756 0.5000320107437723 0.4994663450044997 0.5003172255296086 0.39997394027920247 0.5000790832493008 0.5999385574672914 0.5004012730256494 0.499473550789386 0.5999401641450435 0.4997165705295119 0.4000598683807655 0.5002199506481186 0.5000190738647577 0.4002276103794356 0.599843798671027 0.6003025842936036 0.5000758552768958 0.5001193642200706 0.5005709308719438 0.49897335915024543 0.40030781994469605 0.48560581265617847 0.5001459769122243 0.6002924954718585 0.5997580405932275 0.4996640242535372 0.5004102290207892 0.4994793153628317 
0.580061095143728 0.600805958172882 0.5004968672282245 0.4999779465087004 0.5003061461927778 0.3999743728010612 0.5001574160684618 0.5999672033619922 0.500401389110899 0.4994800663856128 0.6002402528327502 0.49971654168306023 0.4000598886912036 0.5002066812140442 0.5000188247913924 0.4002274656155605 0.5998431696822412 0.6001609515635404 0.5000466674561314 0.5001376519714464 0.5005709305260547 0.49897343629782687 0.40030825689496957 0.48560581804603226 0.5001495700493994 0.6002924374215329 0.5997528741671296 0.5004014401928443 0.5004104295604351 0.49947769269864306 
0.5863497168694136 0.6007927991906904 0.4996547092710314 0.49947617312111936 0.5003215671951823 0.39998244014256606 0.5000787673248671 0.6996180749037071 0.5004691888106991 0.49967307196698596 0.5999774834483678 0.49959613684755605 0.4005755033935731 0.5000273614835237 0.5000177942996241 0.400292993544838 0.5863930936431341 0.6003293354322313 0.5000671654778507 0.5001211665390413 0.5005708212426904 0.4989691988058405 0.39998738680358426 0.6001354622241003 0.5002198107659025 0.6002738757107227 0.5998112929767065 0.49964052677870213 0.5004420320122709 0.4994454196398445 
0.5923442007428058 0.600792593905708 0.4999873861511968 0.4994769315574406 0.5003218276120261 0.39997842189250254 0.5000785597477586 0.6996184403556236 0.5004690593746932 0.4996729384292471 0.5999786642202655 0.4995955130262566 0.4005750921674839 0.5000280379093153 0.5000176212488536 0.4002932172190866 0.5863930039583267 0.6003291929002013 0.499655292957655 0.5001204755168107 0.5005708180046857 0.49896923211444033 0.3999826794516756 0.6001226197253969 0.500219413063881 0.6002732213516638 0.5998192034264335 0.49965685359698836 0.5004422227118145 0.49944541964145944 
0.5983521693415812 0.600792593905708 0.4999873861511968 0.4994769315574406 0.5003218297800045 0.39997842189250254 0.5000785589289468 0.6996184015994364 0.5004690593746932 0.4996729384292471 0.5999786170784256 0.49959557714346303 0.4005750921674839 0.5000280379093153 0.5000176212488536 0.4002932172190866 0.5863930000051043 0.6003291929002013 0.499655292957655 0.5001294464292128 0.5005708203256989 0.4989692446848241 0.3999826794516756 0.6001226197253969 0.500219413063881 0.6002732213516638 0.5998192134007484 0.49965685359698836 0.5004422228406734 0.49944541942927445 
0.6044105756487692 0.6007918790444186 0.49965471288242463 0.4994767309011441 0.5003204689744369 0.39997833125797033 0.50007833959802 0.6996184143258107 0.5004689903770814 0.4996579047007188 0.6002502915953325 0.4996106256907751 0.40057535850914094 0.500027355465607 0.5000176719708826 0.4002959544172038 0.5863930029954721 0.6003288883029626 0.5000798576492135 0.5001192444224223 0.5005708128328701 0.49896907482722314 0.39997001442513086 0.6001226716616611 0.500219734275158 0.6002741343983213 0.5998173456271121 0.5001469598762937 0.5004415601625244 0.49944542284293564 
0.6104989270345587 0.6007925857960218 0.49998723536184203 0.49947692989082376 0.5003218170361543 0.39997851523933875 0.5000764837133471 0.6996183927074854 0.5004690536809803 0.49967307274681916 0.5999779624628444 0.4995955130262566 0.4005753887639712 0.5000273617857075 0.5000176206202902 0.4002932172190866 0.5863930053304572 0.6003291932845912 0.49965527508789026 0.5001291057928291 0.5005708173240784 0.49896910268819333 0.3999826794516756 0.6001226197253969 0.500219413063881 0.6002732246727001 0.5998191998264791 0.49965685359698836 0.5004422082359835 0.49944541964147054 
0.6167388862379636 0.6007726722198965 0.5004949288581041 0.4999755723362086 0.5003061360094185 0.39996806118237765 0.5000789400648475 0.5998554119124214 0.5004055633865048 0.49967260168011385 0.600240309280331 0.49960298907795925 0.400059891032037 0.5002198174468112 0.500018751545029 0.4002285205121256 0.5998463772765973 0.600162152183829 0.499774867630575 0.5001377115722916 0.5005711967634653 0.49897332859754845 0.39972349344200814 0.48560553782206617 0.500223463867602 0.600293703690493 0.5998178971926287 0.5004017790325054 0.5004098028134154 0.4994447611077356 
0.6223743219225145 0.6007925760309625 0.499984589107027 0.49947668631423425 0.5003217821854529 0.4001869425973232 0.5000790525067714 0.6996180679951602 0.5004689918193329 0.49948091609773926 0.5999777971703589 0.49992663684697003 0.4005754136839992 0.5000273619816813 0.5000176379527331 0.4002926701347415 0.5863930056177155 0.6003291822419196 0.499655528542647 0.5001209950523072 0.5005708150170058 0.4989691349844253 0.3999877557761314 0.6001227469956905 0.5002194412358856 0.6002730861977851 0.5998187743408467 0.4996736524679926 0.5004421678875028 0.49944541967198985 
0.6283464011265257 0.6007927301535297 0.49965492052967425 0.49947618439290653 0.5003205080132518 0.3999831948335869 0.5000789073039118 0.6996180720903246 0.5004689830148219 0.49965752657384405 0.5999849965921992 0.499949662157682 0.40057501383773786 0.5000273621295782 0.5000193777690679 0.4002929254038491 0.5863929493312072 0.6003292058595001 0.49963355156201417 0.5001192447688663 0.50057080829426 0.4989692545434371 0.3999880003703308 0.6001212971673465 0.5002194542760791 0.600273861425811 0.5998111456402955 0.49964015219954105 0.5004421931625931 0.4994454194551237 
0.6341872702066138 0.6007925916636566 0.4996492108906216 0.4994769265193134 0.5003229353479226 0.3999715013983046 0.500078859269766 0.6996183977595297 0.5004699591780343 0.4996597960105501 0.5999725000723843 0.4999369867799643 0.4005750889313272 0.5000282246492722 0.5000177809875599 0.400226844719884 0.5863930050105838 0.6003291917960696 0.4996592111938123 0.500128860325882 0.500570844686369 0.4989694312714549 0.40032680749520677 0.6001226417104748 0.5002194139946449 0.6002739945945551 0.5997533459046673 0.4996789852264754 0.5004101454263292 0.49944773815989346 
0.6399162904424347 0.6007925912407965 0.5000005757599132 0.4994769315262883 0.5003217173027534 0.39997848877432374 0.500078908484387 0.6996183977761492 0.5004689974221017 0.4996710825669343 0.5999786386888246 0.4995942084731954 0.40057508902033506 0.5000273582670023 0.5000177818574492 0.4002927976329389 0.5863930038717048 0.600329191774197 0.49964720441664123 0.5001193426923769 0.5005708187963358 0.4989692683797188 0.3999803087704459 0.600122641754698 0.5002256694419834 0.6002741154274845 0.5998229518961941 0.4996790898836826 0.5004416436591608 0.4994454196816615 
0.6456955203420683 0.6007927301535297 0.49961096681443673 0.49947692544639355 0.5003193521474826 0.3999784214867702 0.5000789710458987 0.6996180507142549 0.500468987742804 0.49967300100601464 0.5999886829923046 0.4999544029450582 0.40057539288585686 0.5000273621209466 0.5000193852129166 0.4002932117083249 0.5863930053867089 0.6003291927140663 0.49965513142054996 0.5001185423852322 0.5005708173797048 0.4989690967291262 0.3999878547328269 0.6001226247908302 0.5002194546207807 0.6002741392481683 0.5998115364042796 0.4996406608374641 0.5004416433445044 0.49944541945509147 
0.6513716244183387 0.6007934072294985 0.4996552257690686 0.49965454876976445 0.5003210663250881 0.4001173367557848 0.5000789791095546 0.6996184152669409 0.5004690062755749 0.49967006166683775 0.599975193696783 0.49961122637371314 0.40057538108354224 0.5000274061350706 0.5000192981821779 0.4002929312676585 0.5863930049646443 0.6003291855292933 0.49965500930541296 0.50012102247354 0.5005712076812823 0.49896926725065655 0.39972730219469615 0.6001228299457807 0.5002257811254326 0.6002730542059539 0.5998231487422107 0.49967364123500174 0.5004417519986119 0.49944541983238183 
0.6571492382842776 0.600792795910083 0.49961151124544284 0.499476691742477 0.5003215719302146 0.39997280389451034 0.5000788954752744 0.6996180499735032 0.5004689832077499 0.4996698925548231 0.5999777188309792 0.49994251790785116 0.40057538400218434 0.5000272412268306 0.500017665589413 0.4002929950959167 0.5863930927094374 0.6003293359482085 0.4996443439882478 0.5001207548681179 0.5005708087342873 0.49896924877405646 0.39998762741995075 0.6001226412112187 0.5002198146069676 0.6002738747233747 0.5998101499786387 0.5003689228344841 0.5004420340145174 0.4994454196350273 
0.6627896871524084 0.6007897637146825 0.4996110827729093 0.49947616683092527 0.5003197533268399 0.4001101482126871 0.5000837804879418 0.699618402070952 0.5004689901473814 0.49966725893960034 0.5999734733697302 0.4996151789943383 0.4005753820444462 0.5000244020122369 0.5000176659810657 0.4002952324127977 0.5863930899264261 0.6003291385771236 0.5000849592964484 0.500119111552061 0.500570810703113 0.49896953053459703 0.39998325360582143 0.6001212857831048 0.5002194862814859 0.6002742694352703 0.5998170281111573 0.4996794638542947 0.5004417080986966 0.49944541554352445 
0.6684098360167933 0.600792793423669 0.4996547022289229 0.4994766996813817 0.5003218179465657 0.399978381848011 0.500079000740713 0.6996180780770144 0.5004691888106991 0.4996757075268048 0.5999791072261272 0.49959647401249546 0.40057543402983203 0.5000273616874521 0.500017778708687 0.40029278110864175 0.5863930040183112 0.6003290176263821 0.5000671654778507 0.5001211676839917 0.5005708135249946 0.49896953941635663 0.3999870995860313 0.6001364837149474 0.5002194533320921 0.6002738873397693 0.5998116940126601 0.4996754293670494 0.500442212401887 0.49944541963406996 
0.6738493022099068 0.6007927979097446 0.5000128234520588 0.4994766990572045 0.5003217889060321 0.3999785176923123 0.5000765168973481 0.6996180956101192 0.5004689894726553 0.49967108427824786 0.6000010934152857 0.49959403152514825 0.40057538894346256 0.500027362468509 0.5000176617757023 0.40029279367940734 0.5863930049716055 0.6003291822059136 0.4996590291690987 0.5001296864314292 0.5005708173196216 0.4989692678708394 0.39998456983832686 0.600122687887936 0.500219440937489 0.6002731613242034 0.5998190425097341 0.4996747512018507 0.500442036105446 0.49944542007501636 
0.6794736708455674 0.6007927967770383 0.49965100617237956 0.4994766873478388 0.5003215766177074 0.400186004967665 0.5000790494689067 0.6996180587722521 0.5004690477787416 0.4996672455602506 0.5999777188309792 0.49994134933507206 0.4005753921071523 0.5000272391235125 0.5000176670233716 0.40029299500583193 0.5863930927166776 0.6003291933769187 0.49965543457239986 0.5001206078582264 0.500570808857051 0.4989692372013828 0.3999877557315626 0.6001226176728235 0.5002251350644548 0.6002730552335291 0.5998187397363297 0.5003695396688326 0.5004420340446414 0.4994454196378356 
0.6849103006060985 0.6007927263464697 0.499611506797126 0.499476900928434 0.500319747562037 0.39997771130066817 0.5000788777971644 0.6996184385530181 0.5004691710718282 0.49966672483871755 0.5999745328198712 0.4999417896704753 0.40058322865092577 0.5000275055216166 0.500017647451051 0.40029279206818463 0.5863930889269036 0.6003290225671026 0.49965900858901724 0.5001197700659691 0.5005708142304036 0.4989694600428189 0.39998129103673435 0.6001224487494551 0.5002198162755108 0.6002741295842176 0.5998170239014763 0.4996644218770484 0.5004415335814747 0.49944541945498605 
0.690366433437816 0.6007670971537504 0.2998676031598318 0.49965834398823405 0.5003228306537115 0.40005650225105877 0.5000411426207487 0.6996148875347582 0.5005629172213216 0.39963873414674067 0.6002810128814012 0.39872725814055426 0.4005776492926803 0.5001269250193975 0.50001746492347 0.4002966766901063 0.5993480434742936 0.6003269138146654 0.3881449445725346 0.5001536145092045 0.5006477024564918 0.4989617340424486 0.39973490318389604 0.6001216195863506 0.49991672505351264 0.6003029813302191 0.5996913809745665 0.500232945986374 0.5004660226320945 0.4996630959887216 
0.695791937503303 0.6007897637146825 0.4996110827729093 0.4994761617377124 0.5003197533268399 0.4001101482126871 0.5000838569866799 0.699618402070952 0.5004689901473814 0.49966725893960034 0.5999734733697302 0.4995950374713486 0.40057538163598794 0.5000241557372406 0.5000176659888675 0.4002929810633329 0.5863930899264261 0.6003291385771236 0.5000849592964484 0.5001191116350467 0.500570810701286 0.4989694634259137 0.39998325360582143 0.6001212857831048 0.5002194862814859 0.6002742694352703 0.599816997351919 0.4996794638542947 0.5004420083520783 0.49944541554352445 
0.7007577399231764 0.6007656938888698 0.2998676031598318 0.49965829818464275 0.500322457895784 0.4000591855591586 0.5000581122250557 0.6996133677923737 0.5005628602406926 0.39963873414674067 0.6002819764984784 0.39873003186267614 0.4005776492926803 0.5001269250193975 0.50001746492347 0.4002966766901063 0.5993480434742936 0.6003269138315254 0.3881449445725346 0.5001536194807967 0.5006477030434539 0.4989617340424486 0.39973490318389604 0.6001216195863506 0.4999149310838085 0.6003029592840402 0.5996914381761749 0.5002329526710179 0.5005606040749326 0.4996629550349729 
0.7068570222045606 0.6007705718695073 0.500025514705892 0.49947691988427745 0.500321231307392 0.3999715379994753 0.5000832426653459 0.6996184004776399 0.5004701031744102 0.49946765367715523 0.5999790794138014 0.4999402736736393 0.40057533902326653 0.5000244613110049 0.5000177102887539 0.400294187374023 0.5863930040585659 0.6003214379558101 0.4996469486860704 0.5001195202239473 0.5005709617786354 0.49896919019434915 0.39998250723006085 0.6001226414622911 0.5002198323769337 0.6002741337878671 0.5998103756936853 0.49959934598069744 0.5004416981272409 0.4994454171102986 
0.7118442844677749 0.6007927114230501 0.4996352195117028 0.4994763178137969 0.5003210545839624 0.39997472226692826 0.5000789617229418 0.6996183954591542 0.5004698072722354 0.4996757085912613 0.5999776556182304 0.49961111738805264 0.4005749892879588 0.5000273616856951 0.5000176685139867 0.4002929351327101 0.5863930026653151 0.6003290173753146 0.5000978690692599 0.5001192478084541 0.5005708083263596 0.4989694532041541 0.3999813538125581 0.6001226364427192 0.500219455368517 0.6002738741901874 0.5998110143995821 0.4996737413184321 0.5004421894679161 0.49944542096298794 
0.7168052502030804 0.6007670939761888 0.2998674980514743 0.49965862529476546 0.5003224744865796 0.4000577311703784 0.5000412456453175 0.6996150894491004 0.5005646882685276 0.39963873414674067 0.6002958306516786 0.398727312670534 0.4005990473183534 0.5001278211440673 0.500017464997946 0.4002303577267808 0.599348038666985 0.6003269180237528 0.3881449445725346 0.5001536078165347 0.5006476699499071 0.4989703327058509 0.3997348183639252 0.6001344232618564 0.4999148851367781 0.600302981327863 0.599692317677918 0.5002585418666035 0.5004593563547448 0.4996628973565326 
0.7223261336432204 0.600769750673747 0.4996519241895323 0.4994769298568568 0.5003215890394711 0.40011228432802637 0.5000838601134702 0.6996183909953907 0.5004691796111829 0.4996701929980399 0.5999737682675632 0.4995955193613642 0.40057567901486885 0.5000272381780687 0.500017685991815 0.40029296322793967 0.5863930349355027 0.6003291906765874 0.500088426368845 0.5001191265944385 0.5005708123141009 0.4989695291671581 0.39998127029645647 0.6001226130364369 0.5002252300222444 0.6002741340645498 0.5998226932876869 0.5003836311441947 0.5004420185518109 0.4994454196839701 
0.7274517302870228 0.60079272482967 0.4996185325158718 0.49947685406520176 0.5003218308716104 0.3999774606597748 0.5000795895025831 0.6996181429897558 0.5004691770468386 0.49966999208800683 0.5999858052311624 0.49973695891947156 0.4005769066348111 0.5000273320706308 0.5000177051380507 0.40029170274715925 0.5863930034605264 0.6003292013943474 0.5000889831280143 0.500120766064657 0.5005708116774279 0.49896919769058334 0.3999872219503595 0.600121332272521 0.5002197234144232 0.6002741272697362 0.5998112412306157 0.5004044879253674 0.5004415579342226 0.4994454203322265 
0.7326702521712126 0.6007697923461912 0.49961175183266987 0.49947664590080243 0.5003215946433025 0.39997855201322885 0.5000838603204226 0.6996183899768029 0.5004691702599576 0.4996701463940855 0.599975174715264 0.4996111418604506 0.4005781630250349 0.5000275036719986 0.5000176888395639 0.40029295517071173 0.5863930347683302 0.6003292005712978 0.5000851916304346 0.5001197696310566 0.5005708755378139 0.4989694588018975 0.3999813484106111 0.6001353378385161 0.5002197404870972 0.6002741340198312 0.599816906032147 0.49966695426271107 0.5004420210463519 0.4994454198062938 
0.7379088050824643 0.6007907007890027 0.49965481910291554 0.4994768993564523 0.5003213484117481 0.39997836489373056 0.5000838598791869 0.6996184014863216 0.5004691702510855 0.4996668040484883 0.5999752962939218 0.4996111392587682 0.4005754435899422 0.5000241123396932 0.5000176891678422 0.40029278067565705 0.5863930040190559 0.6003289720620327 0.5000783030989239 0.5001197696310566 0.5005708750708106 0.49896951866470846 0.3999787032499517 0.6001211250581955 0.5002197269436061 0.6002741340414965 0.5998169089336707 0.4996601681844731 0.5004420183428447 0.4994454153733313 
0.7428970398815289 0.6007922696448381 0.49965225752303205 0.4994766873478388 0.5003215766137203 0.40019259404818813 0.5000838819660322 0.6996180753782525 0.5004690200976378 0.4996701776895458 0.5999776379583641 0.49961344421388315 0.4005781329276011 0.50002738333931 0.5000176915437798 0.40029295901641826 0.5863930348003242 0.6003292006116733 0.5000724039346235 0.5001205793268867 0.5005708100248224 0.49896923454105835 0.3999877557315626 0.6001354377980015 0.5002196498537993 0.6002730981444406 0.59981718080441 0.5003711723296793 0.5004416805867108 0.4994454196321206 
0.7478085045644159 0.6007921181142637 0.4996579043563556 0.49967783704679325 0.5003228316015206 0.3999759164476872 0.5000785732318892 0.6996184015143235 0.500469172674203 0.4996667960597008 0.6002931484439377 0.49961101091042864 0.4005981937298688 0.5000273248308242 0.5000176833184784 0.4002951148933695 0.586393087805521 0.6003290223893032 0.5000825263708951 0.5001191867054716 0.500568567261214 0.49896915393173596 0.3997350957926775 0.6001220142600865 0.5002309064065903 0.6002741340390433 0.5998111715768317 0.4997034716760092 0.500441536761006 0.4994454200496078 
0.7532336198300605 0.6007697923461912 0.49961211782046866 0.49947664590080243 0.5003215946433025 0.3999782444799208 0.5000786878393605 0.69961838913071 0.5004691701282177 0.4996667613291659 0.599975174715264 0.4996110010537364 0.40057582571280215 0.5000275036719986 0.5000176868812172 0.40029295568945406 0.5863930345875142 0.6003292004149389 0.5000851620497141 0.5001191818387738 0.5005708787617057 0.4989694575176556 0.3999786089964547 0.6001348667591709 0.5002201165890515 0.6002741340390938 0.5998172869034126 0.4996644133238404 0.5004415394722225 0.4994454198011894 
0.7578885253013234 0.6007682897090456 0.2998678918148225 0.49965823567635814 0.5003229772002845 0.40005878589440785 0.500058344647229 0.6996132287922288 0.5005649319228436 0.49766795276039677 0.6002886234103038 0.398725005533415 0.40059872483851516 0.5001274445284454 0.5000174650189139 0.40029971667477837 0.5993480313580001 0.6003274335945162 0.3881449445725346 0.5001219098117815 0.5005685771466879 0.4989701293012343 0.39973571312652983 0.6001226388306165 0.4999158144724577 0.6003030640612301 0.5996928454983388 0.5003007553938137 0.5004545956517136 0.500013499817044 
0.762849122665352 0.6007671658470392 0.29986760324131606 0.49965860069538903 0.5003224527956842 0.4000559853783531 0.5000411785517461 0.6996133666498993 0.5005629854273274 0.3996387409232626 0.6002809447567781 0.3987274424736773 0.4005998409973401 0.5001277672492606 0.5000174649680367 0.4002986227035809 0.5993480434687649 0.6003269138315447 0.3881449445725346 0.5001215178706325 0.5006477014168299 0.4989692002518732 0.39973466859932216 0.6001226318440325 0.49991486074857655 0.6003029813302796 0.5996921234579814 0.5002329828300331 0.500466069154234 0.499663091230012 
0.7678767384252078 0.6007670940801242 0.2998674980514743 0.49965860495026015 0.5003224744865796 0.4000577311703784 0.5000523547665325 0.699613383170104 0.5005646882685276 0.39963873414674067 0.6002958306516786 0.398727312670534 0.4005990473183534 0.5001278211440673 0.500017464997946 0.4002303577267808 0.599348038666985 0.6003269138021026 0.3881449445725346 0.5001536145816929 0.5006476699499071 0.49897031354978344 0.3997348245133609 0.6001342832507122 0.49991485754305526 0.600302981327863 0.599692317677918 0.5002585418666035 0.5004593563547448 0.4996628946849369 
0.7726619017537761 0.6007682571920925 0.29987967369800966 0.49966077168418505 0.5003204139421323 0.4000577087712986 0.5000417052123596 0.6996148863156961 0.5004762986794429 0.39963875319809045 0.6002877950079605 0.39868305628926265 0.4005990189307707 0.50012768205468 0.500019811702326 0.4002323105261434 0.5993482734941729 0.600326913514253 0.3881449445725346 0.5001536300742212 0.5006477022432592 0.4989698426798699 0.3997348275395128 0.6001213523729808 0.49991603017312064 0.6003030738882696 0.5996915302331729 0.500250205488695 0.5004846436555664 0.49968100148686084 
0.7774363550107335 0.600794668246998 0.2998676987181003 0.4996584501936299 0.5003221596781076 0.40005597891373246 0.500040545545318 0.6996133659412909 0.500563041939556 0.39963845096593686 0.6002887860549396 0.3987302063444214 0.4006003068635603 0.5001151318424386 0.5000175717647607 0.40023222188210256 0.5993480409051366 0.6003269179057901 0.3881449445725346 0.5001215169705486 0.5006476595774748 0.4989653566754693 0.399731113100567 0.6001217560181509 0.4999146886729055 0.600302981771808 0.5996921115512053 0.5002328438250369 0.5004669765450624 0.49968156758368115 
0.7822397671800687 0.6007671659205961 0.2998501067315533 0.4996584965636218 0.5003232528828307 0.40005596504808044 0.5000411785517461 0.6996134591571523 0.5005629334503158 0.3996387409232626 0.6002876080198742 0.39872744424731116 0.4006003368221669 0.5001280102551445 0.5000174649680367 0.40029855300718425 0.5993489921611905 0.6003269141333111 0.3881449445725346 0.5001215178706325 0.5006476644447428 0.49896999698006655 0.39973466858499085 0.6001225965667027 0.4999148189506592 0.600302981327863 0.5996921234723515 0.5002343492236963 0.500466069154234 0.49968156741882774 
0.787037031801486 0.6007671685182069 0.30004162007917284 0.4996605677886085 0.5003489601469295 0.40012050760522705 0.5000524314014345 0.6996144433444965 0.5005367022696532 0.39963875953641803 0.600288036854896 0.3986531852269474 0.40059896697942127 0.5001277580267023 0.5000174471321133 0.40023289941991946 0.5993477239561362 0.600326913439123 0.3881449445725346 0.5001535590242205 0.5006476645014454 0.49896172850608855 0.3997348323260794 0.6001224747748932 0.49991605633574415 0.6003024989443856 0.599690818810078 0.5002499043079849 0.4997211650542218 0.4996810783153415 
0.7917247546287678 0.6007671471029915 0.3000480242385757 0.4996581143525882 0.500348770336646 0.4001199027651348 0.500052056958869 0.6996148601897471 0.5005365975737361 0.39963840725288796 0.6002881872638102 0.3986531852730093 0.40059695522205835 0.5001170047139257 0.5000199822149484 0.40023291214842 0.5993489591499496 0.6003269134432202 0.3881449445725346 0.5001535608552666 0.5006476645250665 0.49896122962267225 0.3997348322161802 0.6001353912965015 0.4999158196431426 0.6003023137227891 0.5996915280600983 0.5002499037345659 0.49972116449322107 0.4996819780984319 
0.7964308173076498 0.600794668246998 0.2998808119871691 0.49966065729618653 0.5003187878377755 0.40011133091823864 0.5000526509026115 0.6996138059865592 0.5005361493103447 0.3996384491703714 0.6002887860549396 0.3987300794268332 0.40057850773907044 0.5001167954105771 0.5000199558969531 0.40023236649717436 0.599349094854192 0.6003269137938847 0.3881449445725346 0.5001535620329874 0.5006476581225495 0.4989652660306279 0.39973100287992125 0.6001353912696826 0.4999149319868066 0.6003029957631768 0.5996921117338799 0.5002578084458168 0.500487058386553 0.49968156758368115 
0.8012597627243991 0.6007670967692182 0.2998674953934055 0.49965634069884135 0.5003232446474953 0.400057731132294 0.5000526085100135 0.6996148876221034 0.5005646881104222 0.3996384489031911 0.6002887870175422 0.3986824150354323 0.4005989939026829 0.5001167759221321 0.5000174507793292 0.4002296988014158 0.5993480591896443 0.6003269137712458 0.3881449445725346 0.5001536279562024 0.5006476610562609 0.49896150774961195 0.3997348230981955 0.6001363669405444 0.49991483712644325 0.6003030670874976 0.59969078005596 0.5002588617837931 0.4997201653468768 0.499662964336045 
0.8057827645083165 0.6007657246743292 0.29988392408695436 0.49966141567159944 0.5003189008895756 0.4000591279359458 0.5000581581041246 0.6996137919424332 0.5005356574186131 0.3996389211249243 0.6003012853148274 0.3987300479354515 0.4005789195452225 0.5001274989164182 0.5000199992120705 0.4003056207661506 0.5993476413528877 0.6003269355772805 0.3881449445725346 0.5001535571219314 0.5006476652664655 0.49896535310095547 0.39973506238816325 0.6001351674246278 0.49991495680990145 0.6003029591952331 0.5996914416424117 0.5002356543934708 0.5005606582767104 0.49967235863597337 
0.8104029262901239 0.6007671685182069 0.299878851525092 0.49966056780254897 0.5003489601469295 0.40005000568088767 0.5000524314014345 0.6996144433444965 0.5005366806907598 0.39963875953641803 0.600288036854896 0.3986531852269474 0.400598970375225 0.5001277578709171 0.5000174656434723 0.40023289941991946 0.599347723613219 0.600326913439123 0.3881449445725346 0.5001535590242205 0.5006478823480106 0.49896171662984234 0.3997348323260794 0.6001224747748932 0.49991605633574415 0.6003024989443856 0.599690818810078 0.5002499043079849 0.4997211650542218 0.4996810783153415 
0.8148992631858096 0.6007671471029915 0.3000480242385757 0.49965811448954195 0.500348770336646 0.4001199027651348 0.5000524763849095 0.6996151270359129 0.5005367879778465 0.39963840725288796 0.6002880360853278 0.39865318361386026 0.4005996307289004 0.5001163071107761 0.5000199816327165 0.4002336904319869 0.5993489591499496 0.6003269134432202 0.3881449445725346 0.5001535608552666 0.5006476645250665 0.4989612296072165 0.3997348322161802 0.6001353912908627 0.49991603976597254 0.6003030450742654 0.5996914542714136 0.5002499037345659 0.49972116449322107 0.4996819780984319 
0.8195182682106237 0.6007682728028252 0.2998804022966112 0.49966081593982953 0.5003198306001791 0.4001211207010517 0.500041692661286 0.6996149377236567 0.5004761417430394 0.39963876150448935 0.6002853173471226 0.39868238021162333 0.40059651272592534 0.500115769735242 0.500019811702326 0.40023201473407 0.5993482734941729 0.6003269134324293 0.3881449445725346 0.5001536159644638 0.5006477061232315 0.49897017831486074 0.39973482751997697 0.6001343795315056 0.49991603017312064 0.6003030653972129 0.5996907695856476 0.5002345058960493 0.5004846436555664 0.4996810061821752 
0.8240757909864787 0.6007671789403208 0.29986749542750735 0.49966082025236985 0.5003472226365191 0.4001163112921284 0.5000523332853657 0.699614896787401 0.5005647006448462 0.3996384476471391 0.6002887145623977 0.39865771486301516 0.40060000387897426 0.5001156532958043 0.5000174672851353 0.40023274661027197 0.5993490653402385 0.600326913771135 0.3881449445725346 0.5001536279565042 0.500647716004366 0.49896150774961195 0.3998966678985889 0.6001354385832094 0.4999161025878374 0.6003025777236656 0.59969078005596 0.5002571893941914 0.4997169911413244 0.4996558609488981 
0.8284152744967539 0.6007680778748781 0.3000452613301424 0.4996389173826602 0.5003174815696951 0.40011784280963525 0.5000579744996207 0.6996155107092231 0.5005331858467132 0.39965251661437184 0.6002887859116423 0.3987300794268332 0.400598959922875 0.5001209731940243 0.5000199553039979 0.40023234239072897 0.599349094854192 0.6003269353096021 0.3881449445725346 0.5001535614137904 0.5006472850919419 0.4989655576818662 0.3997433230710787 0.600135391152067 0.49991708190469486 0.6003030789053483 0.5996921117338799 0.5002578084458168 0.5005661341033901 0.49968222582432104 
0.8330890824835612 0.6007943959010829 0.4989894171013537 0.4870068829625881 0.500318752846068 0.4001144029522931 0.5000663215427843 0.6996160313436438 0.5005349661765246 0.3996462321142207 0.6002955772730817 0.3993752053551963 0.40060607858256214 0.5000776883429039 0.5000188058656441 0.4002329205109878 0.5992108860322866 0.6003220385954532 0.5001592229214924 0.500114994288456 0.5006485376980121 0.4989615196722988 0.39991354449300714 0.6001179424957095 0.5000111160606971 0.600301948719805 0.5997569103021984 0.5003902802120178 0.4987660227235897 0.49968079480158994 
0.837256656704352 0.6007680731794678 0.29988039369501507 0.4996588809768193 0.5003178965632517 0.40011881417301315 0.5000579953972025 0.699615518054207 0.5004780445179341 0.3996530966270144 0.600285587134541 0.3986813479773744 0.40059654527672434 0.5001156749816743 0.500019858304876 0.40022972227770953 0.5993491528864684 0.6003269137938433 0.3881449445725346 0.5001536162324259 0.5006486019145346 0.49896059591277026 0.3997346089838021 0.6001354163125683 0.4999169990949725 0.6003030694244844 0.5996921249081869 0.5002350767318963 0.5005269995731707 0.49968261063177105 
0.8416171900004661 0.6007691203589691 0.29986913717753 0.4996609157764417 0.5003247556242035 0.40012037591469707 0.50004100093534 0.6996149540199895 0.5005617733079513 0.399638655505085 0.6002888562910339 0.3987336966916914 0.4005787566633508 0.5001160526347112 0.5000199663399195 0.4002330736185714 0.5993491543943069 0.6003269137938462 0.3881449445725346 0.5001535849473457 0.5006476539900819 0.49896509634475966 0.39972661662488024 0.6001353789862991 0.4999161547616842 0.6003031870629802 0.5996908152503463 0.5002579624526939 0.500501500859385 0.49968620145179315 
0.84614452373606 0.6007670372618807 0.29988059512279097 0.4996516954582403 0.5003185804245348 0.40011880503227765 0.5000526171759974 0.6996148438355957 0.5005601273307436 0.39963883071846396 0.6002961663127934 0.39868036210455604 0.40059973174294783 0.5001159964487247 0.5000199401140981 0.4002297666715019 0.5993478315847907 0.6003269138548041 0.3881449445725346 0.5001536286215597 0.5006478490276459 0.4989697251205881 0.3997353531488662 0.6001345105162341 0.4999163217831125 0.6003030675390931 0.5996914784514935 0.5002921493345526 0.4997201346166168 0.4996717844036221 
0.8502231498923195 0.6007684089218093 0.30004994696495835 0.4996392716400557 0.5003488649576279 0.4001178964903176 0.5000580130150373 0.6996154303690895 0.5004755579713239 0.399653096060734 0.6002856067915985 0.398657885291754 0.4005997488562778 0.5001156877158272 0.5000176546805035 0.400232334088996 0.5993401115586438 0.6003269345908276 0.3881449445725346 0.5001536048842068 0.500567098223362 0.4989654071640734 0.3998991832395681 0.6001354046917396 0.4999257167728877 0.6003044727391632 0.5996859614013373 0.500233523218103 0.5005656303883514 0.49965585175435034 
0.8546335910135393 0.6007681797077704 0.29988086270876346 0.4996609157764417 0.5003198164519634 0.40012037591469707 0.5000416435040256 0.6996149526648948 0.5005617733079513 0.3996384253220341 0.6002957008087078 0.398730538000282 0.4005787964092345 0.5001160475529685 0.5000199663399195 0.4002330736185714 0.5993491543943069 0.6003269137938462 0.3881449445725346 0.5001536247350439 0.5006476539900819 0.49896510404936706 0.3997307128413785 0.6001353789862991 0.4999161547616842 0.6003031870629802 0.5996908152503463 0.5002579479901127 0.500501500859385 0.49968100460496584 
0.8589309094905156 0.6007656615753033 0.3000498992997018 0.4999081525340133 0.5004449813827132 0.4001067018669375 0.5000416957493788 0.6996148868708614 0.5005356702983039 0.39964638177772177 0.6002952094625503 0.3987368550463288 0.4005769845175676 0.5000822056551505 0.5000200406155235 0.40022966625489426 0.5992086706917857 0.6003268875233282 0.3881449445725346 0.5001535608129845 0.5006477057675383 0.4989660755927883 0.39991210422907775 0.6001349233729054 0.499899722618795 0.6003023695932402 0.5996919756464139 0.5002505248994127 0.4996733776362225 0.4994530418805077 
0.8631031569511405 0.6007943958990931 0.4989894177857102 0.4870068829625881 0.5003182677141974 0.40011653099309974 0.5000481136732592 0.6996160313338445 0.5005349661946812 0.39964623211410205 0.6002956358105976 0.39937520537130206 0.40057955806285883 0.5000869925706855 0.5000188058656446 0.4002329205109878 0.5991975057329942 0.6003225907590393 0.5001611898109996 0.5001197593286564 0.5006485227762258 0.4989615222377554 0.39991354449914285 0.6001173978554561 0.5000094150630171 0.6003245133913235 0.5997575343786794 0.5003902802133873 0.498765909643945 0.4996808937353821 
0.8673731664872105 0.6007943958990931 0.4989894177857102 0.4870068829625881 0.5003182812287998 0.40005551596211625 0.5000481136732592 0.6996160313342024 0.5005349661946812 0.39964623211410205 0.6002956375811531 0.39937520537130206 0.40057975092770953 0.5000869925706855 0.5000188058656446 0.4002329205109878 0.5991956516178825 0.6003225907590393 0.5001611382652028 0.5001197593286564 0.5006485227762258 0.4989615222377554 0.39991354449914285 0.6001163825873891 0.5000161605823217 0.6003038382494429 0.5997612509480376 0.5003902802137398 0.4987659280739291 0.4996808937353821 
0.8715011745101338 0.6007671549105353 0.29986749259975204 0.49965613355133176 0.5003227779152759 0.40005201766721404 0.5000419436404004 0.6996149990058997 0.5005601655191438 0.39963883050721366 0.6002880258253277 0.39868161852520284 0.4005991204898944 0.5001160836833186 0.5000199734335918 0.4002329972760167 0.5993485395734329 0.6003269141168607 0.3881449445725346 0.50015362846009 0.5006478542542022 0.49896072532070296 0.39973535512065406 0.6001353913172479 0.49991635888068575 0.600303067372556 0.5996914174716899 0.5002953550488652 0.4997201653468768 0.4996716839986548 
0.8754976505227923 0.6007943958992353 0.4989894188246251 0.487006882952836 0.500318634003795 0.4001208937828095 0.5000667254205698 0.6996160313441263 0.5005350773202899 0.3996462321142207 0.6002956361989187 0.39937520174717206 0.4005797325497118 0.5000867568230691 0.5000188058656446 0.400230948308406 0.5992111993808406 0.6003220132369309 0.5001611785574518 0.500123467505916 0.5006552666212589 0.4989615195703777 0.39993003316045844 0.6001169790219599 0.5000083093562682 0.6003019187504619 0.5997559936326212 0.5003902727208668 0.4987651029029885 0.49968079510243385 
0.8796355345257173 0.6007943962362515 0.4989894171013537 0.4870068829625881 0.5003232248477434 0.4000538790524142 0.5000529325806393 0.6996160313331699 0.5005348689374794 0.3996462551370364 0.6002956349549229 0.3993752021582057 0.4006057740011101 0.5001274931154531 0.500018798224794 0.400291617635769 0.599348612231362 0.6003220117557463 0.5001611406782623 0.500283290434103 0.500655319632548 0.4989634641503326 0.3997453345608684 0.6001164023764931 0.5000082600578739 0.6003043229654237 0.5997580490443202 0.5003902801946423 0.4987659972212669 0.4996807950905269 
0.8836340419063052 0.6007935100407756 0.4989866425410246 0.48600892363414383 0.5003189402176486 0.40011727731684044 0.5000481547084034 0.6014041542590052 0.5003955626043528 0.4995782407199463 0.6002944900160299 0.49972187301611604 0.40057828184408406 0.5000873937234294 0.5000188034667075 0.4002880980371629 0.599197438686513 0.6003308953013637 0.5001485821641153 0.5001191110737528 0.5006514373099187 0.4989616902388455 0.39990904898542495 0.6000211618955074 0.5001454064484395 0.6002884635713821 0.5997192202859964 0.5004008535864752 0.49880260215148037 0.4996768465790046 
0.8880559617899494 0.6007652492775333 0.2998685479288335 0.4999103384369131 0.5004450888581256 0.4001065340609645 0.5000422110195217 0.6996158091966435 0.5005357567903204 0.39963887249144425 0.6002955773057487 0.3987342001270419 0.4005770438491694 0.5000810975805132 0.500017464997946 0.4002280487250996 0.5992088207276712 0.6003316761786772 0.3881449445725346 0.5001457368837868 0.5006485426310975 0.49896061650493984 0.3999127538852528 0.6001353925207648 0.49991500211084755 0.6003015436053415 0.5997185653511978 0.5003944430174005 0.4997069539185952 0.4994530418805077 
0.8918642977505755 0.6007933327928591 0.2999788566793025 0.49990570987237637 0.5004390166197774 0.4001117155382214 0.5000611650171708 0.6996158282388953 0.5123711939347969 0.39895698362809734 0.6002898043894284 0.500526343534307 0.4005769842841893 0.5000818827433972 0.5000188692113087 0.40029041484145894 0.599208661958467 0.6000919120839181 0.4995402595007698 0.5002878105062163 0.5005707864450437 0.4988796508978958 0.39991899305299317 0.600116933199163 0.5002495285669122 0.6005327194903556 0.5997171887178367 0.5004008471452216 0.5003129537198312 0.49944505747627643 
0.8963387648153526 0.6007943963009904 0.4989894171013537 0.4870068829625881 0.5003183992359878 0.3999777706725573 0.5000661714030158 0.699616031344075 0.5005349630860515 0.3996462321384754 0.6002954561577417 0.39937520509497 0.40060511756314066 0.5000827207168443 0.5000188058656357 0.4002332877294431 0.5992109454791095 0.6003220333247775 0.5001591882805797 0.5001196583278018 0.5006485026918664 0.498961519699195 0.3999135444990627 0.6001173518483954 0.5000111151298019 0.6003043803611491 0.599758477522198 0.5003902727351295 0.4987662990629924 0.4996807967852971 
0.899753722183717 0.6007943958976468 0.4989894171013537 0.4870068829625881 0.500318439639014 0.3999777706725573 0.5000663247764535 0.6996160313331705 0.5005349661946853 0.39964623213912065 0.6002955772714027 0.3993752053069087 0.40060577400149355 0.5000820402753813 0.5000188058656446 0.4002329205109878 0.5992109401899147 0.600322038828181 0.5001611406431096 0.500119734163578 0.5006485470866666 0.49896338871450213 0.39991354449914374 0.6001174018728187 0.5000111160801237 0.6003019579685386 0.5997583728849827 0.5003902802137573 0.4987661686037105 0.49968079477133487 
0.9043969021488687 0.6007933327928465 0.2999788561063755 0.49990570987237637 0.5004390166197774 0.40011171410479385 0.5000611649735766 0.6996158282388953 0.5123711939347969 0.3989503100967483 0.6002898043880124 0.50052634353278 0.4005769842841893 0.5000818827433972 0.5000188692113087 0.40029041484145894 0.5992086619354355 0.6000919118651488 0.49954025950060205 0.5002878105059867 0.5005707864836921 0.49887965089789366 0.3999189930529895 0.6001169332119636 0.5002495285669122 0.6005327194911977 0.5997171887178395 0.5004008471466632 0.5003129535197794 0.49944505747627643 
0.907637564860724 0.6007933327928511 0.29997890851101705 0.49990570987237637 0.5004390166197774 0.4001117082485955 0.5000611650171726 0.6996158282388953 0.5123711939347969 0.39895698362809734 0.6002898044034406 0.5005263435342995 0.4005769842841893 0.5000818827433972 0.5000188692113087 0.40029041484145894 0.5992086432014407 0.6000919120839181 0.4995402595004603 0.5002878105059861 0.5005707864450437 0.4988796508978952 0.39991899305299317 0.600116933199163 0.5002495285669122 0.6005327188010291 0.5997171887178342 0.5004008471452216 0.5003129535159465 0.49944505747627643 
0.9115249994580878 0.6007943963130103 0.4989894170849031 0.4870068829625881 0.5003183861659362 0.3999774549618924 0.5000659373499532 0.6996160313339003 0.5005349630860515 0.39964623213840017 0.6002955772401468 0.3993752053645634 0.4005802342754392 0.5000869352861084 0.500018805865645 0.4002329205085713 0.5991937350923311 0.6003220388324046 0.5001591882805797 0.5001196979495789 0.5006485026918664 0.49896151969513564 0.39991354449906097 0.600117295790346 0.5000161450082332 0.6003043803611491 0.5997611543584808 0.5003902802120408 0.4987662990629924 0.4996808820994711 
0.9156043378328678 0.6007935702203001 0.4992850931216588 0.48600892363414383 0.5003186588681804 0.4001172788677592 0.5000484025497219 0.6013359983651967 0.5005082385549613 0.49964821932835535 0.6002945049159637 0.500213251910859 0.40060554161919487 0.5002589426301002 0.5000186873155509 0.400293722460623 0.5992109298112761 0.6003310067719101 0.49940165664500036 0.5001197292916277 0.5005707867788189 0.49896168336598096 0.3999188415237718 0.6000234138791075 0.49955142365340716 0.6002878960320527 0.5997178342453452 0.5004008533176992 0.49880442142688364 0.49944757019089436 
0.9187490517024398 0.6007935091868257 0.4992851967006278 0.48600892363414383 0.5003165052033063 0.4001172810131681 0.500048102247301 0.6014039925067924 0.500508281175 0.49964821928618464 0.600294504084571 0.5001024658499985 0.40057836161807425 0.5000861334527312 0.5000188115750406 0.40029252558887013 0.5992109296893461 0.6003310188685855 0.49943024973228306 0.5001197832214622 0.5005708509442357 0.49896145033482253 0.39991943635457294 0.6000213341475696 0.4996129351722062 0.6002873763497435 0.5997195846484751 0.5004008793677324 0.4988026298096829 0.4994475701916294 
0.9224278538840205 0.600793509182363 0.4992852786380117 0.48600892363414383 0.5003187977976039 0.40011727886914794 0.5000624728002214 0.6014041581403975 0.5005078812871331 0.49964821928618464 0.6002945040502385 0.500101772211852 0.4005782722858634 0.5000861771212735 0.500018686938292 0.4002883739113993 0.5992109296896425 0.6003308451860578 0.4994302495670235 0.5001197636605847 0.5005708509442252 0.49896168997013834 0.3999091164676513 0.6000213314302265 0.49961292288493914 0.6002874568099437 0.5997195846483577 0.5004008535855302 0.4988026377950308 0.49944757019122854 
0.9274669943958522 0.600793509111455 0.49928519520598996 0.48600892363414383 0.5003235628370543 0.3999753614403353 0.5000617806495518 0.6014039927376762 0.5003952197954552 0.499481825205959 0.6002945103741332 0.49972187301611604 0.40058030540105505 0.5000820572375999 0.5000188051432356 0.4002883859792476 0.5992106998214013 0.6003308918192898 0.49943865358067885 0.5001190954722592 0.5005708497382522 0.49896179927755696 0.3999091164339454 0.6001187562592607 0.5001402398468863 0.6002877720208606 0.5997195845872246 0.5004012672265921 0.49880200334898284 0.49944758582897386 
0.9305069551102906 0.6007935091823655 0.49928527872649764 0.48600892363414383 0.5003187977976039 0.40011727886914794 0.5000624728002214 0.6014041581403975 0.5005078812871331 0.49964821928618464 0.6002945040502385 0.5001218350520296 0.4005782722479462 0.5000861771212735 0.5000186914976917 0.4002924706555211 0.5992109296896425 0.6003308452161255 0.4994302495670235 0.5001197609701151 0.5005708509442252 0.49896168997013834 0.3999091164676513 0.6000211594627525 0.49961292288493914 0.6002874576004215 0.5997195790591462 0.5004008535855646 0.4988026375873202 0.49944757019164504 
0.9359807323453755 0.600793509182112 0.4992851987609215 0.48600892363414383 0.5003161835022922 0.4001172788297428 0.5000478790167924 0.6014039777671698 0.5005078286094945 0.49964817419510654 0.6002945041395127 0.5001222034833722 0.40057826988887946 0.500086900468631 0.5000187982369867 0.40028837946022944 0.599210929689738 0.6003308480569823 0.4994302495670379 0.5001190533725183 0.5005708509442252 0.4989616899836299 0.3999091164675907 0.6000213333685454 0.4996129228997105 0.6002874574204318 0.5997195846671655 0.5004008535201895 0.49880262970488143 0.49944757019164954 
0.9380722920548115 0.6007933327928501 0.29997885638909066 0.49990570987237637 0.5004389820419778 0.40011171417697233 0.5000611650163186 0.6996158282483438 0.5123711939347969 0.39895059541967837 0.6002898043880109 0.5005263435326911 0.4005769842841893 0.5000818827433972 0.5000188692113087 0.40029041484033245 0.5992086619149686 0.6000919120808994 0.49954016064379353 0.5002878105244624 0.5005707861010129 0.4988796508978958 0.3999189930529928 0.6001169323628327 0.5002495149675925 0.6005327194914062 0.5997171936143401 0.5004008471466607 0.5003129535366334 0.49944505747627643 
0.941688529076919 0.6007933327928501 0.2999788561235359 0.49990570987237637 0.5004390183159981 0.40011171495120884 0.5000611650176289 0.6996158282388953 0.5123711939347969 0.3989569879851822 0.6002898043890977 0.5005263435327818 0.4005769842841893 0.5000818827433972 0.5000188692113087 0.40029041484145894 0.5992086619598429 0.6000919120857136 0.49954016103279464 0.5002878105059859 0.5005707864409555 0.4988796508974494 0.39991899305299317 0.6001169332112826 0.5002495285669122 0.600532719491403 0.5997171887181778 0.500400847145163 0.5003129535188175 0.49944505747627643 
0.9463136055276065 0.600793509111077 0.4992851967006278 0.48600892363414383 0.5003165052033063 0.4001172810499353 0.5000478759521272 0.6014039925067924 0.500508281175 0.49964821928618464 0.6002945040851382 0.5001017702787061 0.4005783621831298 0.5000861334527312 0.5000188839178095 0.40029252558887013 0.5992109296893461 0.6003310188685855 0.49943024956965665 0.5001197832214622 0.5005708509440117 0.49896145033482253 0.3999191174732982 0.6000213316835796 0.4996129351722062 0.6002873763497435 0.5997195846484751 0.5004008793677324 0.4988026298096829 0.4994475701908653 
0.9488821653071836 0.6007933327928465 0.2999788561233262 0.49990570987237637 0.5004390166197774 0.4001117158893251 0.5000611650169555 0.6996158282388953 0.5123711939347969 0.39895698362809734 0.6002898043626453 0.5005263435327811 0.4005769842841893 0.5000818827433972 0.5000188692113087 0.40029041484145894 0.5992086619623641 0.6000919120839181 0.49954025950060205 0.5002878105059859 0.5005707864449808 0.49887965089790015 0.39991899305299317 0.600116933199163 0.5002495285669122 0.6005327194911896 0.5997171887178395 0.5004008471452216 0.5003129535197794 0.49944505747627643 
0.9524515152126577 0.6007933327928465 0.2999788561235359 0.49990570987237637 0.5004390166197774 0.4001117149521566 0.5000611650169555 0.6996158282388953 0.5123711939347969 0.39895698362809734 0.6002898043618463 0.5005263435327811 0.4005769842841893 0.5000818827433972 0.5000188692113087 0.40029041484145894 0.5992086619598429 0.6000919120839181 0.4995402595007691 0.5002878105059859 0.5005707864450654 0.4988796508978952 0.39991899305299317 0.600116933199163 0.5002495285669122 0.6005327194913787 0.5997171887181777 0.5004008471452216 0.5003129535189443 0.49944505747627643 
0.956044491606872 0.6007933327928465 0.2999788569774143 0.49990570987237637 0.500438978288571 0.4001115827506694 0.500061165017212 0.6996158282485339 0.5123711939347969 0.39895698362809734 0.6002898043916607 0.500526343532679 0.4005769842841893 0.5000818827433972 0.5000188692113087 0.40029041484145894 0.5992086619644782 0.6000919120838127 0.4995401593792275 0.5002878105060059 0.5005707864450437 0.4988796508979689 0.39991899305299317 0.600116933199163 0.5002495285669122 0.6005327194803765 0.5997171887182148 0.5004008471452215 0.500312953519821 0.49944505747627643 
0.959879935763789 0.6007933327928465 0.2999788567008834 0.49990570987237637 0.500438978288571 0.4001115852131743 0.5000611650294254 0.6996158282385927 0.5123711939347969 0.39895698362809734 0.6002898043916591 0.5005263435326918 0.4005769842841893 0.5000818827433972 0.5000188692113087 0.40029041484145894 0.5992086614179092 0.6000919120839667 0.49954016033245263 0.500287810505576 0.5005707864450433 0.4988796508978945 0.39991899305299317 0.600116933199163 0.5002495285669122 0.6005327194914062 0.5997171887182141 0.5004008471451983 0.5003129535331864 0.49944505747627643 
0.9632530596206264 0.6007933327928465 0.2999788567010473 0.49990570987237637 0.5004389782150174 0.4001115758053158 0.50006177014122 0.6996158282388953 0.5123711939347969 0.4003461919314482 0.6002898043916415 0.5005263435326528 0.4005769842841893 0.5000818827433972 0.5000188692062131 0.4002904148414971 0.5992086621155622 0.6000919124243284 0.49954015642094113 0.5011445363696079 0.5005707864429774 0.4988796508978958 0.3999189930529911 0.6001169323522948 0.5002495285669122 0.600532719480572 0.5997171939492018 0.5004008471466935 0.5003129535200743 0.49944505747627643 
0.9666515261048686 0.6007933327928501 0.2999788561235359 0.49990570987237637 0.5004390166197774 0.40011171495467485 0.5000611650169555 0.6996158282388953 0.5123711939347969 0.39895698362809734 0.6002898043618463 0.5005263435327811 0.4005769842841893 0.5000818827433972 0.5000188692113087 0.40029041484145894 0.5992086619598429 0.6000919120839181 0.4995402595011966 0.5002878105059859 0.5005707864425505 0.4988796508974709 0.39991899305299317 0.600116933199163 0.5002495285669122 0.6005327194913782 0.5997171887181778 0.5004008471452216 0.5003129535189443 0.49944505747627643 
0.9702060941955718 0.6007933327928465 0.29997885669832913 0.49990570987237637 0.5004390166197774 0.4001117081283316 0.5000611650168346 0.699615828238758 0.5123711939347969 0.39895698362809734 0.6002898043625664 0.5005263435345065 0.4005769842841893 0.5000818827433972 0.5000188692113087 0.40029041484145894 0.5992086435875232 0.6000919120839181 0.49954025948306857 0.5002878105060115 0.5005707865555222 0.4988796508978958 0.3999189930530475 0.600116933199163 0.5002495150685116 0.6005327194912642 0.5997171887182006 0.5004008471452496 0.5003129535182551 0.49944505747627643 
0.9736170038606999 0.6007933327928507 0.2999788566916688 0.49990570987237637 0.5004390166197774 0.4001117209589115 0.5000611650169571 0.6996158282388953 0.5123711939347969 0.39895698362809734 0.6002898043916164 0.5005263435327166 0.4005769842841893 0.5000818827433972 0.5000188692113087 0.40029041484145894 0.599208662369192 0.6000919120839181 0.49954025950059616 0.5002878105058277 0.5005707864450437 0.49887965089792086 0.39991899305299317 0.600116933199163 0.5002495285669122 0.6005327194789049 0.5997171887180811 0.5004008471452216 0.500312953525223 0.49944505747627643 
0.9770424491984784 0.6007933327928465 0.2999788748542863 0.49990570987237637 0.5004390166197774 0.4001115841225206 0.5000611650169571 0.6996158282391749 0.5123711939347969 0.39895698362809734 0.6002898043917386 0.5005263435343631 0.4005769842841893 0.5000818827433972 0.5000188692113087 0.40029041484145894 0.5992084989434202 0.6000919120839181 0.49954025839703897 0.500287810524695 0.5005707749537892 0.4988796508974155 0.39991899305299317 0.600116933199163 0.5002495284971248 0.6005327195210464 0.5997171887181887 0.5004008471450978 0.5003129535192573 0.49944505747627643 
0.9804575098467754 0.6007933327928465 0.29997885698058113 0.49990570987237637 0.5004390166197774 0.4001117158496056 0.5000611650169571 0.6996158282388953 0.5123711939347969 0.39895698362809734 0.600289804390847 0.5005263435328098 0.4005769842841893 0.5000818827433972 0.5000188692113087 0.40029041484145894 0.5992086619623433 0.6000919120839181 0.49954025950059683 0.5002878105060132 0.5005707864450437 0.4988796509007659 0.39991899305299317 0.600116933199163 0.5002495285669122 0.6005327194803541 0.59971718871783 0.5004008471452216 0.5003129535197918 0.49944505747627643 
0.9838427033999284 0.6007933327928426 0.29997885640316335 0.49990570987237637 0.5004389804451274 0.4001115781893945 0.50006116501804 0.699615828238851 0.5123711939347969 0.39895698362809734 0.6002898043916126 0.5005263435327079 0.4005769842841893 0.5000818827433972 0.5000188692113087 0.40029041484145894 0.599208450318543 0.6000919120840156 0.4995402595397649 0.5002878105060307 0.5005707864450437 0.49887965089789993 0.39991899305299067 0.6001169330403477 0.5002495284950236 0.6005327188146853 0.5997171887182164 0.500400847146636 0.500312953519096 0.49944505747627643 
0.9872145656895013 0.6007933327928465 0.2999788747820386 0.49990570987237637 0.500438979023602 0.4001115841984117 0.5000611650170594 0.6996158282388957 0.5123711939347969 0.39895698362809734 0.600289804391426 0.5005263435326514 0.4005769842841893 0.5000818827433972 0.5000188692113087 0.40029041484145894 0.599208437750054 0.600091912079968 0.49954025948305664 0.5002878105249453 0.5005707744470458 0.4988796508978958 0.39991899305299317 0.6001169332002186 0.500249528463212 0.6005327188230856 0.5997171887182146 0.5004008471452216 0.5003129535192498 0.49944505747627643 
0.9905635860023678 0.6007933327928465 0.2999788567011515 0.49990570987237637 0.5004390166197774 0.40011171495203496 0.5000611650169571 0.6996158282388953 0.5123711939347969 0.39895698362809734 0.6002898043915986 0.5005263435326927 0.4005769842841893 0.5000818827433972 0.5000188692113087 0.40029041484145894 0.5992086619583071 0.6000919120839181 0.4995402594830673 0.5002878105059876 0.5005707864450433 0.4988796508978958 0.39991899305299317 0.600116933199163 0.5002495285669122 0.6005327194914062 0.5997171887182001 0.5004008471452216 0.5003129535189347 0.49944505747627643 
0.9937444802549162 0.6007933327928501 0.2999788561123106 0.49990570987237637 0.5004390166197774 0.40011171422642544 0.5000611650169555 0.6996158282388953 0.5123711939347969 0.39895698362809734 0.6002898043618463 0.5005263435327811 0.4005769842841893 0.5000818827433972 0.5000188692113087 0.40029041484145894 0.5992086619621222 0.6000919120839181 0.4995402595012694 0.5002878105059859 0.500570786442479 0.4988796508978945 0.39991899305299317 0.600116933199163 0.5002495285669122 0.6005327194914063 0.5997171887181748 0.5004008471452216 0.5003129535189436 0.49944505747627643 
0.9971768621385381 0.6007933327928465 0.29997885611230934 0.49990570987237637 0.5004390166197774 0.400111714173345 0.5000611650169571 0.6996158282388953 0.5123711939347969 0.39895698362809734 0.6002898043591651 0.5005263435326914 0.4005769842841893 0.5000818827433972 0.5000188692113087 0.40029041484145894 0.5992086619621013 0.6000919120839181 0.4995402595002166 0.5002878105059766 0.5005707864450489 0.49887965089788044 0.39991899305299317 0.600116933199163 0.5002495285669122 0.6005327194913789 0.5997171887178294 0.5004008471452216 0.5003129535189218 0.49944505747627643 
1.0 0.6007933327928465 0.2999788567011515 0.49990570987237637 0.5004390166197774 0.40011171495203496 0.5000611650169571 0.6996158282388953 0.5123711939347969 0.39895698362809734 0.6002898043915986 0.5005263435326927 0.4005769842841893 0.5000818827433972 0.5000188692113087 0.40029041484145894 0.5992086619583071 0.6000919120839181 0.49954025948306746 0.5002878105059876 0.5005707864449698 0.4988796508978958 0.39991899305299317 0.600116933199163 0.5002495285669122 0.6005327194914062 0.5997171887182001 0.5004008471452216 0.5003129535189347 0.49944505747627643 
