0.017653910649952077 1.1447023241865752 
0.023597570576342656 1.1445952263790478 
0.03195816504760532 1.1443923051209985 
0.05886575912291101 1.143324054904177 
0.06082038145352094 1.143221742848423 
0.07370216933218135 1.1424635933126936 
0.0741992307944472 1.142431420762042 
0.10318117390904331 1.140179247777717 
0.11391301795898108 1.1391570989462987 
0.11968132686793582 1.1385655239033634 
0.1511148492537504 1.1348212965376134 
0.15642143626730703 1.1341020262108619 
0.1689529090158782 1.132302957109188 
0.2033104449356882 1.1266409965706234 
0.21668417192705466 1.1241454753912885 
0.2228491230238754 1.122939597735606 
0.26084677609500323 1.1147259893616963 
0.2645126211038212 1.113861816256572 
0.28087965409956944 1.1098475984233613 
0.2824002617642715 1.109461655000862 
0.3250579827748158 1.0977214489768643 
0.33165142834184674 1.095747416950772 
0.3488935128554948 1.0903799286222544 
0.34914244137860806 1.0903002463924367 
0.39806381132514773 1.073405922640072 
0.4019559007916778 1.0719545352313775 
0.4199146831267095 1.0650477601030115 
0.42550486445218083 1.062826741286583 
0.4834184894202829 1.0377676212587168 
0.49336973152389174 1.033073753142162 
0.5119344195450296 1.024001084814668 
0.5155492162544238 1.0221859307564654 
0.5879037247021298 0.9823564943876003 
0.6052744217615059 0.971749939999088 
0.6238707257376943 0.9599168656634008 
0.6274439505340809 0.9575850669021774 
0.7283782737538558 0.8832441122079805 
0.7328493535052998 0.8795378880424117 
0.7503953396452158 0.8646166264830336 
0.7675802427731022 0.8493972249703526 
0.782881249122793 0.8353155219413684 
1.0161511833136907 0.527344141973831 
1.0239191299942765 0.5120983173933157 
1.0330076654836933 0.49350808962697834 
1.0416501943026093 0.4749946780503919 
1.049835356419578 0.45661887376917176 
1.0575944873693501 0.4383480033166772 
1.064960124844626 0.4201368875379972 
1.0718925255361587 0.402121232700014 
1.0784351337631741 0.38423005752984096 
1.084595542677516 0.36647998665643344 
1.0903299246119447 0.3490497561953422 
1.0957256837229696 0.3317232312608195 
1.1007882759361973 0.3145482428007091 
1.1054548348700852 0.2976989759295133 
1.109815676096147 0.28100576395464244 
1.1138564257172003 0.26453532929864154 
1.1175443785178318 0.24849473593464627 
1.1210045117075556 0.23238751373181077 
1.124142098232687 0.21670168405977508 
1.1269864218749293 0.2013868838992673 
1.1296034027280646 0.18614842484911198 
1.1319758064695506 0.1711311057085831 
1.134088896108565 0.15651665269133538 
1.1359959591468973 0.14201497731976 
1.1376887027638845 0.12775728301391398 
1.1391537161846268 0.11394695373744311 
1.1404406728122536 0.1002524920697775 
1.1415414866292437 0.08682310639390112 
1.1424570385999917 0.07380371258175891 
1.1432169891359047 0.06091024539008412 
1.1438200778302954 0.048277404277823295 
1.1442777909452955 0.03582479210923866 
1.1445941915014015 0.02364776874952306 
1.1447777008355569 0.011796242296955377 
1.1448384510096439 2.345389985827261E-5 
