0.016962482132110046 0.06645291897614501 1.049891786035033 1.099999823061562 0.2665058020451073 1.0999999999998074 0.3998860693226277 0.4665998797705877 0.533000356008611 0.6001222745308309 0.6667532173636991 2.5999835991338154E-10 0.799977005260871 1.7478555548207513E-8 0.016946061831570856 
0.02267335415244771 0.06689678262609565 1.0502801844305694 1.0999999876204087 0.26643264259398375 1.09999999783171 0.4009211219572446 0.46661661367860047 0.533101671194744 0.599690174485737 0.6667727199502888 3.1731490587797133E-9 0.79994981299483 4.433705273574146E-7 0.016952986782673422 
0.030706499776945513 0.06644030911276173 1.0496886712106257 1.0999998243159785 0.26652182478141667 1.099999999999683 0.4003320708973042 0.4665995696652312 0.5329925330415557 0.6002362729202919 0.6667571411630021 3.288258278592803E-9 0.7999726687918398 1.1506929996028685E-6 0.016953526114210776 
0.056560237949588095 0.06644013660262257 1.0497128810599479 1.0999998875024475 0.2665214332007419 1.0999999999916663 0.3998372872587444 0.46660012484748337 0.5329959971775062 0.6002750660386599 0.6667461100404419 2.9445323786748445E-10 0.7999821736346482 1.1471688760170785E-6 0.016955238976013053 
0.05843830604495673 0.0664541775961927 1.0496758710655654 1.0999998146530474 0.2665252116278306 1.099999999967634 0.3998710974984337 0.46660008863162816 0.5329960014020076 0.6002254777619759 0.6667534399507884 2.6217664226054243E-10 0.7999741330796256 1.1677884465021968E-6 0.01675407401707041 
0.07081556914298275 0.06643970852373067 1.0496892796249842 1.0999998215878286 0.2665061174503655 1.0999999999993715 0.40033246501394704 0.466600120641374 0.5329968792456217 0.6002356061677825 0.6667586937544805 3.295741682279992E-9 0.799979298833717 6.215569846430304E-9 0.016950842620267807 
0.07129316268295088 0.06643504214712435 1.049598837826828 1.0999999997213772 0.2665536910636281 1.099999999970383 0.4008955455969063 0.46660045427508234 0.5329927169808625 0.5996902796851554 0.6667473633502518 1.2435993728883102E-8 0.7999840367232369 1.1981243115786E-8 0.016802960274063906 
0.09914000661972301 0.06689279246941097 1.0496867351266532 1.0999999925280053 0.2666351885307542 1.0999999998215948 0.40036402039250124 0.46660136132351954 0.5329894704412739 0.6002167593358251 0.6667724039356855 2.1823262327890276E-11 0.7999765174434141 1.4601339665593881E-8 0.01674569608832163 
0.10945153002775934 0.06642230732118112 1.049685796923129 1.0999999471991664 0.2665247477491682 1.0999999999804744 0.4003498500351022 0.46659941616287165 0.5329768878378175 0.6002341865518097 0.6667577952992936 3.234803737834414E-10 0.799977064182973 1.700438310157524E-8 0.016744231892614654 
0.11499391881405967 0.06688967436463338 1.0503811680726962 1.0999998226135113 0.26663786125573724 1.0999999999980772 0.4003877443882793 0.46660138170027177 0.5329768647200066 0.600179496138299 0.6667769966818554 6.669051588053064E-10 0.8001403246572364 1.6352889047312986E-8 0.01674505814540892 
0.14519632392131962 0.06692365693448624 1.0503909891067442 1.0999999749143143 0.26652444561421357 1.0999999999993373 0.40038973633720587 0.46660399232294836 0.5330068502367422 0.5997343293297277 0.6667274356518357 1.220803189990204E-8 0.7999876302803131 2.7210359721563732E-8 0.016799596957213985 
0.15029507457884506 0.06685871710684153 1.049882595832963 1.0999999902298172 0.2665245368948349 1.099999999997248 0.4003628689567938 0.46660399870155045 0.5333400554702735 0.6001213974973219 0.6667772104418218 2.735703867549353E-11 0.8001277452441944 6.21460101615892E-9 0.016741581790072062 
0.1623357428581645 0.06692159494484662 1.0503907994678137 1.0999999106220721 0.26652464615236027 1.0999999999958494 0.40038970065279494 0.4666101671729628 0.5333408092751698 0.6001789425398878 0.6667278610865863 9.01591096673101E-10 0.8001525849652902 2.031145043015881E-8 0.016742436179383837 
0.1953476403651248 0.06692184976609475 1.0503718261393395 1.0999999936486575 0.26653599525785926 1.0999999999663213 0.4003633935446244 0.46660426590099 0.5329768047502957 0.60017894627029 0.6667810939336122 4.962683657307212E-10 0.8001519207811928 2.4748004539991318E-8 0.016741485967201167 
0.20819757476846404 0.06688326369459392 1.0501301747226808 1.0999999614932559 0.2665373861312886 1.0999999995703809 0.40041841418245916 0.46660425135579897 0.5333638106594382 0.5997013373573924 0.6676877686909449 4.644974816511551E-9 0.8001530337643288 2.2376766935319258E-8 0.016746037606147745 
0.2141210716459134 0.0669217364943931 1.0501300049996583 1.0999999948165156 0.2665507171522364 1.0999999995778724 0.40036341607333054 0.4666226556861287 0.5333660577040199 0.600178841668225 0.6666886361958605 4.476770367030995E-10 0.8001519996076384 5.2897039288806494E-8 0.01672292530084878 
0.25063051840414186 0.06648369418501941 1.0501606509797323 1.0999999655672452 0.2666497952378759 1.0999999981277995 0.40045541746406066 0.4666111060794758 0.5333541599753848 0.6002155148312485 0.6666588366931469 7.151342741021827E-11 0.8001530204816945 7.455258266272406E-9 0.016839870738643126 
0.25415278782438655 0.0669329500920791 1.05011782940873 1.0999997451405417 0.2665336615755282 1.0999999996280792 0.4003995064336478 0.46661321711571907 0.5329243439579275 0.5999529800062464 0.6666678034227985 7.45264172825743E-11 0.8001540791392943 9.164628363828186E-7 0.016742636993399892 
0.2698787938800861 0.06644620252186638 1.0495813530697848 1.099999918278369 0.26664561540817167 1.0999999981327742 0.4004031421034608 0.4666106065082851 0.5330135420944514 0.5999507914156554 0.6666632366479625 4.047185791865072E-10 0.8001513321354907 2.544944197101616E-8 0.016839322262039335 
0.27133984582179793 0.06644820076791678 1.0495853607278056 1.0999999179134259 0.26664745579727145 1.0999999986148399 0.40040317494876526 0.4666135570263923 0.533180974778177 0.5999510598054482 0.666619025566778 3.9994541289774394E-10 0.8001583846899156 2.450004708269175E-8 0.016710725994526106 
0.31232684552058476 0.0664459000026635 1.0495930447418191 1.0999997450117704 0.26651198500696105 1.0999999997697583 0.4003892141141558 0.46664656165795015 0.5331653004856363 0.6002328879469148 0.6666670899960677 1.1003510679610542E-11 0.8001551490657365 7.992638452889908E-9 0.016761378598961357 
0.31866205390041863 0.0664458157157416 1.0501567229365003 1.0999999182101934 0.26663960160624134 1.0999999999708963 0.39987098011979666 0.46661459406177686 0.5330568525344336 0.6002112175565708 0.6667671533365339 6.592428588027137E-11 0.7999911603388814 7.284725684902381E-9 0.016746553630145038 
0.3352288393233561 0.06644826102710988 1.04961289686266 1.099999741669315 0.26651235149558283 1.0999999986319438 0.4003897670756489 0.46664683388916983 0.5331652641118303 0.6001393372276669 0.6666206389407118 3.927039731475302E-10 0.8002756987859422 2.3960386762435857E-8 0.01638135706513739 
0.33546801842715035 0.066477495610304 1.0496046240619932 1.0999997647605058 0.26651879638313797 1.0999999935564218 0.39991111395372364 0.4666485410994916 0.53317406129157 0.6002113938726139 0.6666550319314234 7.581330735480256E-10 0.8002325985076876 1.2377591681051235E-8 0.016836851707055827 
0.3824733464516041 0.06647798442369297 1.0496045855449558 1.0999893558659004 0.2666557878592447 1.0999999997166914 0.39970118251269116 0.4666484964236433 0.5330989607646655 0.6001276217984597 0.6667588366198951 1.764887879842093E-10 0.8002323306654829 2.1510832117393604E-8 0.016320136191957407 
0.38621299946980003 0.06649836252720843 1.0494362332455396 1.099999730360236 0.26695560360614085 1.0999999996960714 0.39987777928867546 0.4666477554501779 0.5330558484518657 0.6001432315733313 0.6666566441706542 1.6753492600501625E-9 0.7999995439373003 1.8542007622400472E-8 0.01675513735116021 
0.4034684126639517 0.06647851799972845 1.0494438073246908 1.0999884628811334 0.2666581870285335 1.0999999996973235 0.39988194312729486 0.46664785350826565 0.5330977591445611 0.6001700498750888 0.6666570837434713 1.752608767324462E-10 0.8002241575553294 1.7352858349432442E-8 0.016695288842695975 
0.408839650500959 0.0664710312543606 1.050088401041621 1.0999997303552649 0.26695558774654704 1.0999999996960412 0.3998814008346781 0.4666062273725987 0.5330962802867674 0.6001702349283625 0.6666556146687855 3.8379190541583867E-10 0.7999990087144927 1.8217770575292245E-8 0.016755500621659595 
0.46448504535018403 0.06647043753973242 1.0501049641186717 1.099999991456316 0.2666574340098405 1.0999999999996795 0.39988094516731265 0.46664590996651745 0.5330989739482054 0.600171012761192 0.6667587951814746 1.4319081592354344E-9 0.7999949548247085 4.6514078933395325E-9 0.01675250512608498 
0.4740465397099432 0.06646928280687385 1.0498266474221025 1.099999991772691 0.2666480325841706 1.0999999999996797 0.3998676552662504 0.4666123766031304 0.5333758291492241 0.6001418268781862 0.6667587197173241 3.928997963256853E-12 0.7999932297227629 1.6286689889510603E-9 0.016845412579379045 
0.49188412790448655 0.06646934858837705 1.0501036793850829 1.0999999992404572 0.26664802835411866 1.0999999999996404 0.39986058718964557 0.46660552114856174 0.533096955424665 0.6001425932334483 0.666758780226413 8.158716253456753E-10 0.8001236679391808 1.5099191031394919E-9 0.016753982432779115 
0.4953573484545596 0.06646934864865253 1.0498222014846612 1.0999999935811928 0.26664752714778234 1.0999999999999215 0.39986575072324004 0.46660664036480465 0.5333454834361319 0.600142771557327 0.6667587193238296 3.385729079809545E-13 0.8001223106173659 2.9531393421114918E-9 0.01684533840724142 
0.5648780388266968 0.06646936675902967 1.050156759820445 1.0999999999871135 0.26664798990717453 1.099999999999566 0.39988749730868395 0.46660664037506583 0.5333343096223756 0.6001427503581807 0.6667587202412807 4.539353382840256E-12 0.7999940557386856 7.358002916543396E-9 0.016845335228639135 
0.5815683996513069 0.06647035991871943 1.0500916476117341 1.0999999934751474 0.2666441884745583 1.0999999999994803 0.399886388344572 0.466606639960084 0.5333570526688193 0.6001218858242915 0.6667587195717466 1.5267712793342987E-11 0.8001189771021489 3.554689053698029E-10 0.016845324658560035 
0.5994363656005921 0.06646941394723327 1.0498223156510533 1.0999999996856775 0.26664742049155543 1.0999999999998016 0.3998655920543231 0.4666066367599324 0.5333449461320526 0.6001215338116762 0.6667586660927962 2.607183391526688E-12 0.8001271198746317 7.310982417894932E-9 0.016845268441804055 
0.6028696423954374 0.06686011425228196 1.0498255545201494 1.099999998262282 0.26664423406542004 1.0999999999998011 0.3998865480960166 0.4666060545979881 0.5333449400086274 0.6001210691291402 0.6667586571416845 1.2321306764884468E-13 0.800126071344369 7.311026550933978E-9 0.01684275591724375 
0.6998507979095164 0.06685838490449963 1.0498903509061617 1.0999999897582573 0.26664427905526406 1.0999999999996073 0.3998858813828031 0.46660609790372387 0.5333570526489092 0.6001218874839075 0.6667586617754412 4.89387222898234E-13 0.8001259705092796 6.518667746464658E-9 0.01684491647729663 
0.7041467645008447 0.06690230250750226 1.04988633189818 1.09999999990546 0.266650117455277 1.099999999999794 0.3999128379708244 0.4666439062019979 0.5332216320005005 0.6001222126890607 0.6667589156553732 6.502478258365498E-14 0.8001209629023571 6.144237182751056E-12 0.016841584722281838 
0.7210055476598456 0.06684080946183042 1.050080444136946 1.0999458879445614 0.26664289091146676 1.0999999999997567 0.39988218512952534 0.46664289392748187 0.53337148309854 0.6001425693190359 0.666758661358263 3.538675675810523E-8 0.8001260024918897 3.096026149760645E-11 0.016894268509603644 
0.7375173917358986 0.06685680878844516 1.0498890029768961 1.0999461399865789 0.2666490256225125 1.0999999999998626 0.3998852420492251 0.46660760120824013 0.5333568973067633 0.6001422223775681 0.6667586617578358 1.1137731145696661E-10 0.8001260037339408 6.538167424162274E-9 0.016844916933836086 
0.7522191237854732 0.06646919122877055 1.0498859511732335 1.0999999999969792 0.2665535882384635 1.0999999999999623 0.3998805107458247 0.46664276985907976 0.533365811889371 0.600121078845633 0.6667586613354046 6.339441748832833E-14 0.8001208183239308 1.3105032963162162E-12 0.016845436138981373 
0.9763528678229958 0.06647078570688203 1.0498859413353239 1.0999999999990988 0.2665536000919746 1.0999999999997672 0.3998805066771179 0.4666366417927018 0.5333671727905701 0.6001218516739295 0.6667586560503701 6.339441748832833E-14 0.8001208185625417 1.6640029699506321E-12 0.016845446081743178 
0.9838165770968492 0.0664693299372192 1.0498859163092902 1.0999999999678973 0.2665535997994494 1.099999998909455 0.399842839822106 0.46663664218122625 0.5333517488417827 0.6001218516786945 0.6667586631481948 6.160534867129759E-14 0.8001208218270601 1.3263886935101764E-11 0.016845161484672178 
0.9925491533349992 0.06644983023515376 1.0499984967500455 1.0999999999551002 0.26655360937037464 1.0999999999999615 0.39988092189779223 0.46664279900074573 0.5333495174723247 0.6001427296123736 0.6667586569614569 6.58357901927202E-13 0.8001208181211492 2.601653330567442E-9 0.01684544233649969 
1.0008531910995366 0.0664708014204671 1.049994166612001 1.0999999980800457 0.2665536002518114 1.0999999999974983 0.3998758130217326 0.466636711997832 0.5333508044842108 0.6001430177415432 0.6667586621201808 6.1287665731517275E-15 0.800120821692415 3.004842745347938E-11 0.01684516321495615 
1.0087177752638208 0.06647141379290958 1.0499973024570084 1.0999999403270977 0.2665559508549596 1.0999999999847103 0.3998940843485365 0.46664150941183996 0.5333556397937542 0.6001426757634885 0.6667585026076923 6.398984269006593E-13 0.8001208264878574 1.3604579736359616E-11 0.016851562999060588 
1.0161730139905734 0.06644344096718409 1.0501268389224971 1.0999980119069153 0.2666102240199518 1.0999999988531899 0.39987105221080205 0.4666475721635987 0.533342273932981 0.6001227219561737 0.6667586621360267 4.672810369175853E-13 0.800120815854665 3.8095456175522774E-8 0.016845162018155776 
1.0232501707841644 0.06644335583112872 1.049999165792254 1.0999989171667903 0.26655594925750625 1.0999999999803454 0.40040649574153064 0.46664779797377803 0.5333554791949044 0.6001431357617041 0.6667586572554303 5.264145959132177E-13 0.8001200827594128 2.593049174728709E-8 0.01674942418097532 
1.0299110587335476 0.06644336361112937 1.0501396605981559 1.0999954199302266 0.2665550447718229 1.099999999122618 0.40040885214667715 0.4666367596948283 0.5333762957183209 0.6001240479791767 0.6667586614625992 2.0514575113069588E-15 0.8001191787823705 6.433809523109021E-10 0.016846250426519216 
1.036197419761162 0.06694834153944086 1.0499915923241059 1.099999968939751 0.26661101728929054 1.0999999932571831 0.40040472542049055 0.46663561358404576 0.5334640013248236 0.6001393746025739 0.6665908506765332 1.1267917191717683E-12 0.8001292458127812 6.4700532522252976E-6 0.016616167789359305 
1.0421165528831442 0.06644554503259777 1.0501268929375822 1.099999816097161 0.2666086202807617 1.0999999988548186 0.40040648728062933 0.46664783729897724 0.5333493585339664 0.6001226116699229 0.6667607645804307 4.672810369175853E-13 0.8001389413253684 5.037689468200101E-9 0.016752837601252055 
1.0476263414972868 0.06644964549516869 1.0509978845043821 1.0999946505902247 0.266555788921711 1.0999999987068647 0.4004060807400373 0.46668619629389163 0.5333434224574051 0.6001334790737326 0.6665925843704635 1.126405244806344E-12 0.8001407912850631 6.596652139391153E-6 0.016821285437302762 
1.0528107719577628 0.06644978807995114 1.0499385150870328 1.0999320556351277 0.2665611495354127 1.0999999999393395 0.4003745691587456 0.4663152967795204 0.5333454354846938 0.6001206215976036 0.66695451775846 4.1736167699981476E-11 0.8001204389993523 2.8181442966305478E-8 0.01683201953941133 
1.0576668732917778 0.0664416824458002 1.0499434594013344 1.0479979265595583 0.26656290069577804 1.0999999998378291 0.4004100216728207 0.4663195678645951 0.5333490819283226 0.6001209735006937 0.6669584405738854 4.299992384201824E-11 0.8001204555229466 2.1284729439879193E-7 0.01683170073700625 
1.0621588752493099 0.06645976696624589 1.0496825381326014 1.0999910452066077 0.2665732291236848 1.0999999978216684 0.3999365945677137 0.4668074711715492 0.5330486055879167 0.6002068691964996 0.6667612323533547 7.219415140645298E-10 0.799857736128372 1.0690114405489359E-7 0.016733656159278677 
1.0663489200449219 0.06635003508642226 1.0510656155396225 1.0999997539176267 0.26660814896436597 1.0999999768290087 0.4003346117552842 0.4666475073137554 0.533355711789063 0.600119239130824 0.6667687422101101 1.589157790693828E-11 0.8000199750854706 1.6822075638064395E-7 0.017294817726673392 
1.0702314093661784 0.06644212290996057 1.0501329374710944 1.0999995658324504 0.2675978462388498 1.099999997913481 0.39991515165593305 0.4666189166220235 0.5333455000517209 0.6001192357610693 0.6669515990461884 5.476192275400049E-10 0.8002691329981064 4.6749107100947627E-7 0.016888099257399227 
1.073774923130976 0.06646274618731854 1.0496770326418807 1.0999965686262123 0.26657188093549844 1.0999999999191628 0.3999423736118067 0.46679561538674086 0.5331825206914395 0.6002112498431588 0.6666621838646966 7.197073120956335E-10 0.7998591113001695 3.893010241968608E-8 0.016731901306059678 
1.0770995376091639 0.0664333586747558 1.0496358888795152 1.099999752676852 0.266518383767024 1.099999997810539 0.4003652993387175 0.46680579751248663 0.5333153013935268 0.6001199694196513 0.6666651737610494 5.850151582818723E-10 0.8002691329981064 1.6517109447619095E-7 0.016727405653902117 
1.080114236132468 0.06635697238873241 1.050199900019493 1.0999874742120792 0.2665380287053919 1.0999999997149614 0.3999421075872725 0.4668531122392013 0.5333582195962956 0.6001187709602924 0.6667696701012404 5.455218746576361E-10 0.8000166950548965 1.0272844617050103E-7 0.014999999051553107 
1.0828471617032063 0.06683326722623548 1.0501110378884875 1.0999967111404516 0.2665212380074367 1.0999999999954688 0.4003360042085067 0.46680199452296106 0.533349924626255 0.5996498781573966 0.6669748633912717 1.740757724999575E-11 0.800017119410353 3.557393068568771E-8 0.01665834222904072 
1.0853616418244676 0.06683583875169845 1.0501282231700995 1.099830921966031 0.2664534210080174 1.0999999809669008 0.40037587647793677 0.4665910520003441 0.5337613333799824 0.5996579062438415 0.6669719032663047 9.548729062894773E-12 0.8000168359414859 3.0987307507383855E-7 0.01666015860165903 
1.087641129329877 0.06600682385984646 1.0502273770162023 1.0999885350095882 0.2665761248141993 1.099999999751788 0.400993694192706 0.46687263278956265 0.5331567140641588 0.6003050546289631 0.6667708071904686 3.6142892457766496E-9 0.8001889422599452 1.0010517395230303E-6 0.01683059096390961 
1.089671456127557 0.06683735649938866 1.0502152500668174 1.0999990465435017 0.26650588230538724 1.0999999997821748 0.3998690073740631 0.4666330491535577 0.5345215326576155 0.5996719310787985 0.6667530464426699 4.1148732788483756E-9 0.8000183372420656 1.8270561476633434E-8 0.016838390828427186 
1.0915038333888294 0.06606604551918371 1.0499319999200123 1.0999999813630974 0.2665188674176304 1.099999999592862 0.3999180441966805 0.4666325360287359 0.5329362559263581 0.6001455458352962 0.66677708889398 1.076864841030892E-9 0.8000205708545456 7.469386014161127E-7 0.016837521900468215 
1.093129264102366 0.06606604551918371 1.0499416304192133 1.0999999909280522 0.2665188674176304 1.099999999592862 0.399896944335022 0.4666325360287359 0.5325544397521786 0.5996876352450117 0.6667787166111177 1.1077999945382884E-9 0.8000155599079605 7.466718594475428E-7 0.04959440907371436 
1.0945379043452097 0.06602512372736905 1.0502081667581888 1.0999995813380286 0.2665068056349606 1.0999999997821748 0.4010345874990632 0.466868277784864 0.5345215326576155 0.5996719310787985 0.6667530464426699 2.0713438909371815E-8 0.8001859382602801 1.8270561476633434E-8 0.016838390828427186 
1.095774292061774 0.06649894487030204 1.0712283565097738 1.0999996879624567 0.26660287564948926 1.099999920960998 0.40099760807877305 0.466632360286468 0.5333583232280629 0.6002719381845386 0.666375506770079 3.095409362151839E-8 0.8001850002310952 4.543584431061475E-6 0.01685003520398929 
1.0968321056964592 0.06694874887587779 1.050035886403912 1.0999902274571765 0.2665199328317005 1.099999997126527 0.400936554379838 0.4664440625703536 0.5326854037240951 0.600012784273899 0.6663522758891745 3.1048203288394634E-6 0.8002281885066578 7.343359068026597E-7 0.01693883904765561 
1.0977118598411368 0.06695354082205685 1.0497357044883489 1.0999994145467042 0.26651171287016834 1.0999999999102332 0.40038787334823445 0.46686751264678705 0.5330294079052172 0.6002809880553727 0.6668977390234537 9.811516813240226E-10 0.8001905204050318 2.5864614649781127E-6 0.016826542861210415 
1.0984420173498197 0.06695491549146985 1.0431375970029848 1.0999998028936044 0.26656641810888154 1.0999998987291062 0.4009365455532039 0.46661734840351676 0.5330061301605982 0.6000051133276861 0.6668977301890231 2.393690500328176E-9 0.8002371984685704 1.2492657991175984E-7 0.016826491838700452 
1.0990215124579814 0.0668599141546441 1.0498296976505401 1.0999996883840282 0.2665670504608916 1.099999994244641 0.4009287092554698 0.4666482086941107 0.5330257846751636 0.6001220638566187 0.6668780947021512 1.1043439076270386E-9 0.8002317978167209 2.16657230821798E-6 0.016849959877807328 
1.099461298743195 0.0669508385830109 1.0497357044883489 1.0999994052397957 0.26658354994257083 1.099999999907059 0.4009352071868417 0.4668643799509606 0.5330294079052172 0.6002792850706672 0.6668977390234537 1.0058253057671516E-9 0.800189867231713 2.6126920876516955E-6 0.016826542861210415 
1.0997653065623092 0.06695357501635425 1.0498118385576691 1.0999998028936044 0.26732755473622344 1.0999999228346866 0.40093519372575265 0.46661734840351676 0.5330061301605982 0.6002769380594266 0.6668977301890231 2.51641127149413E-9 0.8002371702737002 8.183562022910192E-8 0.016826491838700452 
1.0999416053375326 0.06694843676841998 1.0526202570338645 1.099938740682871 0.26733045800051936 1.0999999211545508 0.40040838247799276 0.4666148641290016 0.5330421064898 0.6002837589807374 0.6668731207568743 3.2249447651795526E-8 0.8002416084387781 1.0079618776565895E-4 0.01661388007401184 
1.0999999997691636 0.06695495176779284 1.0497383850213882 1.0999847227808819 0.2665664371673765 1.09999999924155 0.4009353186573806 0.46689469540784645 0.5330062406147962 0.6000046875908461 0.6663372733073173 2.4624693290081532E-8 0.8001858385894935 3.3389801942332124E-8 0.016833352555455226 
