0.019794703641513235 0.9907631466871186 
0.021972019883561136 0.9895686786947998 
0.026212267331411826 0.9852978980514822 
0.03193563033765151 0.9823491919878724 
0.0381042345588772 0.9750879289765031 
0.039947593168265266 0.9731572796729125 
0.053646175568571396 0.963985812719113 
0.05366795646342849 0.963935080026335 
0.05765188133202812 0.9605866012892682 
0.05815186532096388 0.9601652610268478 
0.08547125089081124 0.9564477581704286 
0.08670906100337572 0.9358208911990034 
0.11593314055514602 0.9241420000842617 
0.11631217672398965 0.9192576578676449 
0.11803516547184757 0.9138406802084879 
0.2370292133294644 0.820524120489174 
0.2498575704144606 0.8090790553975191 
0.25111119216233196 0.7956673095857684 
0.2898109282767669 0.7934993484767535 
0.29719141233098173 0.7836703043606944 
0.2991243083691308 0.7603151267540483 
0.2991244242179994 0.7505327607535935 
0.2991244248478062 0.7505157558505784 
