0.019794703641513235 0.9531222243790343 0.9566313299678274 0.9602305712934004 0.9653636992804355 0.9692916028678351 0.9736176372267861 0.9765180699284247 0.9801714830979584 0.9824332323818435 0.9858997099056049 0.9883043791859453 0.9914585516000552 0.9941936079565769 0.9989570092473342 
0.021972019883561136 0.9538971731926529 0.9566313299678341 0.9601653991839565 0.9655002245866707 0.9692916028678351 0.9736176672851358 0.9765177520683238 0.9793068767845318 0.9824332071406426 0.9859353574416354 0.9883013537684356 0.9914569428471411 0.9942742486414677 0.9989631603173491 
0.026212267331411826 0.9531257461423209 0.9566313299678341 0.960208218898348 0.9655002245866707 0.9692916028678351 0.9736176672851358 0.9765212672533303 0.9793068767845318 0.9824362702097145 0.9859347515602952 0.9883014628157054 0.9914569428471411 0.9942742486414677 0.9989631603173491 
0.03193563033765151 0.9538598362695054 0.9566313299681174 0.9601669659474533 0.9668118569585574 0.9692916028678351 0.9736175657064986 0.9765178695540674 0.9801714830979584 0.9824332323818435 0.9858993355369 0.9883013534201189 0.9914569403798417 0.9942756872212054 0.9989660268537889 
0.0381042345588772 0.9531222243790343 0.9566313299678274 0.9602064057042763 0.9653636992804355 0.9692917838495562 0.9736175944895495 0.9765180761069139 0.9802213165958366 0.9824332323818435 0.9858660626132755 0.9883043791859453 0.9914573993511353 0.9943577727640328 0.9989563710946721 
0.039947593168265266 0.953905189121336 0.9566292302129163 0.9614464576207884 0.9653549204710165 0.9690845677227854 0.9736114609961327 0.9765178750353485 0.9802216177838516 0.9824800097984121 0.9858666272049498 0.9883013416003 0.9914251918148347 0.9943547472668863 0.9989631768933 
0.053646175568571396 0.9538054465552805 0.9572925353524968 0.9599131199106917 0.966768790954557 0.9690897264971896 0.9736837160001742 0.9765184389439491 0.9793030025918574 0.9824860252171862 0.9858997801741084 0.9882960657409373 0.9914278719736787 0.9943589397998419 0.9989527761401528 
0.05366795646342849 0.9538054465552805 0.9572931656652253 0.9599131199106917 0.9667654863952048 0.9690897264971896 0.9736837160001742 0.9765184389439491 0.9793030025918574 0.9824860252171862 0.9858997801741084 0.9882968305010299 0.9914736510386868 0.9943256785802584 0.9989527761401528 
0.05765188133202812 0.9538054465552805 0.9572925353524968 0.959913120152583 0.966768790954557 0.9691277591576248 0.9736837160001742 0.9765184389439491 0.97930250565364 0.9824714427098648 0.985899779479426 0.9882960657409373 0.9914278719736787 0.9943589397998419 0.9989527747783336 
0.05815186532096388 0.9538054465552805 0.9573247742536056 0.959913120152583 0.966768790954557 0.9691277591576248 0.9736837160001742 0.9765184389439491 0.97930250565364 0.9824714427098648 0.9858966025989415 0.9882960388514063 0.9914278719736787 0.9943589397998419 0.9989527747783336 
0.08547125089081124 0.948848327903997 0.955548821446956 0.9589301673837525 0.9667688053074373 0.9692833172525107 0.9736319521833534 0.976211062145525 0.9793223019445784 0.984569352195426 0.985782870680121 0.9882909898827538 0.9914269645513536 0.994238716685533 0.9949469420996622 
0.08670906100337572 0.9540182829632812 0.9566432266193501 0.9592126742832998 0.9653903904499248 0.9692493762697204 0.9739737097708288 0.9765236039380262 0.9793223019445784 0.9820040822567656 0.9864615287231847 0.9885906134112535 0.9913955012715302 0.994491524009524 0.9985400772323503 
0.11593314055514602 0.9537747358802781 0.9566291580802024 0.959213288515285 0.9669945503794902 0.969249758802446 0.9739771010514804 0.9765235458582101 0.9768087606517342 0.9820040377609638 0.9859411462275972 0.9885955233039683 0.9913206872894957 0.9944913544767645 0.9955302168382967 
0.11631217672398965 0.9487970598039484 0.9555495460355743 0.9597542729368398 0.9670461164928569 0.9692816668143204 0.9736323120869477 0.9765189154563466 0.9793227092170598 0.9820038791928182 0.9865114386554361 0.9885904287422249 0.9914177076187056 0.9946626456978257 0.9985492881263697 
0.11803516547184757 0.9540019482317234 0.9566312739509348 0.959213288515285 0.9669945489534734 0.9692815547475406 0.9739771010514804 0.9765232866949612 0.9792805823706874 0.9820040377609638 0.9859411462275972 0.9885955233039683 0.9915734142718076 0.9944672323161384 0.9955302168382967 
0.2370292133294644 0.9540426831705195 0.9566178728672158 0.9645534856159009 0.9670394458534732 0.9692812181901757 0.9740224496859187 0.9764994455597469 0.9792663139363869 0.9820232998894096 0.985939512644867 0.9908786386122866 0.9913615811257303 0.9947622097779985 0.9955255056178264 
0.2498575704144606 0.9537000778883257 0.9572893121684956 0.9645442289120557 0.9670085404053856 0.9692973319417592 0.9735895190639278 0.9765188152071816 0.9819148515999534 0.9834287598877738 0.9858489315965204 0.9905433859431503 0.9914739919796913 0.9944744429184665 0.9989647555013599 
0.25111119216233196 0.9537000778883257 0.9572893121684956 0.9602576058529732 0.9670085404053856 0.9692893872868381 0.9735895190639278 0.9765188152061675 0.9794817192606042 0.9834287598877738 0.9858489315965204 0.9882214945440047 0.9914739919796913 0.9944756481129966 0.9989647555013599 
0.2898109282767669 0.9531246316826706 0.9556691266017963 0.9648166794251541 0.9654276682157467 0.9691716410736904 0.973596812206541 0.9765331735123448 0.9819577350652224 0.9801232704142898 0.9859058178142024 0.9910151153181723 0.991370145230175 0.9948110465964065 0.9999702601938107 
0.29719141233098173 0.9529418648429439 0.9556288123119817 0.9590936648544099 0.9669491120512288 0.9691716410736904 0.9735848622054721 0.9765331735123448 0.9819564916134933 0.9801458751729873 0.9859078581349514 0.9908394825467784 0.9914309006252441 0.9948110465964065 0.9999710509469424 
0.2991243083691308 0.953077468634079 0.9556134854638543 0.9602793267619251 0.965421697578372 0.9691630655525824 0.9737195354424816 0.9765188143163528 0.9794255272215269 0.9827927725695552 0.9858651018102272 0.988284588982662 0.9916804869067549 0.9943468502528771 0.9999046247549137 
0.2991244242179994 0.9530774698079986 0.9575802436216204 0.961473913443006 0.9653857785596396 0.9691634655610862 0.9737007371190325 0.9765188143119437 0.9794258480759097 0.982776721327374 0.9858655907179502 0.9886084425008318 0.9917115314660018 0.9943576293096833 0.9988513542585316 
0.2991244248478062 0.9530774698079986 0.9575818464573592 0.9614340717663171 0.9653857788174266 0.969163466228209 0.9737007371190325 0.976518814307165 0.9794258480759097 0.9827796576069066 0.9859021852925332 0.9886085758455391 0.9917118886806532 0.9943576293424402 0.9988513547554391 
